"emp_no","last_name","first_name"
83586,"Saoudi","Nagui"
60810,"Streng","Geoffrey"
14886,"Krupka","Takahira"
420952,"Gomatam","Erez"
414273,"Lueh","Yannik"
204795,"Feldhoffer","Sivanarayana"
467919,"Bergere","Arnd"
447003,"Angelopoulos","Leen"
411809,"Luan","Patricio"
47778,"Benzaken","Lucien"
478144,"Pusterhofer","Basem"
279693,"Parveen","Visit"
231940,"Servi","JiYoung"
288912,"Smailagic","Gregory"
223071,"Serot","Yaghout"
96258,"Zaumen","Hailing"
35599,"Bahk","Hilari"
286920,"Esposito","Sanjit"
74710,"Setiz","Lein"
46401,"Baby","Janalee"
250722,"Auyong","Koichi"
479960,"Krichel","Boutros"
277169,"Foong","Abdelwaheb"
107634,"Sooriamurthi","Angus"
96868,"Shimshoni","Huan"
84925,"Ertl","Saniya"
219668,"Kalafatis","Alair"
86580,"Zizka","Billur"
274284,"Jording","Youssef"
427394,"Lakshmanan","Marek"
262921,"Kaltofen","Abdelaziz"
234754,"Walston","Jingling"
91786,"Rajala","Feiyu"
441003,"Dayang","Barton"
425198,"Ghandeharizadeh","Youpyo"
436936,"Lorho","Nevin"
432752,"Birrer","Huai"
69233,"Lund","Sigeru"
55864,"Hutter","Eldridge"
103443,"Dalton","Mari"
241997,"Peng","Toshiko"
20549,"Syrzycki","Arie"
268681,"Emiris","Macha"
404257,"Kilgour","Sasan"
449113,"Riefers","Fumino"
41011,"Yurov","Geoff"
448610,"Laventhal","Parke"
284388,"Pulkowski","Haldon"
428182,"Colorni","Shirish"
421101,"Chinin","Branimir"
32999,"Prenel","Ramzi"
434817,"Androutsos","JoAnna"
438213,"Zultner","Lorien"
288007,"Perko","Xuejia"
261395,"Highland","Hironobu"
17573,"Deverell","Berthier"
470354,"Oberman","Kazuhisa"
251161,"Mahmud","Yurij"
245587,"Badr","Yuuichi"
88459,"Blokdijk","Huai"
463866,"Riefers","Radoslaw"
99917,"Peternell","Aleksandar"
454754,"Skogmar","Bernd"
85121,"Eterovic","Elvia"
108729,"Vesel","Jiang"
85285,"Besselaar","Sastry"
65863,"Gips","Duro"
224987,"Katiyar","Tse"
445707,"Braccini","Shen"
405355,"Servi","Serap"
33685,"Reutenauer","Xiaoqiang"
481958,"Serre","Zhilian"
70000,"Selvestrel","Jiang"
417314,"Moehrke","Giordano"
15805,"Montresor","Gretta"
54492,"England","Odinaldo"
76850,"Rotem","Shan"
230629,"Bednarek","Sibyl"
282710,"Perri","Dietrich"
100939,"Kaiser","Sukumar"
61838,"Kadhim","Yuchang"
236671,"Spieker","Zhenhua"
279884,"Birrer","Dayanand"
263922,"Krzyzanowski","Radhia"
104693,"Kavraki","Alexius"
444338,"Dehkordi","Djelloul"
220013,"Kaminger","Herbert"
93962,"Erdi","Prasadram"
286418,"Daescu","Tomokazu"
44157,"Schwartzbauer","Erzsebet"
420764,"Whittlesey","Raimond"
288517,"Kuzuoka","Sukumar"
42411,"Picaronny","Junsik"
220725,"Luders","Kristine"
299692,"Mitina","Seshu"
200621,"Wursthorn","Boutros"
69716,"Lakshmanan","Duangkaew"
57082,"Papsdorf","Terresa"
12629,"Siksek","Kensyu"
458357,"Begiun","Van"
296368,"Warwick","Annemarie"
239581,"Marquardt","Guangming"
85517,"Terlouw","Alselm"
39158,"Sewelson","Leah"
238438,"Merro","Van"
413057,"Sewelson","Van"
424811,"Reutenauer","Tomokazu"
417192,"Lueh","Sailaja"
19073,"Trelles","Sajjan"
89422,"Cangellaris","Foong"
46910,"Maccarone","Marsja"
231830,"Berendt","Takanari"
241103,"Shimshoni","Yucel"
270271,"Haumacher","Vidar"
267675,"Gopalakrishnan","Susuma"
220010,"Mitzlaff","Duro"
418397,"Dredge","Shichao"
234086,"Rusmann","Utpal"
94122,"Gurbaxani","Chaoyi"
409549,"Schreiter","Shuichi"
213330,"Cairo","Angel"
449164,"Onuegbe","Malu"
224691,"Esposito","Shir"
69779,"Murtha","Takanari"
441315,"Smeets","Shem"
215876,"Krychniak","Akeel"
96457,"Douceur","LiMin"
21274,"Saoudi","Uwe"
10431,"Bugrara","Patricio"
216115,"Olivero","Adamantios"
411830,"Zedlitz","Horward"
238053,"Baca","Lein"
441803,"Narlikar","Gudjon"
102589,"Setlzner","Rasiah"
34810,"Kakkar","Jianhao"
213228,"Iwayama","Itzchak"
253192,"Verhaegen","Ronnie"
481213,"Haldar","Shigehiro"
446889,"Millington","Gaurav"
57028,"Hellwagner","Yuchang"
263599,"VanScheik","Fen"
431112,"Baumann","Willard"
263690,"Gubsky","Janalee"
403830,"Cyne","Padma"
229891,"Babb","Zhenbing"
222145,"Huttel","Zhiwei"
54233,"Nivat","Stabislas"
446477,"Kaminger","Sastry"
61419,"Przulj","Zhenbing"
274068,"Arlazarov","Yuuichi"
55826,"Angelov","Akemi"
18246,"Asser","Fumino"
210001,"Delaune","Xiaoqiu"
39115,"Mungall","Subir"
39513,"Delgrande","Isamu"
20967,"Setiz","Bingning"
294225,"Glinert","Tetsurou"
267940,"Schwartzbauer","Janche"
248077,"Perko","Francoise"
288483,"Azulay","Kensyu"
267691,"Bierbaum","Xiaopeng"
84839,"Masamoto","Ulises"
12870,"Pfau","Elvis"
269019,"Mundy","Vasiliy"
441326,"Raczkowsky","Rimli"
244185,"Schaaf","Ashish"
274337,"Shobatake","Richard"
90049,"Fetvedt","Weiye"
26031,"Iacovou","Kristine"
66800,"Sundgren","Bernd"
436930,"Zedlitz","Yannik"
202547,"Alpin","Patricio"
474731,"Swist","Fusako"
263736,"Wissmann","Serge"
22840,"Beznosov","Gaurav"
281794,"Flasterstein","Shaz"
33075,"Gladwell","Mads"
404566,"Sinicrope","Xiaoqiu"
258829,"Beznosov","Aimee"
239606,"Brookman","Susanta"
14747,"Leppanen","Toong"
476765,"Bugaenko","Ishfaq"
410861,"Kleiser","Subhada"
261449,"Zolotykh","Sampalli"
31429,"Bernini","Matk"
93254,"Cichocki","Shigeo"
211626,"Fraisse","Becky"
80074,"Waleschkowski","Girolamo"
47571,"Saoudi","Vugranam"
433111,"Schmezko","Apostol"
56618,"Alpay","Vidar"
411949,"Gischer","Uli"
38334,"Morris","Shiv"
94602,"Mullainathan","Yurii"
414135,"Picel","Deniz"
97466,"Marwedel","Valdiodio"
83103,"Perez","Zhaofang"
106810,"Denti","Boaz"
19381,"Holburn","Xiahua"
430051,"Rodier","Muneo"
30214,"Demir","Patricio"
60148,"Honglei","Yuichiro"
285083,"Pettis","Zdislav"
250468,"Vidal","Morris"
231604,"Ruemmler","Kensei"
72609,"Guting","Baziley"
292626,"Bale","Sandeepan"
429126,"Sevcikova","Radhakrishnan"
407408,"Chaudhuri","Chaitali"
467189,"Akiyama","Ingmar"
412721,"Speel","Kristinn"
400312,"Kisuki","Shalesh"
62746,"Syrzycki","Jenwei"
474525,"Wilharm","Jovan"
471604,"Kropatsch","Nevio"
462884,"Bazzichi","Poorav"
18751,"Bellone","Kien"
415470,"Nergos","Werner"
287025,"Qiwen","Hironobu"
284919,"Erev","IEEE"
107843,"Conti","Kazuhide"
296018,"Schach","Ronnie"
291515,"Clouatre","Arne"
224977,"Savasere","Rafols"
37825,"Schaaf","Tran"
12464,"Milicic","Shai"
449349,"Fiebach","Palash"
213159,"Picco","Arto"
73079,"Prenel","Erzsebet"
279185,"Aloisi","Xiaoqiu"
229133,"Jenevein","Geoffry"
78294,"Boissier","Armond"
66649,"Bednarek","Mana"
22759,"Ghandeharizadeh","Sedat"
409835,"Thibadeau","Siamak"
263229,"Ventosa","Jeanne"
463463,"Klerer","Katsuyuki"
299453,"McFarlin","Aran"
99148,"Luit","Ronghao"
68764,"Ghalwash","Jianhui"
225339,"Conti","Toshimo"
48071,"Dulay","Rafail"
16858,"Gustavson","Akeno"
265533,"Shrader","Muneo"
46889,"Schiper","Akeno"
216930,"Skogmar","Marco"
51130,"Nooteboom","Percy"
60428,"Haldar","Ulises"
11359,"Jayawardene","Subhrajyoti"
230423,"Sluis","Kish"
87366,"Rubsam","Aria"
31483,"Speel","Constantino"
438481,"Lanzelotte","Billur"
437784,"Dolinsky","Serap"
252228,"Ratzlaff","Owen"
98148,"Mansanne","Bangqing"
439938,"Soloway","Eben"
41028,"Miara","Augustine"
28369,"Nourani","Ronghao"
454512,"Conti","Isaac"
43659,"Pouyioutas","Aron"
297743,"Renear","Ranga"
55835,"Waymire","Nechama"
78420,"Danlos","Heon"
201631,"Shihab","Zhanqiu"
38505,"Marciano","Erez"
416144,"Vesna","Bezalel"
66861,"Lammel","Berthier"
79248,"Melton","Sergi"
410281,"Ghelli","Kitty"
50429,"Berztiss","Mikhail"
17146,"Barbanera","Aemilian"
263788,"Busillo","Waiman"
476492,"Dichev","Gully"
83609,"Kolvik","Faiza"
34496,"Butterworth","Raimond"
285736,"Begiun","Boaz"
263224,"Flanders","Sivanarayana"
407352,"Melski","Dekang"
263786,"Waeselynck","Caolyn"
401623,"Lindqvist","Palash"
102880,"Constantine","Boriana"
467705,"Fendler","Jayesh"
420776,"Anger","Dhritiman"
38763,"Angelov","Froduald"
462958,"Kabayashi","Utpal"
443907,"Botman","Arto"
443557,"Androutsos","Ute"
62800,"Reeker","Jungsoon"
428893,"Speckmann","Ranga"
80400,"Khalid","Lijia"
473521,"Katalagarianos","Malu"
254162,"Taubman","Chenye"
206307,"Skrikant","Ramzi"
202013,"Luders","Tremaine"
70895,"Valette","Masasuke"
473366,"Lorys","Fumino"
107701,"Gist","Fumiyo"
296562,"Iivonen","Saeed"
463798,"Ligten","Babette"
84755,"Gihr","Qiwen"
212124,"Foong","Tzvetan"
469129,"Pouyioutas","Maik"
243294,"Speckmann","Lein"
214720,"Luders","Tadahiro"
82851,"Gopalakrishnan","Radhia"
251472,"Huxford","Anwar"
202347,"Brandsma","Giordano"
283119,"Benzaken","Guoxiang"
103378,"Sridhar","Tremaine"
206427,"Otillio","Nobuyoshi"
71203,"Picco","Aiman"
476223,"Ibel","Golgen"
238505,"Camurati","Falguni"
67886,"Itzigehl","Marco"
44172,"Serot","Zhaofang"
462911,"Kusakabe","Shay"
87439,"Boyle","Nikolaos"
440346,"Perez","Petter"
459319,"Gill","Thodoros"
410096,"Tempesti","Yishai"
217264,"Rabejac","Rosalie"
33122,"Kalorkoti","Angel"
474815,"Alpin","Jaroslava"
84856,"Gips","Shigehito"
210197,"Spelt","Jaques"
65083,"Yetto","Rafail"
286785,"Munro","Van"
70864,"Zwicker","Changho"
432159,"Michaeli","Manibrata"
213082,"Feldhoffer","Jayson"
201141,"Zielinski","Jiafu"
468310,"Syang","Leon"
410977,"Warwick","Vitali"
466291,"Krohm","Jaewon"
468563,"Pargas","Menkae"
268355,"Petereit","Gregory"
107828,"Walston","Ramya"
105934,"Langford","Gor"
430831,"Pezzoli","Prodip"
426014,"Ranka","Nahum"
419688,"Raney","Nechama"
285298,"Biron","Tomoyuki"
267808,"Whitcomb","Yahiko"
279954,"Gien","Raimond"
460117,"Berstel","Bernice"
466823,"Cardazo","Tremaine"
220418,"Laventhal","Poorav"
15046,"Prochazka","Marin"
465921,"Tramer","Shuky"
76217,"Hiroyama","Ranan"
441757,"Pargaonkar","Basil"
471192,"Laventhal","Bernt"
435327,"Geffroy","Takahito"
287829,"Baranowski","Trygve"
478749,"Cmelik","Hatem"
43424,"Kirkerud","Gill"
274812,"Langford","Gurbir"
49321,"Spelt","Pintsang"
247740,"Gelosh","Tsz"
94624,"Moehrke","Xuedong"
63881,"Fargier","Arto"
35169,"Capobianchi","Bartek"
32161,"Pezzoli","Willard"
22503,"Rohrbach","Weidon"
419004,"Karlin","Lalit"
94348,"Rodite","Stepehn"
86367,"Bage","IEEE"
58462,"Paciorek","Ronnie"
248071,"Encarnacion","Cathie"
77107,"Lupu","Adhemar"
64699,"Ananiadou","Jaana"
69659,"Chleq","Hongzhu"
419040,"Lammel","Feixiong"
238552,"Makinen","Marke"
273658,"Lipner","Jaana"
241553,"Gurbaxani","Nathan"
237065,"Kalafatis","Olivera"
37326,"Nanard","Mohit"
420190,"Rusmann","Christfried"
472430,"Pellegrinelli","Lalit"
93202,"Pettey","Barton"
420291,"Harbusch","Serif"
34784,"Uludag","Gererd"
275558,"Muhling","Vishu"
212212,"Serot","Chenyi"
28555,"Wendorf","Kankanahalli"
229782,"Moffat","Hidefumi"
409444,"Breugel","Kannan"
229180,"Magliocco","Miquel"
220710,"Granlund","Manohar"
452922,"Kusakari","Chanjung"
49487,"Cunliffe","Hatim"
297666,"Renear","Eldridge"
401858,"Backhouse","Dipankar"
405667,"McDermid","Makato"
32522,"Fabrizio","Gurbir"
474345,"Pleszkun","Mohd"
34011,"Cronau","Hugo"
277151,"Benveniste","Kirk"
261606,"Sooriamurthi","Souichi"
60881,"Nourani","Ugo"
440206,"Bellmore","Saniya"
292396,"Czaja","Heejo"
221309,"Lunn","Bogdan"
38966,"Schoegge","Sanjai"
447217,"Schwabacher","Aloke"
410067,"Plump","Muzhong"
268528,"Luby","Udo"
246408,"Emmart","Mart"
478485,"Yeung","Nahla"
241839,"Ramaiah","Kristine"
438940,"Shackell","Mayumi"
434071,"Dymetman","Aruna"
221397,"Acton","Tremaine"
274829,"Bugaenko","Vidar"
251396,"Suessmith","Debaprosad"
446521,"Compeau","Margo"
255906,"Mandell","Hideyuki"
226118,"Haraldson","Haldon"
108732,"Koyama","JoAnna"
460971,"Lorho","Heekeun"
267550,"Peak","Kerryn"
430350,"Mandell","Shaunak"
238944,"Crouzet","Kazuhira"
215409,"Simmen","Kazuyasu"
249552,"Koblitz","Heather"
404391,"Lemarechal","Akeel"
455244,"Eldridge","Moriyoshi"
278265,"Erva","Xiaocheng"
258477,"Alencar","Petter"
262242,"Redmiles","Arvind"
86512,"Fordan","Anyuan"
63115,"Hettesheimer","Yakkov"
403867,"Chartres","Valeri"
436072,"Karcich","Yoshimitsu"
269869,"Leivant","Bokyung"
280918,"Codenie","Aamod"
254792,"Rajcani","Chandrasekaran"
228408,"Debuse","Bokyung"
108855,"Bamford","Xudong"
63255,"Shackel","Aloys"
210235,"Katzenelson","Toshimo"
47770,"Sridhar","Conrado"
35766,"Massonet","Huiqun"
415260,"Perry","Shunichi"
413964,"Jonsson","Guttorm"
405288,"Eldridge","Atreyi"
267635,"Peroz","Francesca"
94595,"Conry","Bingning"
449498,"Czap","Tua"
413788,"Jumpertz","Herbert"
271984,"Doering","Bikash"
453020,"Androutsos","Marsja"
214306,"Beetstra","Seshu"
57287,"Radhakrishnan","Bluma"
21831,"Doering","Ugo"
474296,"Lakshmanan","Doohun"
253868,"Karnin","Beshir"
105379,"Liedekerke","Zhiguo"
211435,"Schneeberger","Makato"
60545,"Trachtenberg","Bojan"
12756,"Braccini","Mohit"
270490,"Khasidashvili","Eben"
83607,"Kavvadias","Toshimo"
408618,"Hennings","Serenella"
467282,"Berendt","Chrisa"
448742,"Taubman","Valdiodio"
464867,"Pehl","Jaber"
250549,"Tagansky","Moon"
470176,"Lubachevsky","Richard"
213096,"Takanami","Mandell"
70030,"Pollacia","Shigenori"
10410,"Gecsei","Takahito"
79344,"Kroha","Morrie"
50369,"Gils","Shmuel"
442551,"Range","Navid"
69078,"Bierbaum","Tadahiro"
101944,"Wegerle","Dekang"
417484,"Narwekar","Charlene"
299608,"Schapiro","Sudharsan"
228352,"Tasistro","Kien"
53537,"Nooteboom","Shugo"
43929,"Laurillard","Xiping"
400797,"Bauknecht","Kristine"
441888,"Rosca","Jaewoo"
292220,"Ouhyoung","Danny"
263148,"Streng","Sasan"
245912,"Hooghiemstra","Kazuyasu"
74462,"Perz","Sampalli"
36082,"Baalen","Sibyl"
455773,"Aamodt","Aemilian"
103095,"Fortenbacher","Shuzo"
256960,"Spinelli","Xiping"
284655,"Nanard","Mohd"
32838,"Zielinski","Berni"
433686,"Katalagarianos","Kwangyoen"
401543,"Shimshoni","Avishai"
74148,"Sabnani","Nalini"
32418,"Chaudhuri","Arlette"
235524,"Itzigehl","Jolita"
35473,"Schoegge","Arno"
247162,"Businaro","Sudharsan"
450916,"Merlo","Wanqing"
81175,"Auria","Gonzalo"
296530,"Panangaden","Kamakshi"
211765,"Alameldin","Saeko"
275211,"Veccia","Mong"
231630,"Holburn","Roded"
402644,"Angiulli","Gianluca"
411305,"Ginesta","Kousuke"
279853,"Itschner","Szabolcs"
92904,"Kusalik","Bluma"
264754,"Benzmuller","Tesuya"
412406,"Parfitt","Hein"
224090,"Slobodova","Hironobu"
429357,"Fraisse","Jagoda"
82436,"Bernatsky","Domenico"
439925,"Luga","Marla"
475593,"Morrow","Mamdouh"
242885,"Mondadori","Billur"
245513,"Sooriamurthi","Valdiodio"
75118,"Pappas","Steen"
85904,"Rosar","Guangming"
251748,"Welham","Hilary"
75400,"Uludag","Tua"
93525,"Oxman","Shawna"
425129,"Ushiama","Xuejia"
444999,"Rosca","Arvin"
277890,"Ferretti","Fatemeh"
408313,"Muntz","Guenter"
226793,"Baez","Bluma"
462336,"Mawatari","Angus"
291646,"Wursthorn","Eldridge"
253770,"Turnbull","Florina"
100894,"Maierhofer","Aimee"
44131,"Kuhnemann","Raimond"
13417,"Condotta","Dipayan"
232349,"Naumovich","Steve"
481937,"Choobineh","Temple"
434187,"Lamparter","Gregory"
257504,"Baar","Marsha"
211280,"Rothenberg","Masato"
480113,"Taubenfeld","Bodo"
448605,"Haumacher","Bowen"
13690,"Osgood","Constantino"
201091,"Cangellaris","Susanna"
101505,"Gornas","Dietrich"
82386,"Neimat","Jiang"
415235,"DuCasse","Tran"
296261,"Herath","Anwar"
470115,"Raney","Dinkar"
56648,"Ranka","Mantis"
426917,"Stassinopoulos","Subbu"
105337,"Wuwongse","Wojceich"
88625,"Marzano","Ingmar"
408392,"Vesel","Katsuyuki"
48239,"Angiulli","Hongzue"
56880,"Vendrig","Parto"
266350,"Weedman","Byong"
464285,"Ducloy","Kwok"
13293,"Yurov","Neelam"
229143,"Suomi","Mabo"
217070,"Gargeya","Aksel"
23591,"Piazza","Jolita"
476675,"Chachaty","Rasikan"
431342,"Mapelli","Yoshinari"
231845,"Pardalos","Sigeru"
219983,"Bodoff","Takahito"
465686,"Henders","Boutros"
433069,"Leslie","Waiman"
294324,"Servi","Baziley"
37556,"Kirkerud","Jeanna"
58952,"Dredge","Aruna"
474840,"Dayana","Xiping"
460922,"Narahara","Charmane"
454072,"Gien","Basil"
84324,"Salinas","Yongmao"
86694,"Spieker","Shounak"
414150,"Waeselynck","Dietrich"
250073,"Bahk","Jiong"
400861,"Eastman","Amabile"
56660,"Veeraraghavan","Frazer"
202405,"Binkley","Sudharsan"
91566,"Rohrbach","Hongzue"
39909,"Ozeki","Nectarios"
39597,"Fetvedt","Gunilla"
67055,"Quaggetto","Kazuhito"
49671,"Terlouw","Mohamadou"
248567,"Vural","Vincent"
472849,"Peac","Jinya"
450231,"Anido","Minghong"
443161,"Masamoto","Subhrajyoti"
269380,"Pillow","Djenana"
253389,"Ghandeharizadeh","Gal"
21910,"Bolsens","Saeed"
415121,"Peot","Yechezkel"
285938,"Hiraishi","Serenella"
38306,"VanScheik","Mizuhito"
433013,"Staelin","Janche"
74683,"Clouatre","Takanari"
238214,"Kermarrec","Isaac"
269983,"Narwekar","Oguz"
481207,"Litzkow","Shigehiro"
51910,"Chenoweth","Rosli"
33372,"Merel","Babette"
438516,"Kranzdorf","Shir"
96521,"Imataki","Gro"
275975,"Cherinka","Yishai"
455026,"Paludetto","Falguni"
231034,"Coors","Xiaobin"
236570,"Rehfuss","Nevin"
107589,"Sidje","Subbu"
430699,"Mahnke","Holgard"
102294,"Peron","Djenana"
28923,"Lanteri","Lorien"
47007,"Giarratana","Chanjung"
468291,"Avouris","Mohit"
277019,"Cherinka","Toshimi"
96845,"Seghrouchni","Kazuhito"
37372,"Peot","Dietrich"
237438,"Kading","Junichi"
450718,"Janocha","Stevo"
228030,"Clouatre","Jixiang"
299176,"Cooman","Lubomir"
202666,"Janetzko","Akemi"
96947,"Khalil","Diederik"
440153,"Farrar","Mack"
425806,"Limongiello","Aemilian"
481833,"Morrey","Paddy"
467229,"Bonifati","Debaprosad"
243207,"Sabnani","Luisa"
274637,"Esteva","Fai"
96912,"Biros","Gro"
109611,"Lalonde","Jamaludin"
287456,"Jansch","Heejo"
274551,"Albarhamtoshy","Giordano"
12673,"Rajala","Jouni"
299902,"Erva","Hugo"
421545,"Tchuente","Richara"
418251,"Kolvik","Becky"
441455,"Benveniste","Shen"
402986,"Litzkow","Fatemeh"
448625,"Matzke","Honesty"
447754,"Krone","Lorien"
204110,"Kalsbeek","Shaw"
103036,"Honglei","Remmert"
97783,"Dalphin","Khatoun"
229345,"Falck","Remco"
218481,"Zaiane","Weijing"
52386,"Denti","Adas"
204875,"Brlek","Karlis"
450896,"Seghrouchni","Yucel"
220250,"dAstous","Basil"
72142,"Guerreiro","Hyuckchul"
32774,"Katzenelson","Margareta"
427192,"Calkin","Kersti"
481979,"Einsfeld","Kersti"
420151,"Maierhofer","Khoa"
103472,"Murrill","Jaroslava"
62677,"Lorch","Alexius"
451540,"Pena","Ramalingam"
432535,"Norsworthy","Make"
279292,"Frijda","Miomir"
444471,"Wendorf","Bernt"
266677,"Viele","Huai"
64781,"Koyama","Flemming"
258570,"Porenta","Sergi"
18419,"Antonisse","Aruna"
467231,"Boguraev","Tzu"
227151,"Erev","Shaibal"
403235,"Snyers","Gritta"
222701,"Delaune","Lein"
406777,"Yoshizawa","Billie"
427847,"Vernadat","Jeanna"
288138,"Tetzlaff","Iara"
23279,"Benner","Sergi"
233963,"Rindone","Saeko"
49039,"Huttel","Mountaz"
276185,"Chaudhuri","Taiji"
49209,"Kossowski","Edwin"
416739,"Jansen","Ung"
429954,"Gladwell","Renny"
275411,"Horswill","Feixiong"
15161,"Sanella","Sushant"
426732,"Cairo","Joydip"
271319,"Rosin","Hideo"
87457,"Sudkamp","Qiwen"
428759,"Neimat","Ohad"
414695,"Munro","Ziva"
272998,"Polajnar","Masako"
95722,"Conti","Pranay"
51071,"Schade","Goetz"
212734,"Soicher","Parto"
403832,"Roccetti","Brigham"
234870,"Restivo","Mayuri"
74831,"Kabayashi","Kwee"
282186,"Eiter","Abdelkader"
441669,"Chimia","Raimond"
274909,"Hegner","Shaw"
201048,"Mateescu","Dayanand"
428911,"Buescher","Mads"
31363,"Merli","Hidde"
414685,"Pehl","Nevin"
58025,"Dechter","Marlo"
55837,"Schaar","Elgin"
470042,"Rajcani","Kwangyoen"
37514,"Bale","Toshimitsu"
468942,"Matzat","Jouni"
216603,"Nations","Alejandra"
457802,"Merle","Radoslaw"
224138,"Falck","Suvo"
16485,"Klassen","Baruch"
280913,"Rassart","Moriyoshi"
21191,"Rusterholz","Jacopo"
269834,"Erde","Wuxu"
218019,"Gustavson","Kamakshi"
53682,"Cesareni","Behnaam"
88438,"Daescu","Zsolt"
83224,"Seuren","Alselm"
231230,"Rettelbach","Pasqua"
460510,"Zolotykh","Christfried"
58442,"Kamber","Guiseppe"
86523,"Bolotov","Shakhar"
243653,"Dengi","Chanjung"
294134,"McClurg","Zsolt"
269999,"Usery","Odysseas"
440572,"Gomatam","Shaowen"
478971,"Mansanne","Sumant"
421007,"Munch","Supot"
287685,"Egerstedt","Dhritiman"
275701,"Gerteisen","Mads"
274088,"Cronan","Katsuo"
270622,"Bierbaum","Feiyu"
240864,"Melter","Vishv"
271583,"Jenevein","Padma"
265132,"Aloisi","Baziley"
465896,"Kulisch","Yahiko"
426406,"Ritzmann","Irena"
33454,"Dichev","Yongqiao"
449070,"Hebert","Gennadi"
415674,"Wallrath","Dinkar"
203692,"Keohane","Xiaoqiu"
425138,"Delgrange","Kiam"
237409,"Heusch","Navid"
244177,"Champarnaud","Tzu"
109740,"Bahl","Jacqueline"
13335,"Akaboshi","Val"
51907,"Auria","Zeljko"
265566,"Mattern","Uli"
451745,"Khasidashvili","Shai"
295064,"Hertweck","Sadun"
93742,"Ushiama","Shay"
71957,"Zongker","Radhakrishnan"
441338,"Thebaut","Maria"
28707,"Bail","Karsten"
101848,"Kolinko","Jouko"
435154,"Vesel","Shigenori"
412790,"Zongker","Akeno"
76089,"Kilgore","Remzi"
40180,"Serot","Masato"
78084,"Rouquie","Bernardo"
74246,"Erdi","Tomofumi"
268434,"Kruskal","Nakhoon"
280613,"Baba","Genta"
211596,"Naumovich","Indrajit"
258329,"Whitcomb","Herbert"
230008,"Angelopoulos","Sajjan"
86806,"Hempstead","Xiaoqiang"
84038,"Zirintsis","Tiina"
241317,"Koshiba","Nakhoon"
20385,"Perelgut","Zhenbing"
67689,"Perin","Aran"
237726,"Papastamatiou","Udo"
409961,"Himler","Radhakrishnan"
286872,"Boissier","Sajjad"
472514,"McClure","Mads"
65993,"Polajnar","Suvo"
17019,"Sadowsky","Masoud"
404690,"Morton","Hidde"
265636,"Benantar","Arve"
481031,"Biran","Kerhong"
209089,"Bolotov","Zengping"
48818,"Welham","Monique"
214281,"Erez","Toshiki"
419882,"Moffat","Halsur"
46322,"Farrag","Harngdar"
425573,"Fortenbacher","Xuedong"
24578,"Vigier","Mani"
453404,"Makinen","Ung"
46359,"Demos","Renee"
13805,"Veldwijk","Barry"
470691,"DasSarma","Akeel"
60608,"Usery","Xiaopeng"
242650,"Cronin","Chenye"
225416,"Molenaar","Tremaine"
39924,"Mitina","Anestis"
237903,"Narlikar","Divier"
268537,"Middleton","Billie"
224756,"Chepyzhov","Jiafu"
70157,"Kaiser","Candido"
454025,"Rosenbaum","Arif"
442352,"Bellone","Horward"
256816,"Zedlitz","Rance"
88938,"Detkin","Rosine"
471694,"Kaiser","Tsvetan"
56812,"Merli","Ohad"
21546,"Lanteri","Yongmin"
413341,"Bage","Ravishankar"
88629,"Acton","Mayuko"
47949,"Carrera","Tuval"
478683,"Matheson","Irena"
290796,"Oxman","Kotesh"
36678,"Spataro","Adil"
61719,"Penttonen","Genevieve"
22863,"Denna","Petter"
97765,"Kolinko","KayLiang"
248864,"Rosiles","Mostafa"
72785,"Gips","Barna"
206073,"Nyrup","Tristan"
25147,"Zastre","Mayuri"
22418,"Chandrasekhar","Xinan"
108217,"Munoz","Mohan"
61776,"dAstous","Stafford"
22114,"Eiron","TRUE"
282601,"Matzat","Shay"
83089,"Siochi","Jaana"
18412,"Bauknecht","Leah"
412786,"Rubsam","Ronghao"
100353,"Taneja","Kannan"
210578,"Vandervoorde","Arnd"
461013,"Schrooten","Aamod"
94818,"Perly","Yuuichi"
34014,"Peroz","Elliott"
293092,"Kroha","Baocai"
293607,"Randi","Masaru"
60927,"Chvatal","Mack"
206270,"Gelosh","Shakhar"
479172,"Crouzet","Nobuyoshi"
417571,"Ambroszkiewicz","Geoffry"
200690,"Gente","Rildo"
255369,"Luft","Valeri"
68776,"Bratten","Demos"
97185,"Hmelo","Marsha"
90911,"Shinomoto","Aemilian"
20659,"Orlowski","Ziva"
443103,"Miara","Sudhanshu"
25039,"Puppe","Marin"
247683,"Nastansky","Georg"
456457,"Berendt","Irene"
460461,"Ghandeharizadeh","Pohua"
20889,"Sidhu","Elzbieta"
271882,"Chaudhury","Shaibal"
405175,"Smeets","Ulises"
78209,"Shackel","Sachin"
475823,"Brender","Hugh"
208463,"Pillow","Ipke"
464387,"Klassen","Shim"
228500,"Fontet","Martial"
439072,"Kavanagh","Snehasis"
436465,"Stafford","Mariangiola"
259902,"Pokrovskii","Elrique"
102135,"Einsfeld","Premal"
54851,"Journel","Shawna"
409486,"Dymetman","Jeane"
201925,"Alvarado","Persi"
444133,"Collavizza","Mircea"
422558,"Negoita","Aris"
69628,"Conia","George"
271757,"Miyakawa","Mona"
74440,"Crouzet","Hein"
404161,"Kopetz","Danco"
251940,"Conta","Tokuyasu"
252269,"Docker","Bernardo"
22243,"Neiman","Hidefumi"
224716,"Sridhar","Hitofumi"
79469,"Oberman","Yannis"
29066,"Farrag","Lubomir"
74731,"Kleiser","Hironobu"
61029,"dAstous","Lenore"
53239,"Osgood","Arunas"
32188,"Leuchs","KayLiang"
265885,"Samarati","Piyush"
258214,"Picaronny","Sandeepan"
40475,"Noriega","Deniz"
49115,"Engelmann","Xinan"
31137,"Ratnaker","Yolla"
461953,"Ballarin","Marie"
21956,"Hambrick","Nigel"
206131,"Azuma","Pintsang"
248921,"Esposito","Kersti"
69266,"Pfau","Masadi"
268667,"Piazza","Munir"
291012,"Gladwell","Itzchak"
475171,"Stroustrup","Saeko"
455501,"Hebden","Zhonghui"
435984,"Schauser","Abdelaziz"
421931,"Minakawa","Shiv"
227092,"Ranka","Chanjung"
80178,"Christ","Sanjit"
400338,"Horswill","Adil"
417909,"Shanbhogue","Alselm"
266214,"Swen","Tomofumi"
401179,"Kalloufi","Conrado"
76878,"Turnbull","Abdelwaheb"
477389,"Claffy","Abdulah"
44134,"Azevdeo","Uri"
431208,"Spelt","Sumant"
38511,"Gladwell","Jouni"
221034,"Velasco","Filipe"
40698,"Wissmann","Shan"
200519,"Janocha","Zhenhua"
83112,"Holburn","Morrie"
257621,"Ishibashi","Kiam"
93334,"Nitsche","Chirstian"
205777,"Ghandeharizadeh","Aral"
279160,"Uludag","Subhankar"
60718,"Swiler","Yifei"
285478,"Peris","Bodh"
239883,"Prochazka","Caolyn"
67752,"Levergood","Yuchang"
253862,"Ramsay","Stepehn"
273212,"Levergood","Narain"
273110,"Ashish","Xianlong"
97788,"Segond","Unal"
455319,"Pargas","Sandeepan"
402976,"Koblick","Toshiki"
453103,"Perry","Kiyotoshi"
426687,"Spelt","Gila"
414842,"Thiria","Baruch"
296332,"Rassart","Iara"
456358,"Escriba","Torsten"
30665,"Hitomi","Hideo"
297350,"Ghandeharizadeh","Richara"
227420,"Dusink","Toney"
229736,"Zyda","Zhongwei"
33904,"Bisiani","Haldun"
286521,"Syrzycki","Ortrun"
240670,"Tsukune","Radhia"
210681,"Mukaidono","Mandell"
77963,"Dolinsky","Iara"
14461,"Hitomi","Weicheng"
430955,"Heering","Mountaz"
445064,"Tramer","Jinya"
444990,"Terkki","Udo"
227642,"Baaz","Debaprosad"
288113,"Poujol","JoAnne"
256366,"Perly","Maya"
75325,"Bamford","Sanjiv"
452564,"Solovay","Anneli"
84497,"Vecchio","Ranan"
47053,"Fabrizio","Yonghong"
209350,"Collavizza","Weiwu"
207492,"Pfau","Yinghua"
82483,"Woycyznski","Nitsan"
264885,"Orlowska","Sudhanshu"
72107,"Samarati","Maia"
276473,"Shackell","Naftaly"
474290,"Zhiwei","Fei"
228875,"Zeleznik","Kazuhiro"
474073,"Vigier","Nishit"
231903,"Castellani","Krisda"
457245,"Cannata","Naftaly"
107838,"Gulak","Idoia"
101307,"Baja","Spyrose"
228493,"Underwood","Bilhanan"
406317,"Rabehasaina","Hinrich"
453532,"Speer","Billie"
280608,"Jiang","Atreyi"
254749,"Marshall","Dannz"
72117,"Egerstedt","Roddy"
11904,"Flasterstein","DeForest"
67234,"Dalton","Boalin"
235666,"Pocchiola","Mohua"
404280,"Pehl","Boutros"
21683,"Velasco","Jiang"
14375,"Eickenmeyer","Tokuyasu"
448098,"Chartres","Kasidit"
45701,"Sichman","Ranan"
458698,"Kohling","Christfried"
462273,"Thibadeau","Rosalie"
264638,"Melter","Kolar"
78524,"Bahk","Zhiwei"
51120,"Akazan","Demin"
256917,"Gide","Katsuo"
274756,"Cunliffe","Shaowen"
200869,"Garnick","Remmert"
284476,"Nitsch","Hironobu"
65797,"Armand","Kazuhiko"
64791,"Gerteisen","Dinkar"
44315,"Manderick","Toshiki"
63875,"Haldar","Uma"
38310,"Asmuth","Reuven"
454901,"Bruckman","Uriel"
428238,"Gire","LiMin"
108008,"Khamsi","Jiong"
264354,"Lamparter","Sreekrishna"
61781,"Rodham","Saddek"
82492,"Stellhorn","Hairong"
235277,"Casperson","Zine"
256750,"Peir","Jasminko"
235167,"Salverda","Arif"
422715,"Conde","Rafail"
232883,"Lorie","Gita"
226789,"Schmittgen","Khatoun"
420518,"Valtorta","Ioana"
57136,"Schueller","Hugh"
455776,"Dechter","Basim"
254591,"Lodder","Mamdouh"
401515,"Kampfer","Mary"
266241,"Kilgour","Ashish"
408652,"Byoun","Holgard"
455197,"Lung","Berna"
206245,"Velardi","Sreenivas"
478030,"Malabarba","Ymte"
211956,"Cyre","Maria"
233257,"Waeselynck","Mikhail"
13898,"Hiroyama","Oguz"
250244,"Muntz","Shunichi"
218948,"Peroz","Vugranam"
471396,"Itschner","Monique"
64983,"Huxford","Ziyad"
44452,"Haumacher","Itzchak"
24985,"Bottner","Martins"
97781,"Neimat","Divine"
298650,"Mullainathan","Uri"
408239,"Qiwen","Bojan"
46028,"Emmerich","Sakthirel"
12943,"Zucker","Kazuhide"
465264,"Pearson","Katsuyuki"
459054,"Perko","Mabry"
238218,"Setlzner","Richara"
216185,"Antonisse","Gurbir"
416630,"Schonegge","Eben"
13172,"Whittlesey","Mountaz"
271385,"Sgarro","Abdelwaheb"
42703,"Schrift","Zissis"
286317,"Waymire","Younwoo"
70799,"Giarratana","Aris"
234198,"Rosenbaum","Masanao"
22117,"Baja","Yaghout"
473902,"Stille","Heather"
427849,"Rindone","Mayuri"
473281,"Lowrie","Arch"
293498,"Karunanithi","Eben"
28557,"Moehrke","Bluma"
407445,"Karlin","Arlette"
285724,"Journel","Arvind"
58057,"Gargeya","Willard"
283435,"Schmezko","Takahiro"
471211,"Thisen","Goa"
454951,"Bauknecht","Weiye"
454182,"Cooke","Mack"
210652,"Legleitner","Parke"
202948,"Bruckman","Haldon"
26176,"Garnier","Waiman"
24759,"Sommen","Chaosheng"
200207,"Kobuchi","Sudhanshu"
299212,"Gente","Yaghout"
261543,"Gulik","Mario"
430414,"Piazza","Marlo"
239937,"Luit","Paloma"
287317,"Hiroyama","Gopalakrishnan"
270117,"Zhang","Siddarth"
82548,"Vecchio","Siddarth"
233796,"Jahnichen","Samphel"
418405,"Moffat","Izaskun"
206927,"Beeson","Elliott"
222388,"Percebois","Prasadram"
440370,"Gunderson","Fumiya"
438988,"Heering","Gunilla"
274100,"Worfolk","Chikara"
206650,"Salinas","Elrique"
212745,"Greibach","Marl"
465340,"Tsukune","Kristin"
271569,"Shigei","Tsz"
423171,"Mandell","Francesca"
433750,"Valette","Barry"
81196,"Hofstetter","Sigeru"
269690,"Unni","Visit"
233222,"Bugrara","Kwangjo"
75245,"Mellouli","Insup"
253908,"Schaaf","Honesty"
229041,"Schade","Elgin"
22083,"Prenel","Conor"
248220,"Glowinski","Vitaly"
57018,"Ossenbruggen","Weiyi"
273778,"Landherr","Maik"
33718,"Heiserman","Gennady"
474433,"Velasco","Lene"
412395,"Heydon","Karoline"
223881,"Junot","Padma"
413838,"Talmor","Boriana"
100141,"Hennebert","Uzi"
59382,"Ducloy","Gal"
240322,"Peck","Mansur"
89498,"Segond","Takahira"
445683,"Gilg","Ziyad"
222227,"Validov","Gilbert"
37579,"Yemenis","Berthier"
49005,"Vadhan","Matk"
59062,"Jiang","Chaitali"
469568,"Vieri","Jeane"
449752,"Strandh","Srinidhi"
97968,"Jarecki","Niclas"
419015,"Vuskovic","Remko"
71076,"Rosca","Huei"
210198,"Baig","Brendon"
226152,"Danecki","Dipankar"
217555,"Zedlitz","Edwin"
288969,"Vigier","Indrajit"
434887,"Chinen","Bouchung"
94901,"Uhrig","Heekeun"
418985,"Sidhu","Shietung"
213685,"Schlumberger","Mong"
466136,"Brizzi","Shaunak"
250068,"Ghemri","Kyoichi"
432574,"Sanella","Djenana"
58595,"Speer","Srinidhi"
241707,"Pena","Holgard"
280537,"Badr","Uwe"
96114,"Wrigley","Jeanna"
18554,"Cichocki","Stevo"
49472,"Hitomi","Dipankar"
250489,"Bahk","Alassane"
86402,"Trelles","Xuejia"
261397,"Sethi","Irene"
258379,"Hiraishi","Ottavia"
481171,"Kading","Jeong"
421580,"Farris","Nalini"
261014,"Heering","Guozhong"
109241,"Suppi","Howell"
103256,"Denny","Kensyu"
44290,"Babu","Prasadram"
432349,"Ernst","Guenter"
474609,"Reutenauer","Seongbin"
202170,"Auyong","Pradeep"
413562,"Khamsi","Boguslaw"
213487,"Vanwelkenhuysen","Harjit"
292155,"Siegrist","Oksana"
252453,"Mitina","Carrsten"
48001,"Oaver","Satoru"
438795,"Dehkordi","Berhard"
261446,"Ligten","Erzsebet"
278880,"Coorg","Xiaoqiu"
479149,"Pettit","Lobel"
469046,"Herber","Abdelaziz"
241118,"Osgood","Goa"
53699,"Srimani","Ohad"
433681,"Poujol","Shaleah"
244693,"Avouris","Nahla"
88284,"Linnainmaa","Jiakeng"
403586,"Hoogerwoord","Toshimi"
451119,"Mayerwieser","Idoia"
291108,"Bade","Jeong"
252248,"Emmart","Qunsheng"
98753,"Murillo","Franziska"
72233,"Herber","Jaewoo"
409498,"Vingron","Bodh"
226159,"Gini","Kerryn"
422413,"Kalafatis","Bikash"
54458,"Quadeer","Yonghoan"
200548,"Eiter","Xuedong"
81887,"Ghandeharizadeh","Gio"
267511,"Rahimi","Hisao"
252826,"Cyre","Akemi"
413045,"Cools","Bodo"
421117,"Kaltofen","Teiji"
479652,"Brandsma","Monique"
470478,"Azadmanesh","Masaru"
29009,"Skogmar","Marc"
107584,"Magliocco","Marsal"
242553,"Lunt","Chinya"
407947,"Dayana","Christoper"
262428,"Gerlach","Changho"
205020,"Oskamp","Otilia"
99140,"Cummings","Amstein"
466764,"Tsukuda","Tadanori"
268196,"Morrey","Alassane"
89573,"Varley","Ute"
250006,"Spataro","Deborah"
243920,"Schicker","Taisook"
452449,"Orsini","Bezalel"
238786,"Qiwen","Ohad"
478868,"Gecsei","Lijie"
71643,"Hoogerwoord","Eberhardt"
60565,"Haumacher","Ramya"
242855,"Munch","Vitaly"
459634,"Tzvieli","Berna"
464954,"Katalagarianos","Mana"
454177,"Vrecion","Kwangyoen"
270200,"Kading","Suvo"
254545,"Ghemri","Eckart"
243405,"Azevdeo","Xuedong"
66595,"Flowers","Tooru"
37163,"Yetim","Mingsen"
230606,"Keohane","Yannik"
438027,"Kropp","Fumiya"
40099,"Smailagic","Radhakrishnan"
458757,"Cmelik","Cathie"
287719,"Begiun","Sanjit"
38924,"Zweizig","Sariel"
480563,"Farrar","Shichao"
434061,"Barriga","Pranas"
428247,"McAffer","Jasminko"
50735,"Auria","Kazunori"
230016,"Babu","Yuuichi"
90969,"Kropf","Gadiel"
431986,"Quaggetto","Kwangsub"
404774,"Rijsenbrij","Masako"
265041,"Borovoy","Bluma"
246449,"Bultermann","Subbu"
59773,"Lanteri","Arunas"
290652,"Hiyoshi","Woody"
297540,"Picht","Cristinel"
292722,"Cochrane","Mizuhito"
109490,"Reistad","Kannan"
206321,"Speckmann","Leon"
295694,"Selvestrel","Qiwen"
216169,"Hatcliff","Hsiangchu"
221009,"Itzigehl","Gay"
103485,"Jonsson","Jayesh"
445285,"Pelz","Zhilian"
269119,"Perl","Georgi"
449776,"Trystram","Yannis"
104159,"Toyoshima","Chenyi"
62600,"Frezza","Munehiko"
442459,"Karcich","Naftali"
108621,"Roohalamini","Saeko"
417271,"Kranzdorf","Denis"
279506,"Selvestrel","Shih"
403515,"Ladret","Mahendra"
35817,"Ushiama","Kwee"
272616,"Milicia","Marlo"
229368,"Marrevee","Chuanti"
284940,"Douceur","Sachio"
271974,"Hopewell","Alois"
267546,"Zumaque","Rimon"
231295,"Granlund","Jeong"
291727,"Talmor","Yinghua"
98939,"Oaver","Genta"
81412,"Menyhert","Zhenhua"
411350,"Baba","Marsal"
404453,"Cronin","Sugwoo"
33771,"Kitsuregawa","Marek"
465108,"Rikino","Karlis"
232225,"Ernst","Tonny"
244646,"Orlowski","Jaques"
424712,"Kisuki","Lunjin"
405633,"Caine","Christophe"
236680,"Assaf","Jessie"
43441,"Akiyama","Kazuhiro"
52539,"Huttel","Shigeu"
430069,"Esposito","Zijian"
96855,"Rando","Zongyan"
79273,"Szmurlo","Emran"
75777,"Marzano","Gina"
450554,"Kalafatis","Tonny"
251454,"Erie","Tonny"
84355,"Kavraki","Hyuckchul"
284200,"Bultermann","Chrisa"
201045,"Huttel","Uma"
15590,"Kaminger","Shuichi"
62663,"Orlowski","Gor"
83468,"Beilner","Charlene"
256044,"Bernatsky","Woody"
91225,"Mamelak","Pranjal"
430615,"Stanfel","Babette"
231748,"Curless","Christophe"
102761,"Eiron","Lunjin"
426012,"Androutsos","Arunachalam"
16928,"Conte","Dayanand"
478342,"Besselaar","Angel"
206674,"Nilsson","Byong"
442594,"Radhakrishnan","Evgueni"
242369,"Cyne","Christoper"
219923,"Lichtner","Oguz"
93973,"McAffer","Guadalupe"
215303,"Kakkad","Gurbir"
235261,"Trelles","Atreye"
475880,"Tetzlaff","Szabolcs"
439194,"Beidas","Mara"
439597,"Francisci","Alselm"
249016,"Engberts","Remko"
96011,"Demir","Toshimo"
15837,"Showalter","Margareta"
50109,"Chiola","Baoqiu"
250349,"Massonet","Berry"
48406,"Scallan","Mohua"
440255,"Schlenzig","Margareta"
260297,"Magalhaes","Debaprosad"
209271,"Picaronny","Udaiprakash"
439846,"Smailagic","Hailing"
55857,"Scallan","Adin"
471495,"Dymetman","Mary"
24755,"Borstler","Aran"
49010,"Benantar","Kazuhisa"
432300,"Lund","Xinyu"
88484,"Cyre","Garnik"
457459,"Schieder","Huei"
28575,"Yurov","Jayson"
464766,"Hebert","Divine"
107011,"Kitai","Gritta"
75686,"Rattan","Leucio"
66943,"Itzfeldt","Shuichi"
220510,"Perz","Ramachenga"
299994,"Ruemmler","Marjo"
201186,"Bamford","Suebskul"
288357,"Jeong","Shih"
218654,"Srimani","Bedrich"
60637,"Mandelberg","Sergi"
414990,"Maksimenko","Chiranjit"
259543,"Roisin","Navid"
405947,"Merlo","Sudhanshu"
252303,"Basawa","Akhilish"
88786,"Kemmerer","Hauke"
459342,"Vidal","Niclas"
428114,"Cusworth","Koldo"
290732,"Usery","Shen"
225538,"Miara","Masasuke"
80487,"Marciano","Mori"
220529,"Chinin","Oguz"
14767,"Merle","Jianhua"
257051,"Norsworthy","Remzi"
215932,"Bael","Oddvar"
209233,"Mandell","Fai"
70731,"Azevdeo","Martijn"
248737,"Cannard","Souichi"
56827,"Dusink","Takushi"
16366,"Malinowski","Siamak"
432139,"Karner","Indrajit"
422179,"Thombley","Jaques"
253942,"Feldmann","Boalin"
473580,"Copas","Herbert"
219977,"Escriba","Honglan"
215639,"Camarinopoulos","Mart"
92404,"Cesareni","Sergi"
279794,"Polajnar","Felicidad"
224719,"Deverell","Christ"
415782,"Karcich","Shietung"
224173,"DeMori","Gou"
442467,"Sridhar","Christoph"
204019,"Etalle","Zhigen"
24596,"Stranks","Ayonca"
295505,"Orlowski","Mingzeng"
91251,"Budinsky","Takahiro"
240676,"Thorelli","Sashi"
61155,"Shigei","Tru"
243539,"Pews","Collette"
442754,"Fabrizio","Adin"
46574,"Sinitsyn","Yuping"
298975,"Covnot","Saddek"
469448,"Litzkow","Gaetan"
235055,"Welham","Jaideep"
410021,"Thiran","Herb"
221267,"Hertweck","Mizuhito"
91604,"Giarratana","Ronghao"
426192,"Vilarrasa","Erzsebet"
238341,"Alencar","Perry"
472480,"Picht","Jeong"
437173,"Grabner","Shushma"
277359,"Serna","Kazuhide"
20378,"Schwabacher","Giao"
450369,"Maksimenko","Subhash"
278111,"Carrere","Nobuyoshi"
50248,"Constantine","Khaled"
437330,"Ranai","Susumu"
430923,"Mitina","Chriss"
207126,"Swen","Mohit"
406095,"Marchesini","Sushant"
465042,"Zyda","Genki"
434009,"Kermarrec","Marek"
231887,"Petereit","Yongmin"
441947,"Shigei","Piyawadee"
220864,"Azuma","Frazer"
98608,"Rijsenbrij","Gretta"
278637,"Bail","Maren"
421979,"Meszaros","Sreenivas"
408218,"Melichar","Shay"
478800,"Siegrist","Terresa"
472785,"Atchley","Lene"
60106,"Homond","Saniya"
56653,"Bugrara","Jaewoo"
290906,"Ventosa","Khedija"
231893,"Brizzi","Shigeichiro"
244518,"Swan","Sivanarayana"
292779,"Baik","Weiyi"
297960,"Janetzko","Bernice"
235573,"Stamatiou","Adil"
205482,"Tzvieli","Shaunak"
410585,"Bednarek","Debatosh"
225733,"Reghbati","Zvonko"
85215,"Detkin","Along"
42833,"Alameldin","Kousuke"
448509,"McFarlin","Kousuke"
434013,"Chartres","Ewing"
403613,"Papadias","Masako"
60641,"Msuda","Zita"
13540,"Krohn","Cordelia"
274926,"Papsdorf","Jinya"
454342,"Jording","Tonia"
439127,"Muntz","Carrsten"
76517,"Stafford","Tadahiro"
79787,"Molberg","Ziva"
270601,"Kriebel","Dekang"
53492,"Melski","Makato"
36399,"Rathonyi","Zita"
476113,"Heydon","Basil"
291357,"Kalsbeek","Takanari"
464134,"Improta","Sumant"
276349,"Vigier","Susanna"
13405,"Baba","Randy"
90160,"Malabarba","Shaz"
57492,"Miyakawa","Parto"
205831,"Alameldin","Mahmut"
83991,"Parfitt","Arra"
412476,"Brandsma","Atreye"
72362,"Himler","Spyrose"
434727,"Stanfel","Takahira"
258042,"Sankaranarayanan","Takushi"
36097,"Buchter","Feixiong"
12969,"Angot","Mohan"
229427,"Baba","Rasikan"
32160,"Bugrara","Gou"
24812,"Heuter","Saniya"
16194,"Yeung","Mikhail"
473183,"Ecklund","Marek"
425245,"Paludetto","Guoxiang"
75051,"Mansanne","Roddy"
230561,"Chappelet","Shahid"
475292,"Schapiro","Chrisa"
459827,"Msuda","Suzette"
464548,"Gulik","Demin"
459800,"Terekhov","Dmitri"
291124,"Anandan","Yucai"
212715,"Slobodova","Alagu"
75407,"Cincotta","Mahendra"
26842,"Renear","Youssef"
412639,"Danner","Rosita"
243457,"Sury","Cordelia"
71577,"Marletta","Avishai"
68166,"Selenyi","JoAnne"
47398,"Poujol","Yurii"
401461,"Pepe","Dipankar"
35750,"Poulakidas","Waiman"
443484,"Vendrig","Ferdinand"
294085,"Fujisawa","Mong"
262619,"Meriste","Fumiyo"
14000,"Engberts","Falguni"
449955,"Baar","Abdelkader"
206873,"Kilgour","Cedric"
424603,"Thiria","Huican"
285835,"Kornyak","Kshitij"
475835,"Cairo","Tran"
413981,"Naudin","Hiroyasu"
214190,"Ranum","Sverrir"
202060,"Magalhaes","Kasturi"
29611,"Ellozy","Hailing"
108544,"Francisci","Sandeepan"
51975,"Casperson","Suvo"
468192,"Unni","Yongmin"
409911,"Vakili","Mostafa"
226028,"Lupu","Kagan"
96575,"Meszaros","Sajjad"
46233,"Porenta","Marsha"
265210,"Fontet","Mara"
477973,"Meszaros","Zhilian"
27779,"Hopewell","Marie"
106116,"Grandbois","Mantis"
86983,"Liesche","Iara"
61408,"Ranta","Houman"
89857,"Remmele","Hidde"
36544,"Cyre","Mabry"
450872,"Lyonns","Denny"
268743,"Melichar","Nikolaus"
473715,"Bultermann","Kwangho"
50711,"Krybus","Matk"
446569,"Schaar","Feiyu"
282648,"Cooman","Kenroku"
261426,"Flasterstein","Chanjung"
256627,"Baba","Ult"
458729,"Parhami","Piyawadee"
268242,"Chinin","Matk"
78608,"Chorvat","Youpyo"
448380,"Karnin","Xuejun"
429589,"Szemeredi","Janche"
402920,"Bernardinello","Peternela"
470469,"Flowers","Cullen"
200237,"Cannard","Mihalis"
411640,"Masand","Nakhoon"
287259,"DasSarma","Mircea"
215285,"Osgood","Kazuhira"
54932,"Munoz","Kamakshi"
459072,"Lieberherr","Chuanyi"
407215,"Schicker","Jouko"
103961,"Suermann","Gurbir"
281487,"Feldmann","Phuoc"
86649,"Lorho","Yuuichi"
31969,"Jiang","Susuma"
438793,"Heystek","Jingling"
276977,"Fargier","Woody"
459892,"Fioravanti","Shigenori"
222449,"Grandbois","Petter"
20016,"Munoz","Carrsten"
281403,"Einsfeld","Kwangsub"
264980,"Swick","Ravishankar"
465741,"Malinowski","Mitsuyuki"
93551,"Shrader","Sanjay"
458219,"Kruskal","Nahid"
238255,"Angel","Hinrich"
47707,"Huhdanpaa","Hyuncheol"
404642,"Solovay","Rosalie"
407849,"Jakobus","Hercules"
290646,"Farrag","Shounak"
98489,"Ranum","Cordelia"
442559,"Angot","Jaana"
22711,"Brattka","Sanjeeva"
264062,"Bernardeschi","Bernd"
244175,"Babb","Valeri"
240771,"Gyorkos","Menkae"
226270,"Honiden","Uwe"
22038,"Sury","Hilary"
477132,"Clouatre","Danai"
297099,"Jansen","Marko"
211019,"Marshall","Danco"
276137,"Lanteri","Dinkar"
473501,"Jording","Ger"
69282,"Ramsak","Gregory"
421420,"Perin","Susanne"
64860,"Oxman","Kolar"
250426,"Rosis","Vatsa"
77513,"Lieblein","Sivanarayana"
473110,"Mandell","Lubomir"
56592,"Gurbaxani","Kazuhito"
278044,"Fabrizio","Claudi"
55308,"Scallan","Reuven"
420541,"Bernardeschi","Rasiah"
405309,"Rosaz","Prodip"
80701,"Domenig","Ramachenga"
233966,"Albarhamtoshy","Shimshon"
92055,"Luders","Yuichiro"
429150,"Brookman","Holgard"
288647,"Homond","Sugwoo"
297401,"Merro","Fumitaka"
220349,"Bennis","Chandrasekaran"
461949,"Laurillard","Duro"
243227,"Zirintsis","Debaprosad"
108596,"Serra","Naftali"
444576,"Tagansky","Jinya"
290079,"Taubman","Muneo"
106074,"Lung","Prasadram"
440813,"Cullers","Arco"
456751,"Pfau","Danai"
236651,"Pesch","Kiam"
41020,"Chimia","Uma"
473812,"Levergood","Khue"
219221,"Antonisse","Gretta"
441256,"Ventosa","Xuejia"
39069,"Peak","Piyush"
82300,"Conia","Jouni"
276506,"Brobst","Shmuel"
264275,"Kawashimo","Brendon"
450096,"Diderrich","Divine"
242241,"Imataki","Uriel"
232722,"Srimani","Mitchel"
95362,"Zyda","Yonghong"
476284,"Beilner","Moss"
40746,"Jumpertz","Kotesh"
57598,"Heinisuo","Lokesh"
52168,"Rosen","Adas"
236218,"Cmelik","Yannik"
201732,"Mondadori","Murthy"
432933,"Hennebert","Ipke"
38383,"Herber","Weiru"
454743,"Siprelle","Neelam"
467129,"Reinhard","Richara"
444579,"Rosaz","Byong"
288831,"Figueira","Dmitry"
208160,"Shokrollahi","Shichao"
252313,"Ellozy","Zijian"
424828,"Veeraraghavan","Pintsang"
419127,"Gyorkos","Faiza"
290152,"Shanbhogue","Kousuke"
207344,"Crabtree","Tsz"
449002,"Kowalchuk","Teiji"
246319,"Spataro","Kwangho"
410741,"Suermann","Tran"
84374,"Choobineh","Karsten"
424234,"Pettit","Jacqueline"
430370,"Barreiro","Chenxi"
448852,"Lagarias","Manu"
207266,"Mayerwieser","Hidekazu"
223981,"Cheshire","Christoph"
271296,"Demri","Billur"
88776,"Kaiser","Bedir"
294569,"Silva","Huan"
463996,"Ballarin","Przemyslawa"
46797,"Lamparter","Shin"
208769,"Codenie","Ymte"
108010,"Schonegge","Arunachalam"
442121,"Kulisch","Shay"
458444,"Lorie","Mahmut"
414966,"Cochrane","Nakhoon"
229242,"Hammerschmidt","Pasqua"
211210,"Zultner","Danco"
46325,"Calkin","Filipp"
25022,"Hiroyama","Zengping"
82319,"Eugenio","Saniya"
224098,"Vecchi","Kenroku"
221405,"Gubsky","Jianwen"
249560,"Bazzichi","Eckart"
449037,"Argence","Michaela"
94844,"Ghalwash","Sarita"
410750,"Sullins","Aamer"
242391,"Auria","Reuven"
224245,"Vecchi","Tuval"
243979,"Heuter","Shakhar"
235187,"Mukaidono","Xiong"
108269,"Plumb","Snehasis"
299675,"Lienhardt","Selwyn"
274932,"Schmiedel","Mikhail"
254501,"Gulak","Shay"
105128,"Jarecki","Susanne"
246378,"Hofmeyr","Yakkov"
475177,"Stassinopoulos","Sudharsan"
452659,"Liesche","Hairong"
441153,"Streit","Sadun"
99738,"Sidhu","Aria"
241250,"Granlund","Kwangho"
226369,"Heping","Kensei"
224590,"Vural","Wilmer"
82510,"Pashtan","Yifei"
276599,"Ranta","Hailing"
402419,"Gurbaxani","Hiroyasu"
245797,"Olivero","Idoia"
106093,"Kobuchi","Fay"
19762,"Valiente","Sushant"
66771,"Brickell","Hideo"
237119,"Cappelli","Hideo"
407843,"Brodie","Danny"
99775,"Denis","Shigeaki"
262880,"Varley","Mabo"
82110,"Gecsel","Vugranam"
453977,"Kossowski","Feipei"
46038,"Buescher","Aamod"
470233,"Einsfeld","Kamakshi"
100773,"Barreiro","Caolyn"
28181,"Spinelli","Subhrajyoti"
108536,"Baba","Fumino"
446128,"Rajaraman","Filipe"
416947,"Chiodo","Tooru"
469898,"Mandelberg","Chinya"
25580,"Henders","Sungwon"
79492,"Gurbaxani","Vidya"
202394,"Denos","Serenella"
434048,"Magliocco","Xuejun"
56188,"Eppinger","Mabhin"
400784,"Schmezko","Aloke"
81294,"Waterhouse","Hilary"
210210,"Cairo","Chaitali"
63680,"Brobst","Samphel"
401492,"Porenta","Chuanyi"
93848,"Tokunaga","Poorav"
409632,"Shanbhogue","Haldon"
422212,"Isard","Youngkon"
13878,"Eiron","Shigeaki"
433095,"Lally","Barton"
440618,"Linnainmaa","Nevin"
89906,"Suwa","Holgard"
466513,"Fandrianto","Mabry"
241735,"Oppitz","Xiaopeng"
12011,"Coorg","Zhilian"
410966,"Cooman","Juichirou"
441454,"Oberman","Reinhold"
264476,"Papadias","Demin"
29690,"Fioravanti","Eran"
72538,"Zlotek","Eishiro"
65864,"Minakawa","Dzung"
12552,"Zongker","Mechthild"
223846,"Luce","Arvind"
96084,"Piazza","Hauke"
234380,"Jullig","Licheng"
292510,"Majewski","Lorien"
273852,"Janocha","Remzi"
72890,"Luke","Kerhong"
273118,"Birge","Florina"
406965,"Ciolek","Dipayan"
299308,"Cappelletti","Fumiya"
63956,"Pollacia","Cristinel"
42793,"Siksek","Tetsushi"
211742,"Muchinsky","Kannan"
445038,"Ozeki","Mountaz"
200850,"Koblitz","Bernd"
210431,"Diderrich","Giao"
298128,"Hebert","Shai"
78166,"Kuszyk","Eckart"
272892,"Schieder","Renee"
264760,"Dulin","Annemarie"
432233,"Hitomi","Goetz"
16173,"Ranka","Adhemar"
469003,"Puppo","Boaz"
270935,"Jenevein","Shan"
411926,"Chiodo","Tadanori"
48477,"Backhouse","Karlis"
416790,"Mitchem","Mary"
42625,"Swick","Harngdar"
238058,"Landherr","Pradeep"
480739,"Noriega","Jinxi"
405705,"Gruenwald","Mitchel"
65657,"Seiwald","Arno"
17367,"Parfitt","Tooru"
248927,"Kruskal","Stevo"
289081,"Azulay","Subhrajyoti"
209174,"Vidal","Kiam"
474200,"Sabnani","Masako"
44488,"Kilgour","Ingmar"
413075,"Tempesti","Adamantios"
19307,"Baca","Jongsuk"
299903,"Rosiles","Danil"
435814,"Isaac","Rosalie"
274468,"Gurbaxani","Gaurav"
472955,"Selvestrel","Shigeu"
86011,"Bahr","Leen"
34831,"Haldar","Poornachandra"
45311,"Talmor","Zengping"
400318,"Danley","Tiina"
211035,"Stroustrup","Nevio"
82408,"Kusakabe","Georgi"
104992,"Bottner","Toshimo"
414632,"Sullins","Jianhao"
52379,"Castellani","Behnaam"
19215,"Oxenboll","Zhenbing"
449258,"Pramanik","Kwok"
444894,"Chleq","Jacqueline"
81221,"Capobianchi","Srinidhi"
264548,"Pehl","Elgin"
93843,"Jording","Tua"
52348,"Radwan","Junsik"
16062,"Peak","Jaques"
447644,"Pesch","Zsolt"
90383,"Basawa","Udi"
409257,"Janetzko","Randy"
12902,"Perng","Rimli"
464128,"Halloran","Elvia"
215672,"Pellegrinelli","Martien"
263926,"Schwartzbauer","Fusako"
217682,"Orlowska","Lakshmi"
52926,"Vasanthakumar","Mariusz"
247153,"Danner","Kazuhiko"
235238,"Albarhamtoshy","Pranjal"
78719,"Pillow","Sverrir"
12273,"Uehara","Jaideep"
53248,"Baaleh","Jordanka"
218291,"Kalloufi","Martine"
36431,"Lanzelotte","Wanqing"
440251,"Yurek","Josyula"
241792,"Matzel","Weiye"
249895,"Marletta","Stein"
236500,"Chartres","Iara"
281601,"Swist","Kitty"
233976,"Harllee","Chaosheng"
229924,"Atchley","Basim"
59725,"Haddadi","Zhensheng"
239422,"Morrin","Angus"
56779,"Slobodova","Lansing"
88172,"Yurov","Christophe"
413099,"Brobst","Troy"
258627,"Cools","Maris"
241075,"Rossi","Zorica"
254070,"Marwedel","Kenroku"
454634,"Thorelli","DAIDA"
436381,"Broomell","Toong"
228945,"Erdmenger","Yakichi"
268955,"Miyakawa","Jiann"
239908,"Heusch","Tonia"
18763,"Baja","Weijing"
293173,"Gide","Takahito"
71763,"Matheson","Kiyotoshi"
109706,"Kitsuregawa","Taizo"
69677,"Kalafatis","Zhongwei"
230526,"Worfolk","Paraskevi"
287943,"Boyle","Jaewoo"
236397,"Cools","Freyja"
94990,"Azulay","Poornachandra"
290434,"Ferriere","Mohan"
215516,"Pardalos","Danil"
230509,"Ozery","Remzi"
409579,"Belinskaya","Stein"
81668,"Gronowski","Goa"
239771,"Plump","Hitomi"
220304,"McFarlin","Premal"
283847,"Barriga","Fai"
246859,"Kornyak","Van"
89179,"Kranzdorf","Weijing"
216464,"Beznosov","Oksana"
48742,"Hammerschmidt","Genta"
441116,"Ranum","Candida"
230173,"Karner","Aleksander"
236727,"Staylopatis","Duri"
295723,"Jullig","Prasadram"
229952,"Kruskal","Basem"
211449,"Yoshizawa","Yoshinari"
439574,"Eldridge","Xumin"
280217,"Gargeya","Nigel"
473635,"Diderrich","Gina"
441255,"Feldhoffer","Aleksandar"
49149,"Schusler","Salvador"
19643,"Wynblatt","Insup"
235466,"Neimat","Gretta"
454789,"DuBourdieux","Ramachenga"
427942,"Flanders","Vojin"
39611,"Luan","Siddarth"
281150,"Lichtner","Masanao"
210123,"Fabrizio","Kazuhito"
223750,"Dayana","Shaibal"
95094,"Mahnke","Matt"
261409,"Cairo","Chiradeep"
477201,"Rosis","Yinlin"
261414,"Pehl","Quingbo"
91222,"Atrawala","Pasqua"
27917,"Leuchs","Boaz"
403031,"Maraist","Somnath"
473247,"Potthoff","Krassimir"
406147,"Poujol","Shigeu"
36533,"Adachi","Arnould"
477539,"Kranzdorf","Dekang"
433765,"Savasere","Dipayan"
271151,"Crelier","Shuzo"
294456,"Jarecki","Frederique"
290280,"Sundgren","Mostafa"
223293,"Leaver","Terresa"
47261,"Pearson","Barry"
100647,"Shackell","Tomofumi"
61528,"Serot","King"
74225,"Figueira","Bangqing"
423713,"Hiltgen","Yongmao"
433662,"Krichel","Chenxi"
294745,"Haumacher","Yucel"
235761,"Nicolson","Fabrizio"
35783,"Imataki","Mang"
14516,"Underwood","Kristian"
292023,"Rullman","Demos"
105264,"Simkin","Chrisa"
56511,"Siksek","Debatosh"
39910,"Masaki","Zvonko"
409715,"Papastamatiou","Yonghoan"
457124,"Thombley","Jaihie"
273642,"Rodham","Jaihie"
238823,"Nitsche","Nadjib"
255471,"Erde","Hongzue"
43640,"Luef","Stepehn"
233588,"Genin","Gill"
226026,"Rosca","Subbu"
207811,"Benantar","Weidon"
220492,"Ratnakar","Xuejun"
34318,"Rande","Marko"
14238,"Puoti","Barton"
269951,"Trelles","Mayumi"
36205,"Falco","Kwangjo"
57702,"Rothe","Shaowen"
410074,"Takanami","Jungsoon"
41710,"Haldar","Weiru"
94877,"Eiter","Lucien"
479816,"Stroustrup","Martina"
100555,"Gecsel","Lucien"
287575,"Bonifati","Tuval"
214740,"Passafiume","Boguslaw"
44145,"Zockler","Heeju"
290561,"Melter","Genki"
30525,"Matzen","Snehasis"
464973,"Penn","Nevin"
439346,"Takanami","Kellyn"
243876,"Vilarrasa","Karlis"
448110,"Wegerle","Alair"
419376,"Riefers","Takahiro"
246666,"Haldar","Otilia"
412920,"Hofstetter","Susanne"
94983,"Engelmann","Vitaly"
471952,"Montresor","Guoxiang"
420503,"Puppo","Francesca"
269383,"Cyne","Giri"
56292,"Barbanera","Maik"
281228,"Decleir","Candido"
64491,"Merel","Ulf"
10855,"Reinhart","Kwangho"
477609,"Reeken","Lijia"
449649,"Hennings","Lokesh"
431728,"Budinsky","Sadok"
43792,"Huhdanpaa","Dmitry"
41506,"Montemayor","Reinhold"
40711,"Gien","Arvin"
460748,"Hiroyama","Peer"
442540,"Stroustrup","Leaf"
455700,"Rettelbach","Qiwen"
220569,"Kabayashi","Willard"
401930,"Schurmann","Douadi"
20132,"Neiman","Danil"
253474,"Hardjono","Franziska"
56535,"Hasenauer","Shuky"
456290,"Kroha","Randi"
291372,"Thorensen","Elvia"
282208,"Bugrara","Mohd"
62471,"Berztiss","Sasan"
440088,"Denny","Serge"
281435,"Junot","Subhada"
269422,"Farrar","Monique"
436537,"Mitchem","Saeko"
57631,"Lortz","Hidde"
283259,"Detkin","King"
238398,"Wendorf","Shigehiro"
296574,"Uhrik","Rimon"
85445,"Pollock","Yongdong"
69777,"Bain","Troy"
457706,"Demir","Indrajit"
461374,"Gerteisen","Shigeo"
450860,"Billingsley","Angus"
448644,"Puppo","Hinrich"
250674,"Bonifati","Serge"
64519,"Eickenmeyer","Kerryn"
269087,"Zolotykh","Martien"
277815,"Hebden","Stein"
105483,"Uhrig","Rosita"
97297,"Raczkowsky","George"
419764,"Cherinka","Frazer"
404686,"Antonisse","Kyoichi"
237267,"Ullian","Augustine"
94757,"Siochi","Wuxu"
68474,"Jayawardene","Rosalie"
46387,"Dulin","Margareta"
109110,"Bael","Isaac"
288161,"Luck","Kellyn"
77551,"Ossenbruggen","Lansing"
56428,"Hanabata","Olivera"
476637,"Kusakari","Angus"
50987,"Bierman","Janche"
288255,"Quittner","Debaprosad"
254014,"Barinka","Goncalo"
448235,"Flowers","Giao"
411083,"Bressoud","Jacopo"
472794,"Weisert","Takahito"
233408,"Leuchs","Neven"
53728,"Remmers","Chikara"
479486,"Reghbati","Geoff"
73732,"Boreale","Kensei"
36059,"Dulli","Stamatina"
430659,"Yavatkar","JoAnne"
216319,"Ramsak","Tua"
108850,"Honiden","Soenke"
294019,"Gyorkos","Jagoda"
97612,"Swiler","Baocai"
257288,"Whittlesey","Masako"
453167,"Hofstetter","Jagoda"
71838,"Piveteau","Tetsushi"
32319,"Bhattacharjee","Candida"
250193,"Showalter","Maren"
253272,"Uehara","Amalendu"
42437,"Halevi","Avishai"
293676,"Chleq","Trygve"
282594,"Stellhorn","Kankanahalli"
72344,"Morrow","Khaled"
18354,"Conia","Mostafa"
431533,"Staelin","Marjo"
288435,"Speek","Idoia"
61647,"McClurg","Vidar"
296852,"Maliniak","Douadi"
64624,"Schnelling","Kersti"
12184,"Zhang","Chenxi"
454937,"Trogemann","Bader"
37482,"McClurg","Masami"
214282,"Kragelund","Yurii"
468928,"Comellas","Xiaoshan"
405422,"Rehfuss","Ronghao"
36312,"Bernick","Mads"
32370,"Pero","Fabrizio"
451269,"Figueira","Jahangir"
225438,"Quaggetto","Remmert"
470996,"Marsiglia","Wilmer"
443440,"Varker","Dipankar"
251188,"Liesche","Florian"
241468,"Pluym","Dietrich"
423793,"Schwaller","Shih"
414989,"Kambil","Theirry"
405030,"Rosca","Shunichi"
34472,"Tetzlaff","Saddek"
261120,"Cannata","Boaz"
477666,"Pollock","Pramod"
400349,"Krichel","Arvin"
422261,"Speel","Elrique"
267412,"Dichev","Arto"
407080,"Junot","Ortrud"
438133,"Solares","Zhensheng"
294209,"Puoti","Baruch"
215774,"Schicker","Mabo"
19844,"Pillow","Gennady"
262158,"Schahn","Sahrah"
420883,"Coorg","Vugranam"
52139,"Shinomoto","Kristen"
456958,"Barvinok","Alassane"
71155,"Luks","Mona"
451418,"Thambidurai","Saddek"
70087,"Lemarechal","Ronghao"
13602,"Bazelow","Kirk"
76503,"Yurov","Masasuke"
480949,"Spell","Mona"
106528,"Lalonde","Remmert"
246731,"Piveteau","Kwan"
200292,"Uchoa","Pranas"
69792,"Kroon","Herb"
23580,"Chelton","Chikara"
409128,"Dichev","Caolyn"
20089,"Merli","Unal"
61018,"Zallocco","Marco"
54189,"Sifakis","Kellyn"
91902,"Rusmann","Ziya"
263864,"Bisiani","Doohun"
23985,"Gargeya","Xudong"
296023,"Maierhofer","Panayotis"
214622,"Peha","Shaw"
472382,"Middleton","Luise"
226534,"Luiz","Avishai"
274197,"Randi","Geoffrey"
37733,"Meszaros","Yonghong"
462921,"Poehlman","Kwun"
232462,"Aingworth","Masali"
94728,"Bade","Shih"
286710,"Jording","Suebskul"
210037,"Gronowski","Atreye"
106011,"Takanami","Youpyo"
285653,"Lunt","Lunjin"
272879,"Fontet","Ashish"
100134,"Bugrara","Hideo"
273144,"Leivant","Vasilii"
51689,"Ohori","Aran"
472534,"Oppitz","Patricio"
425831,"Mapelli","Baocai"
466597,"Emmerich","Otmar"
206646,"Quaggetto","Augustine"
55061,"Merlo","Boguslaw"
276152,"Marzano","Michaela"
273849,"Lorcy","Stella"
227507,"Passino","Zhenbing"
21937,"Zeidenstein","Niteen"
12805,"Itschner","Naraig"
460631,"Walstra","Yoshinari"
58902,"Pramanik","Franziska"
245801,"Lunn","Shaleah"
253088,"Hofman","Martine"
410896,"Chaudhuri","Sergi"
477479,"Hettesheimer","Leif"
212538,"Ashish","Jaber"
438308,"Krider","Utpal"
236485,"Imataki","Bedir"
272369,"Fujisawa","Huiqun"
456463,"Kemmerer","Moti"
30778,"Leuchs","Anyuan"
282179,"Ernst","Takahito"
250410,"Lueh","Akeno"
438004,"Rodiger","Arnould"
216728,"Zschoche","Arvind"
205229,"Laventhal","Vesna"
38250,"Levergood","Ghassan"
12318,"Vesna","Jingling"
269375,"Wissmann","Basem"
209940,"Sooriamurthi","Chaosheng"
30266,"Luders","Yongdong"
461743,"Thorensen","Constantijn"
480336,"Bultermann","Evgueni"
74231,"Quaggetto","Indrajit"
419489,"Cooman","Chiradeep"
204785,"Nyrup","Nathan"
90826,"Ressouche","Odoardo"
219305,"Tokunaga","Valery"
70380,"Denos","Alassane"
46598,"Rodite","Paloma"
288863,"Sundgren","Huai"
230259,"Kowalchuk","Horward"
96625,"Peres","Marin"
452771,"Liesche","Sudhanshu"
80032,"Isaac","Yurij"
98514,"Junot","Giao"
24689,"Scharstein","Sakthirel"
422045,"Herath","Arch"
273193,"Hitomi","Georg"
466392,"Servieres","Chikara"
14894,"Picaronny","Achilleas"
408417,"Daescu","Tsz"
203600,"Journel","Fai"
13213,"Billawala","Hein"
434134,"Langford","Gen"
401325,"Fioravanti","Nishit"
256215,"Georgatos","Arlette"
23381,"Bernardeschi","Pragnesh"
436216,"Skafidas","Shaowei"
211129,"Prampolini","Stafford"
71929,"Gire","Sumant"
464611,"Narwekar","Ebbe"
78284,"Schrift","Marit"
282372,"Lipner","Navin"
75886,"Fairtlough","Sanjai"
267817,"Hegner","Duke"
224188,"Marrakchi","Fumiko"
43416,"DiGiano","Nikolaos"
464100,"Rahimi","Kyoichi"
79769,"Emmerich","George"
272308,"Hockney","Ramya"
296815,"Kamble","Pasqua"
410993,"Rettelbach","Maris"
73531,"Hambrick","Mara"
441729,"Kropp","Michaela"
425359,"Marchegay","Jaideep"
75679,"Speel","Tru"
42082,"Compeau","Gritta"
474215,"Whittlesey","Maha"
464399,"Peyn","Kazuhiro"
222156,"Morton","Satyanarayana"
460743,"Kowalchuk","Chrisa"
75598,"Raoux","Georgy"
418136,"Poupard","Zeydy"
277206,"Peak","Udo"
46718,"Gammage","Vasilii"
479722,"Fioravanti","Masanao"
446490,"Lueh","Jaewon"
407516,"Conde","Khalil"
247744,"Honiden","Sajjad"
282363,"Rando","Jacqueline"
89025,"Kroha","Ibibia"
200616,"Himler","Sverrir"
476164,"Bale","Remco"
297296,"Lichtner","Ronnie"
48633,"Ranst","Chikako"
248764,"Lalonde","Jiann"
73729,"Bernick","Toshiki"
217542,"Emmerich","Francoise"
14628,"Vandervoorde","Pranjal"
30789,"Yamaashi","Kousuke"
408889,"Collavizza","Premsyl"
418000,"Alpin","Yuichiro"
76616,"Angot","Jaihie"
77848,"Pokrovskii","Lokesh"
461792,"Molberg","Shay"
96037,"Chimia","Feiyu"
241699,"Yurek","Shigeichiro"
274400,"Callaway","Yakkov"
269046,"Herbst","Ebbe"
108629,"Sudbeck","Huan"
104084,"Ligten","Kitty"
471063,"Hasham","Rildo"
475944,"Gyimothy","Sachem"
467987,"Waschkowski","Tadahiro"
35305,"Caine","Chriss"
405453,"Peres","Surveyors"
58403,"Krupka","Ayakannu"
236036,"Barbanera","Shichao"
433956,"Iisaku","Shimshon"
234020,"Schade","Bogdan"
424395,"Rande","TRUE"
292701,"Cichocki","Taizo"
275028,"Quadeer","Huai"
28190,"Perry","Xiping"
456165,"Norsworthy","Weiye"
32515,"Attimonelli","Branimir"
246482,"Journel","Tsutomu"
39741,"Paciorek","Nalini"
100121,"Bade","Isamu"
475974,"Kinley","Mabhin"
450853,"Zlotek","Sudharsan"
208880,"Bahi","Mooi"
13028,"Siksek","Mayumi"
251156,"Shokrollahi","Xuejun"
97343,"Jenevein","Tomokazu"
266666,"Heping","Masadi"
220021,"Riefers","Arnould"
85269,"Meszaros","Tetsurou"
247049,"Krzyzanowski","Kannan"
13909,"Leslie","Szabolcs"
28344,"Barriga","Fan"
462033,"Compeau","Genta"
409739,"Vigier","Peer"
47294,"Zallocco","Mihalis"
415324,"Kulisch","Yahiko"
202871,"Iisaka","Kellie"
239368,"Alblas","Mingsen"
458316,"Gustavson","Mototsugu"
414292,"Mandell","Josyula"
61690,"Fairtlough","Vasiliy"
238576,"Whittlesey","Shietung"
256997,"Puppe","Shalesh"
30748,"Uchoa","Katsuyuki"
460797,"Vecchio","Randi"
450262,"Lorie","Yagil"
298802,"Muchinsky","Shan"
275849,"Gunderson","Leaf"
210554,"Beidas","Piyawadee"
45470,"Birta","Aron"
461516,"Tchuente","Shuky"
417622,"Awdeh","Maia"
206738,"Cherinka","Kristinn"
109917,"Baranowski","Magdalena"
103500,"Holburn","Marie"
408185,"Birge","Fumitake"
255974,"Selenyi","Basant"
54969,"Demir","Utpal"
21532,"Massonet","Satoru"
201999,"Koshino","Gad"
46151,"Fontan","Munehiko"
244767,"Waleschkowski","Zeydy"
68365,"Anger","Girolamo"
79091,"Heuser","Kagan"
478651,"Lally","Weicheng"
37212,"Meszaros","Martial"
284141,"Cunliffe","Lubomir"
408073,"Lorcy","Leandro"
409748,"Slutz","Vishwani"
230043,"Swist","Divier"
95864,"Munck","Janalee"
271056,"Vecchi","Zhiwei"
71734,"Loncour","Mads"
471260,"Pfau","Shuji"
284828,"Iacovou","Danil"
47893,"Marletta","Nishit"
275744,"Mitina","Radhia"
217086,"Bach","Sibyl"
441567,"Fraisse","Zhenhua"
68597,"Straney","Menkae"
245983,"Straney","Arch"
27473,"Czaja","Tomofumi"
42682,"Muhlberg","Moto"
225612,"Ellozy","Manu"
74209,"Munke","Hatsukazu"
53362,"Stroustrup","Shuho"
463271,"Kavraki","Bezalel"
108913,"Rindone","Mingsen"
463801,"Vilarrasa","Reinhard"
223106,"Gniady","Hironoby"
427812,"Marakhovsky","Yuguang"
14805,"Ramalingam","Elliott"
41082,"Speek","Suebskul"
420810,"Peir","Xuedong"
60162,"Heemskerk","Tesuya"
10515,"Kirkerud","Raimond"
254327,"Shackel","Lillian"
242385,"Tanemo","Masanao"
216385,"Leijenhorst","Youssef"
99898,"Setlzner","Elliott"
214794,"Ibel","Val"
270102,"Worfolk","Sanjay"
413313,"Zucker","Minghong"
299856,"Openshaw","Fuqing"
290821,"Schueller","Qingxiang"
227328,"Gist","Rosella"
274596,"Simkin","Roddy"
20917,"Ulupinar","Trygve"
89011,"Parascandalo","Marsha"
209525,"Valette","Satosi"
31836,"Randi","Marl"
213059,"Seiwald","Mitchel"
14742,"Renear","Hairong"
294259,"Birke","Saddek"
415892,"Munch","Arvind"
269976,"Ghemri","Marko"
232927,"Anger","Ebru"
34686,"Harllee","Phule"
241702,"Taneja","Moss"
231570,"Vecchi","Dietrich"
459968,"Rajala","Rajmohan"
406681,"Salverda","Shigeu"
417940,"Assaf","Uri"
66106,"Zweizig","Kirk"
64868,"Genther","Baocai"
102884,"Valette","Dinkar"
91896,"Billawala","Atreyi"
12460,"Gerlach","Jingling"
93776,"Himler","Frazer"
29568,"Carrere","Mori"
418329,"Eiron","Aiichiro"
238031,"Jording","Amabile"
432188,"Haraldson","Yishai"
422965,"Salverda","Bluma"
288290,"Nyrup","Baziley"
42160,"Dalphin","Bezalel"
265113,"Badr","Shiv"
441001,"Ushiama","Vatsa"
93871,"Benaini","Masaki"
46085,"Baek","Limsoon"
430212,"Toyoshima","Kwan"
31700,"Ranft","Weiyi"
459711,"Junot","Fusako"
108746,"Bodoff","Kwangyoen"
435622,"Crabtree","Prodip"
250868,"Koblick","Kazuhisa"
234724,"Keohane","Martina"
435947,"Kabayashi","Harngdar"
425752,"Hiyoshi","Oscar"
481887,"Siksek","Danai"
413636,"Pezzoli","Martien"
92460,"Joslin","Mamdouh"
441189,"Nations","Frazer"
264193,"Desikan","Gererd"
71386,"Szmurlo","Foong"
24819,"Fontet","Shridhar"
459584,"Conti","Shiv"
445186,"Ressouche","Uzi"
97477,"Orsini","Yinlin"
255890,"Birke","Kensyu"
37005,"Cooley","Flemming"
409274,"Carrera","Jacqueline"
250060,"Kalsbeek","Ghassan"
216166,"Gniady","Subhash"
77605,"Brendel","Sastry"
46224,"Vidal","Gad"
87368,"Matheson","Nevin"
455564,"Pleszkun","Rance"
69542,"Duclos","Ayonca"
104050,"Ozeri","Bilhanan"
36827,"Stamatiou","Beshir"
11206,"Sury","Steen"
260803,"Braunschweig","Luisa"
260625,"Suppi","Takanari"
259752,"Rosch","Eberhardt"
223378,"Gilg","Tadahiko"
227329,"Syrotiuk","Ingmar"
59756,"Colorni","Rimon"
105289,"Doering","Pranav"
85776,"Reutenauer","Dante"
277585,"Naudin","Sadun"
253605,"Baig","Avishai"
210441,"Rousseau","Shigenori"
10960,"Braunschweig","Billur"
259904,"Massonet","Khedija"
267591,"Lieberherr","Sandeepan"
242242,"Meriste","Froduald"
446883,"Ishibashi","Geoff"
446581,"Quaggetto","Gonzalo"
212961,"Attimonelli","Taizo"
84174,"Zeleznik","Shahar"
472855,"Syrotiuk","Jaewon"
416966,"Murtafg","Kristof"
17924,"Mitchem","Mikhail"
453453,"Dulli","Lucien"
424854,"Staylopatis","Georgy"
418184,"Bratten","Lubomir"
276455,"Awdeh","Remko"
52237,"Meriste","Charmane"
481079,"Fiutem","Sibyl"
293425,"Kitsuregawa","Duro"
473020,"Mahnke","Toshiki"
432844,"Matzel","Arnd"
247856,"Cairo","Nathalie"
436960,"Bednarek","Pintsang"
233189,"Bruckman","Hitomi"
72154,"Lipner","Fai"
98427,"Cesareni","Dante"
277550,"Akiyama","Kazuhito"
79493,"Varman","Vidya"
431996,"Nergos","Pascal"
89578,"Chinin","Subbu"
67448,"Baez","Suvo"
40019,"Rodham","Katsuo"
26049,"Chvatal","Shuji"
480005,"Erol","Jaroslava"
80377,"Coney","Erzsebet"
272694,"Feinberg","Shuichi"
67096,"Heydon","Kensei"
98670,"Gadepally","Kiyotoshi"
26468,"Babu","Shunichi"
286026,"Zaumen","Utpal"
95727,"Schicker","Arnd"
65767,"Fritzsche","Shugo"
466219,"Merkl","Elrique"
253441,"Terekhov","Aria"
97031,"Attimonelli","Bikash"
21132,"Skafidas","Yurij"
418124,"Kalafatis","Billur"
46524,"Provine","Geoffrey"
265964,"Lorin","Haldon"
210612,"Puoti","Bernice"
470689,"Koprowski","Tomofumi"
80203,"Baik","Shakhar"
34751,"Goldhammer","Ziva"
285915,"Ranze","Seongbin"
20131,"Rijckaert","Gen"
227950,"Rosis","Hirochika"
60224,"Ramsak","Jingling"
284450,"Krybus","Vatsa"
260346,"Suermann","Junichi"
287656,"Ishibashi","Teruyuki"
206163,"Maginnis","Iara"
405574,"Auria","Yifei"
401516,"Mungall","Shalesh"
57511,"Crabtree","Weidon"
106268,"Lambe","Xiaobin"
467768,"Butner","Prasadram"
248836,"Raoux","IEEE"
247157,"Rattan","Gina"
83141,"Lunn","Fatemeh"
288609,"Melichar","Cathie"
277158,"Cheshire","Ulises"
204283,"Sifakis","Jinpo"
46541,"Mahmud","Georg"
90132,"Mandell","Holgard"
246493,"Kobara","Serge"
458131,"Xiaoshan","Kensyu"
285524,"Gimbel","Anoosh"
214293,"Georg","Elvis"
212273,"Frezza","Junsik"
51585,"Siepmann","Udi"
244553,"Parveen","Shunichi"
15062,"Monarch","Mads"
239801,"Merle","Takahira"
258018,"Demos","Yifei"
21563,"Hettesheimer","Kasidit"
434539,"Mukaidono","Zhilian"
208466,"Ballarin","Hilari"
101299,"Horswill","Vivian"
16640,"Liesche","Rafael"
17429,"Ossenbruggen","Aris"
206265,"Pileggi","Constantino"
402931,"Gulla","Panayotis"
277796,"Smailagic","Barry"
476281,"Deville","Kannan"
28103,"Sinitsyn","Clyde"
287285,"Shanbhogue","Jianhao"
244447,"Einsfeld","Elvis"
241455,"Stellhorn","Phuoc"
100770,"Hertweck","Harngdar"
464474,"Gente","Honesty"
430190,"Flanders","Aloys"
42704,"Reinhart","Fumiko"
22767,"Esteva","Elrique"
299304,"Khalid","Geoffry"
32425,"Lung","Keiichiro"
417554,"Iwayama","Vitali"
96296,"Heinisuo","Toney"
66789,"Peak","Tomoyuki"
462263,"Mayerwieser","Nagui"
441390,"Schmiedel","Chandrasekaran"
216125,"Linares","Shakhar"
16540,"Hashii","Zengping"
427370,"Slobodova","Chinho"
100820,"Atrawala","JoAnna"
235377,"Kusalik","Guther"
465665,"Picel","Rimli"
69908,"Griswold","Jianhua"
18788,"Ritcey","Stepehn"
278559,"Jarecki","Make"
81189,"Broomell","Serge"
472936,"Georgakopoulos","Shem"
468670,"Tischendorf","Xiaoqiang"
64360,"Sommen","Baruch"
420448,"Farris","Moss"
101249,"Krider","Dinkar"
264125,"Thibadeau","Arnould"
419230,"Alpay","Siamak"
53660,"Stellhorn","Anyuan"
35348,"Luga","Douadi"
294783,"Fendler","Seshu"
53618,"Christ","Candido"
475508,"Miculan","Heng"
299247,"Tchuente","Takushi"
432174,"Solares","Goh"
54148,"Apsitis","Alain"
256076,"Lienhardt","Florian"
205990,"Milicic","Perry"
52023,"Rodier","Shooichi"
236041,"Nergos","Girolamo"
108315,"Fujisaki","Shao"
26227,"Cannane","Van"
295434,"Kaiserswerth","Kasturi"
242094,"Luef","Arto"
441179,"Sgarro","Tommaso"
273100,"Denny","Subir"
74501,"Velardi","Nathan"
420519,"Veeraraghavan","Vishu"
462861,"Isaak","Kamran"
456976,"Serdy","Basant"
241779,"Masand","Aleksandar"
93462,"Peha","Domenico"
85371,"Lanphier","Suebskul"
481330,"Asser","Odysseas"
269029,"Bouloucos","Fan"
217824,"Ranai","Tomofumi"
274988,"Kisuki","Kersti"
47840,"Syrotiuk","Sugwoo"
37140,"Quittner","Danel"
58159,"Stanger","Mabo"
273953,"Benzaken","Maria"
254601,"Khamsi","Arlette"
232967,"Kalorkoti","Navid"
95402,"Bhattacharjee","Valery"
81715,"Valette","Zhongwei"
204089,"Cannard","Hatem"
49513,"McFarlin","Vishv"
278014,"Lorie","JoAnna"
278982,"Mawatari","Qingxiang"
10149,"Perry","Xiadong"
465206,"Murthy","Shietung"
257966,"Bashian","Krassimir"
98136,"Mellouli","Hausi"
229489,"Bennis","Susuma"
426331,"Schusler","Souichi"
410890,"Gelosh","Mads"
210742,"Hatcliff","Feixiong"
235150,"Welham","Florian"
299909,"Gunderson","Narain"
72809,"Anger","Sumant"
419172,"Morris","Parke"
299680,"Katalagarianos","Sadegh"
103185,"Cardazo","Kwangjo"
88470,"Syrzycki","LiMin"
242507,"Mundy","Dante"
413182,"Stamatiou","Berni"
271480,"Cooley","Arumugam"
20273,"Atrawala","Duro"
224524,"Menhoudj","Guther"
29879,"Khasidashvili","Akhilish"
244978,"Silva","Kiyotoshi"
93513,"Kroll","Tadahiro"
78756,"Veeraraghavan","Gad"
434522,"Birsak","Takushi"
95550,"Murthy","Marla"
234205,"Bernini","Magdalena"
30969,"Imataki","Berry"
25641,"Michaeli","Sven"
68165,"Bernatsky","Youssef"
91001,"Morrin","Mara"
435688,"Bade","Zine"
457036,"Borstler","Vivian"
276301,"Boreale","Ingmar"
281374,"Matzen","Yishay"
79509,"Akiyama","Vitaly"
268781,"Giarratana","Moty"
222169,"Shigei","Adamantios"
434701,"Ballarin","Gopalakrishnan"
257308,"Mikschl","Janalee"
204282,"Koshino","Malu"
28099,"Potthoff","Susanta"
22631,"Versino","Kristinn"
465569,"Sichman","Eishiro"
84920,"Uehara","Bedir"
224248,"Leslie","Weicheng"
410345,"Ballarin","Xiaoqiang"
101841,"Karnin","Khosrow"
480153,"Restivo","Yuriy"
209753,"Basagni","Xiaoqiu"
29994,"Nergos","Sanjeeva"
481449,"Heyers","Uta"
82278,"Murillo","Tomokazu"
240422,"Michaeli","Oguz"
476494,"Pauthner","Jiann"
288431,"Meszaros","Gaetan"
258809,"Luan","Danil"
468925,"Mitzlaff","Chuanyi"
441067,"Akiyama","Toshimo"
52357,"Gulik","Teunis"
76321,"Turnbull","Atreye"
43409,"Boudaillier","Huican"
57554,"Anandan","Moie"
77376,"Hoogerwoord","Zijian"
402397,"Ossenbruggen","Yongmin"
105573,"Gecsei","Danel"
265183,"Egerstedt","Jianwen"
29787,"Wiegley","Guoxiang"
472769,"DuCasse","Aloys"
272438,"Litecky","Tonia"
282734,"Cronau","Clyde"
235516,"Lagarias","Heather"
478610,"Schiettecatte","Gererd"
67219,"Niizuma","Jeanna"
51979,"Hiroyama","Alair"
448659,"Wynblatt","Barna"
281750,"Laventhal","Mohamadou"
28979,"Candan","Hironobu"
274345,"Eiter","Miyeon"
59086,"Ruther","Jessie"
44711,"Nergos","Yurij"
28240,"Lorcy","Reuven"
257448,"DasSarma","Sachin"
279697,"Rajcani","Shahar"
77643,"Skogmar","Remzi"
57352,"Ishibashi","Shuho"
249594,"Pramanik","Vatsa"
203078,"Desikan","Valery"
276994,"Reinhard","Yinghua"
428713,"Schoegge","Edwin"
210985,"Bauknecht","Reinhard"
89087,"Ishibashi","Taegyun"
281339,"Babu","Sorina"
83097,"Stranks","Hiroyasu"
298784,"Brendel","Bouchung"
264034,"Lanphier","Erez"
260772,"Landherr","Abdelghani"
228677,"Servieres","Hein"
257197,"Sambasivam","Kagan"
265073,"Marwedel","Mack"
75857,"Wuwongse","Leszek"
236954,"Ghazalie","Gal"
44727,"Sidje","Annemarie"
99761,"Coors","Mong"
225134,"Benner","Waiman"
13951,"Genther","Mooi"
215574,"Terekhov","Werner"
78834,"Speer","Armond"
288298,"Werthner","Jolita"
218622,"Peir","Chriss"
86334,"Cappelletti","Kwun"
298973,"Hofting","Masaki"
222635,"Narlikar","Utz"
221560,"Weisert","Jahangir"
33638,"Hoppenstand","Tze"
34048,"Calkin","Takanari"
446243,"Schwartzbauer","Along"
31602,"Bernardinello","Indrajit"
207354,"Parascandalo","Susanne"
22653,"Rubsam","Koichi"
475215,"Fordan","Dulce"
456861,"McClurg","Bedrich"
415849,"Walstra","Susanta"
452438,"Manderick","Remzi"
82677,"Decaestecker","Adil"
285788,"Brizzi","Khoa"
436208,"Parhami","Chiradeep"
404265,"Tsunoo","Sajjad"
288051,"Thibadeau","Murthy"
209652,"Lodder","Peternela"
88055,"Schlumberger","Taizo"
66111,"Massonet","Udi"
407125,"Taneja","Gila"
44810,"Bazelow","Zhenhua"
465463,"Vasanthakumar","Pranav"
270385,"Skrikant","Jamaludin"
31764,"Felcyn","Zhigen"
31307,"Vendrig","Souichi"
274472,"Stifter","Munenori"
75752,"Massonet","Richara"
253290,"Cappello","Thodoros"
429735,"Niizuma","Munir"
221818,"Coullard","Djenana"
244191,"Nyanchama","Sanjai"
479879,"Schmezko","Fumiyo"
402068,"Garnham","Faiza"
106365,"Crooks","Odinaldo"
446411,"Khalid","Martial"
431734,"Lukaszewicz","Zongyan"
70453,"Jakobus","Henk"
65579,"Orsini","Adit"
277877,"Krychniak","Kamakshi"
456079,"Kalefeld","Ayakannu"
88056,"Seiwald","Alois"
230813,"Shumilov","Tesuya"
203755,"Siprelle","Manton"
62709,"Fujisaki","Kersti"
260248,"Lambe","Becky"
51601,"Eastman","Hailing"
37849,"Maginnis","Jayesh"
449332,"Garnier","Zengping"
455982,"Krohn","Amalendu"
14527,"Kroha","Arne"
293453,"Ghemri","Gilbert"
51888,"Rosar","Boriana"
246023,"Bugaenko","Lein"
86034,"Asrin","Shirish"
35384,"Kornatzky","Yonghong"
440415,"Pettis","Chrisa"
443450,"Denti","Shawna"
32896,"Tiemann","Bikash"
55002,"Tyugu","Zhonghui"
71289,"Rousseau","Tsutomu"
78664,"Kropp","Kannan"
432447,"Reghbati","Elliott"
240797,"Hofmeyr","Harngdar"
444444,"Katiyar","Mechthild"
41279,"Goldhammer","Shem"
64577,"Siprelle","Pintsang"
29213,"Gustavson","Izaskun"
42594,"Hoppenstand","Thodoros"
57000,"Lortz","Toshiko"
253803,"Papastamatiou","Munenori"
216334,"Kawashimo","Nalini"
431255,"Kragelund","Yakkov"
454304,"Collavizza","Howell"
53951,"Halevi","Houman"
414030,"Impagliazzo","Murthy"
85240,"Businaro","Florian"
36091,"Holburn","Tremaine"
33161,"Pelz","Yuriy"
231555,"Ibel","Aamod"
452221,"Hainaut","Xinyu"
17644,"Akazan","Mats"
479705,"Laurillard","Subhrajyoti"
284964,"Rosar","Yucel"
26600,"Staylopatis","Hidekazu"
475219,"Koprowski","Howell"
27132,"Chimia","Hsiangchu"
248727,"Merro","Shaleah"
465432,"Coombs","Xianlong"
425285,"Daescu","Tiina"
294625,"Hoogerwoord","Foong"
205402,"Beidas","Jaber"
75663,"Baez","Mark"
288729,"Cromarty","Stepehn"
220383,"Giarratana","Angel"
242324,"Kroha","Masami"
297908,"Peha","Hinrich"
91538,"Luck","Gro"
38315,"Yurov","Collette"
102824,"Lally","Amalendu"
286927,"Brendel","Apostol"
462661,"Ghandeharizadeh","Shem"
226478,"Byoun","Larisa"
78997,"Coullard","Chuanti"
467204,"Tyugu","Shiv"
46271,"Bazelow","Masadi"
276507,"Masaki","Remko"
471046,"Shigei","Rasikan"
294319,"Bach","Geoffry"
249654,"Zizka","JoAnna"
74063,"Hashii","Breannda"
56293,"Maksimenko","Iara"
479124,"Munawer","Unal"
288971,"Zhang","Masami"
36817,"Zeilberger","Wanqing"
249955,"Plessier","Ramachenga"
248183,"Zallocco","Pintsang"
69471,"Vanwelkenhuysen","Yongmin"
415692,"Katalagarianos","Kristen"
254578,"Whitcomb","Khoa"
237048,"Zultner","Ibibia"
203699,"Ghemri","Bernice"
296577,"Armand","Sudharsan"
56619,"Rubsam","Turgut"
214094,"Bernardeschi","Makato"
91011,"Baaleh","Eishiro"
46439,"Junet","Ibibia"
456365,"Facello","Shao"
49560,"McDermid","Adam"
31926,"Cheshire","Aamod"
479302,"Akaboshi","Shawna"
459946,"Schlenzig","Weiye"
273226,"Mahmud","Mingzeng"
264435,"Sudkamp","Ung"
75259,"Schreiter","Mads"
40195,"Roisin","Jingling"
70526,"Gelosh","Cheong"
478382,"Caine","Mohit"
419056,"Poupard","Zhonghui"
204977,"Perl","Martina"
66141,"Huxford","Gita"
436111,"Avouris","Susumu"
252081,"Tempesti","Shen"
476552,"Conde","Kyoichi"
434158,"Fasbender","Hiroyasu"
274322,"Benantar","Ranga"
46422,"Ulupinar","Satyanarayana"
41998,"Brodie","Vishwani"
228741,"Zielinski","Marsja"
30928,"Suppi","Arun"
81971,"Rattan","Tristan"
470330,"Cooke","Kotesh"
258353,"Zuberek","Kauko"
430249,"Benveniste","Randy"
412032,"Leonhardt","Alper"
474556,"Hartvigsen","Duri"
459242,"Mitchem","Georgy"
247855,"Yamaashi","Shao"
24262,"Itschner","Huican"
435677,"Eickenmeyer","Keung"
207844,"Adachi","Moheb"
454727,"Muhlberg","Aamer"
220996,"Mahnke","Turgut"
272840,"Gulak","Sorina"
241838,"Guardalben","Mahmut"
216921,"Lenart","Lena"
404620,"Munos","Patricio"
447155,"Hasenauer","Eishiro"
231042,"Christ","Luigi"
78335,"Ishibashi","Bodo"
84710,"Kalefeld","Bodh"
419212,"Yavatkar","Persi"
230050,"Ghandeharizadeh","Pranay"
436899,"Atchley","Bojan"
252643,"Thorensen","Aleksandar"
289669,"Litzler","Larisa"
18302,"Munke","Lein"
433338,"Aamodt","Gian"
466817,"Ananiadou","Gadiel"
462097,"Keohane","Mircea"
287911,"Murrill","Pradeep"
243881,"Giveon","Collette"
449316,"Decaestecker","Candida"
221271,"Vrecion","Randy"
246669,"Sudkamp","Valdiodio"
413871,"Kaiser","Alois"
295684,"Janetzko","Goa"
61260,"Nollmann","Howell"
405678,"Marakhovsky","Sumali"
447321,"Foote","Yishai"
404134,"Rehfuss","Luigi"
276531,"Litvinov","Michaela"
205102,"Gihr","Visit"
39374,"Maierhofer","Zvonko"
92164,"Sambasivam","Lene"
207123,"Morrow","Joydip"
287032,"Boissier","Sachio"
419992,"Kenevan","Mototsugu"
24246,"Azulay","Marek"
406345,"Swiss","Chirstian"
214677,"Speel","Saeko"
108202,"Rodham","Kenroku"
243759,"Chimia","Piyush"
85248,"Yetto","Mayuko"
274693,"Danecki","Aloys"
266970,"Hebert","Otilia"
202419,"Conde","Mona"
26403,"Skogmar","Aria"
469093,"Carrera","Shakhar"
229253,"Stille","Sushant"
279118,"Ramamoorthy","Remko"
15760,"Bondorf","Gaetan"
278097,"Lubachevsky","Hugo"
203562,"Trachtenberg","Xianlong"
96160,"Encarnacion","Noritoshi"
476594,"VanScheik","Ewing"
219487,"Qiwen","Sushant"
10178,"Litvinov","Valery"
246270,"Heyers","Pasqua"
473195,"Pramanik","Trygve"
477282,"Baak","Xuejia"
283694,"Heemskerk","Karlis"
286852,"Oppitz","Anwar"
237894,"Dalton","Jiang"
209384,"Socorro","Sariel"
23604,"Foote","Chinhyun"
459344,"Impagliazzo","Ferdinand"
206866,"Merro","Aral"
71960,"Karnin","Teunis"
456969,"Schoegge","Randy"
250776,"Loncour","Stevo"
33377,"Dulin","Zeljko"
294051,"Renear","Francesca"
52775,"Ozery","JiYoung"
472874,"Kleiser","Shalesh"
404768,"Swiler","Toshimori"
249221,"Munck","Tomofumi"
476942,"Hoogerwoord","Claude"
102691,"Molenaar","Irene"
422201,"Schade","Atreyi"
42783,"Dayana","Huican"
221128,"Keohane","Hatsukazu"
401817,"Samarati","Ayakannu"
200947,"Perelgut","Troy"
41034,"Doering","Sachem"
433072,"Herber","Shuzo"
30848,"Baez","Valeska"
238515,"Kisuki","Bader"
216547,"Luga","Martijn"
416302,"Rindone","Caolyn"
267932,"Zaiane","Paraskevi"
425942,"Litvinov","Frazer"
43117,"Broder","Heng"
19205,"Sinitsyn","Moto"
412655,"Gniady","Yuqun"
74137,"Vidal","Joydip"
428073,"Improta","Lech"
55441,"Wursthorn","Sasan"
406118,"Birsak","Zine"
442616,"Hiroyama","Conor"
446072,"Condotta","Maren"
289905,"Ramamoorthy","Emdad"
481544,"Riexinger","Georg"
456471,"Bael","Angus"
456717,"Maraist","Jiafu"
24530,"Bhattacharjee","Shen"
17291,"Berendt","Heather"
445773,"Acton","Bodh"
436222,"Zweizig","King"
282563,"Openshaw","Marlo"
105475,"Impagliazzo","Mariangiola"
242985,"Perly","Lene"
101021,"Bolsens","Niranjan"
242334,"Kadhim","Renny"
207249,"Tsukune","Candido"
81260,"Granlund","Harngdar"
94178,"Mondadori","Zhanqiu"
455594,"Khalid","Shay"
263866,"Veevers","Elzbieta"
258020,"Lanteri","Mitchel"
250024,"Rijsenbrij","Beshir"
236697,"Navazio","Toshimitsu"
29581,"Pusterhofer","Remco"
413978,"Buchter","Jianwen"
475396,"Fiutem","Xiahua"
22512,"Karner","Ottavia"
74753,"Kalafatis","Weiru"
216535,"Heering","Honglan"
261612,"Stranks","Jiann"
52286,"Lorho","Mong"
205067,"Lubachevsky","Sampalli"
18386,"Zyda","Alagu"
34398,"Kusakari","Giao"
256655,"Mundy","Guiseppe"
106545,"Delgrande","Feipei"
404641,"Schwartzbauer","Rimli"
22002,"Vecchi","Jiang"
87789,"Rosenbaum","Froduald"
452984,"Brendel","Arup"
428496,"Papsdorf","Mayuko"
434206,"Angelov","Elrique"
433106,"Benzmuller","Hugh"
41123,"Cichocki","Christoper"
403926,"Pelz","Kensyu"
203499,"Daescu","Rimli"
470019,"Negoita","Kensei"
27235,"Piveteau","Hein"
57416,"Mikschl","Val"
77701,"Kalorkoti","Marie"
219907,"Tyugu","Huan"
453499,"Conti","Odysseas"
415986,"Claffy","Demin"
276799,"Falco","Mizuhito"
271883,"Boreale","Marsal"
26886,"Rikino","Ung"
445100,"Ciolek","Anneke"
77966,"Garnham","Panayotis"
20300,"Nittel","Jenwei"
108170,"Etalle","Kazuhito"
436585,"Pargas","Adib"
477503,"Narahara","Yishay"
60842,"Menhoudj","Adam"
96362,"Sichman","Hongzue"
466965,"Sgarro","Kristin"
430261,"Keustermans","Shaw"
276658,"Peltason","Wayne"
92247,"Knightly","Mang"
445700,"Levasseur","Ortrud"
207805,"Siegrist","Mads"
234948,"Shackell","Shao"
215054,"Hiyoshi","Tomokazu"
417753,"Suermann","Sajjad"
276798,"Schurmann","Lillian"
220200,"Sabnani","Rance"
60082,"Straney","Masasuke"
453299,"Penttonen","Hyuckchul"
208488,"Strooper","Naftaly"
470941,"Klyachko","Shaleah"
250658,"Nastansky","Satosi"
229046,"Denti","Fabrizio"
25103,"Pocchiola","Kazuhira"
403493,"Weisert","Marit"
218167,"Fargier","Diederik"
26152,"Radhakrishnan","Billur"
275590,"Pleszkun","Marke"
56143,"Bondorf","Sakthirel"
228013,"Armand","Dipankar"
32198,"Stavenow","Pantung"
476157,"Impagliazzo","Michaela"
427111,"Stellhorn","Satosi"
64368,"Wrigley","Arif"
458946,"Hatcliff","Shuky"
231563,"Rijckaert","Khosrow"
79625,"Falby","Kristine"
236786,"Thorelli","Kokou"
471984,"Nyanchama","Sachin"
280501,"Heystek","Yefim"
252621,"Kavanagh","Basil"
461240,"Petersohn","Danai"
401188,"Zucker","Amabile"
269918,"Pelc","Stella"
206474,"Brodie","Feixiong"
425785,"Rijsenbrij","Przemyslawa"
426282,"Savasere","Gianluca"
247341,"Brlek","Cathie"
244993,"Zeidenstein","Elgin"
281573,"Brodal","Kensei"
25953,"Felder","Mori"
74092,"Zongker","Tadanori"
82573,"Berendt","Genevieve"
257380,"Tagansky","Chriss"
87494,"Quadeer","Reinhard"
480938,"Waeselynck","Tze"
453389,"Picaronny","Ewing"
245549,"Marakhovsky","Mahendra"
23829,"Waschkowski","Marko"
473097,"Linnainmaa","Shooichi"
480536,"Gyorkos","Lansing"
62540,"Qiwen","Mohit"
80284,"Garnick","Aiman"
434477,"Yavatkar","Krisda"
43466,"Kusalik","Yuping"
475630,"Skogmar","Martijn"
82052,"Rahier","Lidong"
32436,"Bultermann","Mary"
229149,"Bashian","Chanjung"
77619,"Desikan","Kamakshi"
252179,"DasSarma","Basant"
285547,"Denis","Miquel"
426573,"Gonthier","Hausi"
224643,"Janetzko","Kazuhisa"
471400,"Panangaden","Jixiang"
469638,"Gaughan","Zhonghui"
98691,"Emmart","Iara"
92538,"Orlowska","Kyoichi"
469866,"McClure","Gadiel"
228517,"Leaver","Huei"
232113,"Sichman","Jaideep"
256832,"Zobel","Gen"
402391,"Nyrup","Aruna"
260565,"Zaumen","Filipe"
13947,"Nishimukai","Gal"
259568,"Miyakawa","Shaw"
231878,"Thimonier","Maren"
98359,"Benveniste","Pranay"
280327,"Roisin","Xiping"
31958,"Onuegbe","Ziyad"
427287,"Detkin","Boutros"
275304,"Koshino","Ravishankar"
407347,"Bahi","Arumugam"
242020,"Gargeya","Youssef"
446292,"Mandelberg","Keung"
416948,"Peac","Reinhard"
461931,"Berztiss","Samphel"
457747,"Peha","Brendon"
434150,"Pashtan","Vidar"
464340,"Peek","Gil"
289214,"Lamba","Honesty"
46328,"Trogemann","Wuxu"
49591,"Miculan","Apostol"
234721,"Murthy","Seongbin"
212728,"Pillow","Marsja"
475690,"Worfolk","Tsvetan"
39199,"Mawatari","Berry"
428331,"Mapelli","Aloke"
456662,"Stroustrup","Jacqueline"
402550,"Penz","Tzu"
296688,"Schieder","Nahid"
479642,"Wixon","Qiwen"
50047,"Pusterhofer","Subhash"
203280,"Spelt","Miquel"
468102,"Debuse","Harngdar"
408306,"Nishimukai","Tooru"
85399,"Gomatam","Fei"
446461,"Eickenmeyer","Jeong"
73653,"Luiz","Mohd"
244774,"Wilharm","Danco"
468852,"Merlo","Alselm"
455931,"Ranka","Kitty"
419367,"Gelosh","Moto"
234449,"Fujisaki","Morrie"
472102,"Redmiles","Gil"
96989,"Shobatake","Youpyo"
243050,"Wilharm","Anneli"
57257,"Manderick","Isamu"
30874,"Luck","Amstein"
56739,"Fraisse","Leaf"
25678,"Dengi","Zhiguo"
436958,"Alencar","Nimmagadda"
401714,"Axelband","Tamiya"
89385,"Fendler","Arnould"
69296,"McFarlan","Werner"
45271,"Dredge","Suzette"
462731,"Botman","Saddek"
430794,"Gecseg","Masaru"
298193,"Pavlopoulou","Abdelkader"
250557,"Mundy","Shigeo"
261990,"Czaja","Volkmar"
53085,"Melter","Ziyad"
437650,"Fasbender","Ramalingam"
427874,"Eiron","Zhiwei"
46163,"Muhlberg","Nigel"
404878,"Schaaf","Syozo"
261934,"Gargeya","Anestis"
472325,"Glinert","Snehasis"
425875,"Kroft","Jahangir"
220869,"Braunmuhl","JoAnne"
89825,"Isard","Ingmar"
400370,"Quaggetto","Sanjay"
232663,"Cincotta","Lihong"
20070,"Bellone","Tse"
57399,"Matzke","Doowon"
41205,"Cusworth","Charlene"
468015,"Lorie","Tadanori"
424458,"Luca","Alassane"
274059,"Falby","Niclas"
294057,"Kropp","Saeed"
243560,"Halloran","Siddarth"
95909,"Plessier","Jaques"
291393,"Qiwen","Zeydy"
53751,"Jayawardene","Teruyuki"
58469,"Flanders","Kazuhiko"
223113,"Wielonsky","Gilbert"
65120,"Garrabrants","Rosalie"
42334,"Delaune","Gaurav"
88290,"Pramanik","Zorica"
417343,"Blokdijk","Weiru"
458567,"Demian","Vasilis"
415554,"Panienski","Goh"
239962,"Ossenbruggen","Owen"
209274,"Heuser","Yuchang"
94416,"Cesareni","Aran"
48877,"Matzke","Pasqua"
236411,"Benner","Nirmal"
234655,"Demeyer","Souichi"
467704,"Demian","Shigeu"
275151,"Neiman","Tzvetan"
468753,"Peek","Magy"
449314,"Dichev","Lucian"
279408,"Stenning","Gudjon"
214554,"Piazza","Gritta"
16256,"Jakobus","Carrsten"
448231,"Bauknecht","Goncalo"
62599,"Calkin","Yuguang"
459326,"Flanders","Mitsuyuki"
212755,"Cmelik","Sibyl"
38007,"Seghrouchni","Lenore"
261460,"Sankaranarayanan","Dipankar"
94979,"Chimia","Mary"
294097,"Cummings","Kazunori"
65267,"Furedi","Shietung"
457817,"Carrere","JoAnne"
102055,"McConalogue","Moheb"
466283,"Narwekar","Aemilian"
293540,"Lindenbaum","Renee"
427879,"Rassart","Sashi"
220786,"Bala","Nikolaus"
248798,"Argence","Bowen"
60563,"Esposito","Toshiko"
455785,"Polajnar","Boalin"
404001,"Seuren","Mizuhito"
280637,"Klerer","Chriss"
85373,"Ambroszkiewicz","Gennady"
210929,"Kruskal","Marsal"
458126,"Anick","Adit"
24106,"Brobst","Wanqing"
401303,"Shokrollahi","Younwoo"
451910,"Barinka","Udi"
444169,"Marrakchi","Kristine"
42574,"Barriga","Vugranam"
457405,"Arlazarov","Gill"
433105,"Cmelik","Leif"
417249,"Marrakchi","Tua"
56928,"Nyrup","Zhigen"
19416,"DeMori","Howell"
222132,"Androutsos","Ulises"
103646,"Loncour","Eben"
72635,"Chachaty","Conrado"
264755,"Benzmuller","Nitsan"
475338,"Desikan","Oscal"
439960,"Vanwelkenhuysen","Shuzo"
74594,"Range","Falguni"
51125,"Kawashimo","Stein"
63460,"Hinsberger","Heng"
249190,"Coombs","Zhonghua"
15371,"Kuszyk","Shih"
257750,"Flasterstein","Denny"
84097,"Bahl","Constantino"
451104,"Gecsel","Xuejia"
455391,"Kampfer","Ipke"
446555,"Erde","Hatim"
455052,"Perna","Aleksandar"
267597,"Ruther","Lucian"
61264,"Sethi","Shuzo"
455260,"Lanzelotte","Ayakannu"
281548,"Lichtner","Yishay"
229364,"Magliocco","Dulce"
424564,"Stasinski","Kristina"
99645,"Litzler","Rafael"
431712,"Randi","Jaber"
80612,"Mahmud","Dayanand"
444879,"Rathonyi","Adil"
22317,"Granlund","Heather"
68486,"Antonisse","Shay"
288207,"Sigstam","Hidekazu"
68413,"Menyhert","Shigeu"
106385,"Rothe","Gunilla"
431568,"Coombs","Georgi"
103782,"Baez","Sigeru"
413660,"Esteva","Stein"
54331,"Schwartzbauer","Zhensheng"
28736,"Linnainmaa","Goa"
474577,"Plump","Manohar"
101177,"Linares","Shir"
51519,"Cannard","Shem"
31425,"Anger","Mohammad"
82397,"Peris","Mart"
10637,"Frolund","Heejo"
228246,"Aloisi","Bartek"
70581,"Walston","Dines"
290279,"Esposito","Jouko"
466470,"Figueira","Lakshmi"
429119,"dAstous","Holgard"
265953,"Magliocco","Tsvetan"
93302,"Porenta","Mohammad"
405734,"Preusig","Roselyn"
80352,"Melton","Arunachalam"
12893,"Crouzet","Licheng"
471740,"Hatcliff","Kerhong"
226727,"Vecchi","Nishit"
103212,"Bratten","Khatoun"
24324,"Hettesheimer","Geoffry"
95412,"Kropf","Teiji"
18659,"Portugali","Michaela"
478923,"Leaver","Zengping"
440489,"Cannata","Niranjan"
411431,"Uludag","Xiaocheng"
475816,"Siksek","Tonny"
283754,"Kisuki","Alselm"
256476,"Busillo","Gaurav"
85677,"Jervis","Kristina"
298738,"Wolniewicz","Susumu"
71847,"Kadhim","Seshu"
453452,"Codenie","Shir"
447810,"Reeker","Angel"
214543,"Ghandeharizadeh","Kazuhito"
102457,"Sidhu","Boalin"
287486,"Aloisi","Xiaopeng"
400347,"Peot","Katsuo"
299621,"Cheshire","Danai"
219899,"Schmezko","Gad"
201277,"Boissier","Mack"
459589,"Baaz","Radhika"
250388,"Provine","Karlis"
459166,"Thummel","Kwok"
430189,"Businaro","Zita"
418802,"Heuter","Mabhin"
241402,"Verspoor","Aamod"
403434,"Mitchem","Zsolt"
474021,"Janetzko","Berto"
257505,"Conta","Eran"
263140,"Iisaku","Abdulla"
109209,"Takkinen","Oldrich"
91472,"Angel","Jordanka"
428999,"Ghandeharizadeh","Emdad"
405475,"Ranka","Sachio"
229219,"Hiltgen","Hideo"
240836,"Kulisch","Vivian"
429022,"Schlegelmilch","Jackson"
424337,"Benantar","Tzu"
216083,"Syang","Luerbio"
99407,"Nitsch","Niteen"
445854,"Falco","Alain"
88247,"Fasbender","Marjo"
71359,"Velasco","Jamaludin"
200988,"Thambidurai","Shaw"
272705,"Gips","Shirish"
97640,"Famili","Tsuneo"
445946,"Capobianchi","Eben"
448930,"Ghandeharizadeh","Vasilis"
238792,"Alpin","Kaijung"
53835,"Sherertz","Francesca"
98616,"Honglei","Jaewon"
93332,"Uhrig","Roselyn"
46625,"Baby","Ferdinand"
253168,"Luon","Keiichiro"
32479,"Olano","Kerhong"
238085,"Gecseg","Muneo"
61034,"Juneja","Zita"
473115,"Gimarc","Zhanqiu"
465090,"Zambonelli","Utpal"
441578,"Kornatzky","Constantine"
34600,"Middleton","Godehard"
17671,"England","Arunachalam"
45368,"Ratzlaff","Kristen"
18484,"Bala","Ger"
457015,"Biran","Yoshinari"
11632,"Bach","Baoqiu"
209245,"Pagter","Xuedong"
84868,"Ozeri","Rosalie"
243059,"Langford","Dayanand"
278415,"Fendler","Shigeichiro"
79498,"Mapelli","Hilari"
416712,"Cochrane","Alper"
429095,"Puppe","Zeljko"
91344,"Schueller","Nishit"
101378,"Monkewich","Reinhold"
475620,"Siegrist","Alassane"
438035,"Koblitz","Boguslaw"
97070,"Fandrianto","Tse"
457760,"Rijsenbrij","Tse"
453479,"Sudbeck","Zhensheng"
249384,"Rosca","Danai"
84033,"Dulli","Etsuo"
25445,"Azuma","Chikako"
295788,"Meszaros","Shugo"
92278,"Rosenbaum","Foong"
247019,"Panangaden","Urs"
247091,"Pardalos","Idoia"
23020,"Kampfer","Arvind"
451692,"Montemayor","Jiang"
63454,"Erez","Alois"
49503,"Narwekar","Gift"
29183,"Fadgyas","Geraldo"
219591,"Guardalben","Poorav"
202989,"Vigier","Mads"
284827,"Kalafatis","Guenter"
52686,"Melski","Ravishankar"
285518,"Terlouw","Aimee"
61373,"Feinberg","Basem"
434810,"Jeansoulin","Masaru"
62808,"Lorch","Manohar"
74711,"Thiria","Sadok"
479152,"Thombley","Maren"
282926,"Stemann","Tianruo"
429603,"Ramamoorthy","Marsja"
64954,"Sury","Chaitali"
48441,"Ratzlaff","Becky"
261856,"Gente","Domenico"
247363,"Luby","Pramod"
280948,"Staudhammer","Christoper"
95796,"Azulay","Charmane"
68555,"Baba","Yuriy"
427239,"Pelz","Duke"
12100,"Beznosov","Nevio"
471241,"Strandh","Ymte"
250243,"Suomi","Arup"
67607,"Serov","Sibyl"
64783,"Ramsey","Willard"
274056,"Zyda","Gully"
264756,"Wilharm","Dietrich"
478192,"Bergere","Badri"
283799,"England","Zhaofang"
276482,"Mitchem","Kaijung"
258991,"Boreale","Niteen"
108874,"Penn","Pohua"
243316,"Talmon","Brendon"
230610,"Veevers","Stepehn"
109083,"Merel","Moto"
436182,"Dusink","Matt"
437683,"Ranst","Yolla"
270203,"Feinberg","Hein"
200809,"Basawa","Arvin"
450622,"Undy","Xuejun"
428585,"Selvestrel","Sanjeeva"
50588,"Swan","Ghassan"
438504,"Janetzko","Elrique"
97291,"Chaudhury","Aiichiro"
425950,"Binkley","Khalil"
243942,"Chimia","Gor"
31355,"Cmelik","Edwin"
24354,"Cmelik","Shiv"
215327,"Olano","Florina"
17354,"Monkewich","Jasminko"
50677,"Perfilyeva","Fei"
49083,"Nations","Shaowei"
265676,"Monarch","Owen"
245811,"Ramsak","Shunichi"
234735,"Stellhorn","Sreenivas"
200567,"Vecchi","Arnd"
402271,"Pell","Tristan"
412674,"Chaudhury","Tristan"
266063,"Sankaranarayanan","Hidde"
474470,"Emmerich","Almudena"
437256,"Bage","Poorav"
289950,"Koshino","Sudharsan"
209726,"Limongiello","Yishay"
424792,"Bruckman","Huican"
34621,"Munch","Jasminko"
267687,"Kobuchi","Zine"
229034,"Boissier","Kiyomitsu"
415686,"Beutelspacher","Uwe"
463940,"Kroha","Jinya"
49356,"Angot","Shem"
21501,"Snedden","Ramachenga"
45073,"Olivero","Xiadong"
250496,"Gyorkos","Alper"
204104,"Usdin","Patricio"
27242,"Kornatzky","Dines"
479746,"Trumbly","Tomokazu"
39091,"Merli","Ugo"
223388,"Vigier","Katsuo"
206825,"Kawashima","Morrie"
215184,"Kakkar","Akhilish"
32513,"Swan","Sadok"
463127,"Bellone","Sanjai"
434289,"Broomell","Sajjan"
232801,"Legleitner","Krassimir"
230547,"Aumann","Chuanyi"
420140,"Pearson","Dzung"
414084,"Facello","Khalil"
248894,"Peternell","Adas"
245092,"Swist","Fuqing"
268907,"Gluchowski","Mana"
246349,"Suppi","Arto"
282467,"Woycyznski","Duangkaew"
262635,"Syrzycki","Marit"
470813,"Zaccaria","Uno"
434284,"Baranowski","Sudharsan"
477878,"Erev","Ung"
437162,"Kenevan","Zhiwei"
454188,"Stenning","Honglan"
409169,"Gornas","Herb"
456509,"Schlegelmilch","Gio"
414476,"Caine","Hailing"
43052,"Baezner","Toong"
13656,"Ferretti","Oldrich"
259503,"Ishibashi","Serap"
282026,"Loncour","Erez"
101487,"Sury","Abdelaziz"
60227,"Sevcikova","Bowen"
404234,"Nastansky","Khoa"
56422,"Skafidas","Krister"
256721,"Melski","Theirry"
270696,"Henders","Sachin"
269789,"England","Vishv"
106424,"Sidhu","Stevo"
40297,"Hagimont","Ingemar"
273067,"Barinka","Matk"
206980,"Lambe","Mana"
277473,"Azevdeo","Petter"
259651,"Falby","Boaz"
209868,"Rusmann","Duke"
104766,"Peir","Sham"
426367,"Nitta","Qiwen"
61713,"Himler","Chanjung"
26365,"Veevers","Hercules"
106809,"Rotem","Yongqiao"
451114,"Horswill","Rimli"
23860,"Kumaresan","Malu"
55021,"Zaumen","Youngkon"
441434,"Beetstra","Chenxi"
92274,"Smeets","Weiru"
44113,"Silva","Gino"
419791,"Prampolini","Constantijn"
283699,"Welham","Xiaopeng"
292458,"Armand","Akeno"
215089,"Suomi","Denny"
441013,"Rande","Satoru"
230995,"Lores","Navin"
456580,"Fortenbacher","Marsha"
79686,"Edelhoff","Petter"
60124,"Sichman","Kagan"
54272,"Pepe","Dayanand"
205390,"McAlpine","Zito"
268335,"Merkl","Panayotis"
96978,"Kalsbeek","Suebskul"
436274,"Mahmud","Danae"
217223,"Tibblin","Tsutomu"
409635,"Negoita","Navin"
42452,"Sidou","Itzchak"
409897,"Percebois","Mohd"
97274,"Pollacia","Sachio"
62544,"Serdy","Kazuhira"
421234,"Erni","Lene"
77183,"Schueller","Isaac"
73035,"Cummings","Kensyu"
15330,"Chinal","Jaroslava"
10570,"Morrin","Alassane"
296918,"Itzigehl","Sashi"
247800,"Ranum","Yuuichi"
427008,"Hebert","Jeanne"
34586,"Alvarado","Qunsheng"
415356,"Hofting","Mostafa"
16284,"Rusterholz","Hugh"
411815,"Serdy","Uli"
265268,"Lally","Yoshinari"
43506,"Piazza","Parviz"
233665,"Murtha","Tokuyasu"
461369,"Munawer","Ipke"
64396,"Seiwald","Ayonca"
260028,"Oppitz","Magdalena"
73685,"Fujisaki","Yurii"
109061,"Gulak","Chaosheng"
412181,"Thiria","Minghong"
254635,"Luef","Baziley"
38171,"Lindqvist","Sergi"
427315,"Onuegbe","Masami"
241672,"Schlegelmilch","Augustine"
290492,"Cummings","Sorina"
46584,"Sessa","Kerhong"
47942,"Luby","Chriss"
290329,"Luks","Branimir"
205951,"Hiroyama","Itzchak"
79596,"Papadias","Gio"
241348,"Morrin","Phule"
255562,"Huxford","Deniz"
89959,"Katalagarianos","Valery"
60788,"Reghbati","Valter"
265732,"Feldmann","Dmitri"
212796,"Eiron","Troy"
53418,"Alencar","Hiroyasu"
254080,"Varley","Xuedong"
239434,"Peac","Rimon"
53661,"Wixon","Kaijung"
61227,"Foote","Muneo"
30019,"Baer","Ashish"
64250,"Farris","Arvind"
285723,"Reeken","Kellie"
235993,"Oaver","Jiang"
212003,"Nittel","Margareta"
297856,"Hainaut","Gopalakrishnan"
70193,"Selenyi","Tsuneo"
435932,"Hmelo","Tsz"
55741,"Conde","Vasilii"
50270,"Narwekar","Maia"
272159,"Nilsson","Siddarth"
261365,"Asmuth","Feiyu"
41099,"Rosaz","Lorien"
295457,"Mayerwieser","Demos"
63793,"Salverda","Jessie"
403501,"Fujisaki","Hatsukazu"
235066,"Ritzmann","Ute"
206814,"Aingworth","Lene"
87577,"Swick","Lunjin"
96441,"Zambonelli","Masami"
260746,"Baca","Hilary"
428634,"Garrabrants","Lucien"
102487,"Merle","Ottavia"
84662,"Kalafatis","Sanjeeva"
82241,"Weedon","Serenella"
208859,"Brickell","Giordano"
237294,"Hoppenstand","Leandro"
215344,"Denny","Christfried"
424505,"Chinen","Mabry"
411513,"Hainaut","Ute"
265981,"Georg","Taegyun"
462284,"Farrow","Samphel"
45498,"Angelopoulos","Georg"
42708,"Petereit","Hitomi"
93138,"Acton","Yaghout"
278939,"Hammerschmidt","Taizo"
57521,"Baak","Janalee"
96958,"Shihab","Shaowen"
230124,"Marzano","Radhia"
290270,"Scallan","Zhaofang"
288361,"Khasidashvili","Roselyn"
233663,"Barvinok","Kasidit"
243585,"Michaeli","Kayoko"
458266,"Badache","Shahid"
234781,"Parhami","Aran"
44753,"Strehl","Jayson"
402653,"Bade","Navin"
201270,"Tagansky","Arun"
70265,"Baaleh","Saeed"
434627,"Muchinsky","Yinghua"
54286,"Erbe","Kaijung"
449657,"Serre","Cathie"
421821,"Ruther","Chandrasekaran"
273358,"Klyachko","Soenke"
227623,"Kumaresan","Shih"
224070,"Krzyzanowski","Chrisa"
39437,"Haldar","Goncalo"
280448,"Aamodt","Theron"
447910,"Murtha","Uma"
278544,"Dechter","Mori"
255486,"Hopewell","Bingning"
214680,"Seghrouchni","Janche"
445724,"Facello","Zissis"
86771,"Demian","Dzung"
454453,"Menyhert","Kayoko"
211851,"Poulakidas","Cheong"
280709,"Caine","Hirochika"
277032,"Kaiserswerth","Shounak"
294847,"Swist","Kotesh"
44503,"Francisci","Xinan"
277644,"Schlegelmilch","Francoise"
210388,"Masaki","Conrado"
269425,"Picco","Muzhong"
251300,"Shimshoni","Keiichiro"
223401,"McAffer","Domenick"
239770,"Soloway","Abdulla"
92114,"Bierbaum","Theron"
34552,"Llado","Souichi"
60295,"Vanwelkenhuysen","Dulce"
294143,"Dulin","Theron"
424473,"Kusakari","Mingzeng"
416897,"Eppinger","Koldo"
109318,"Brlek","Gift"
417328,"Molenaar","Xinyu"
22593,"Jeansoulin","Danae"
263464,"Hitomi","Ranan"
83781,"Rullman","Shuzo"
37758,"Wilharm","Hairong"
63405,"Schieder","Yongmin"
20579,"Flowers","Shuho"
79950,"Uludag","Weiye"
20019,"Apsitis","Zhenbing"
233655,"Parveen","Arch"
479827,"DuBourdieux","Marit"
296002,"Lores","Manibrata"
205938,"Mandelberg","Remco"
463635,"Kavvadias","Renee"
404014,"Improta","Djelloul"
279858,"Ananiadou","Szabolcs"
85406,"Matzke","Serap"
202955,"Schahn","Roddy"
39295,"Ginesta","Yuchang"
219712,"Hertweck","Charmane"
212310,"Rusmann","Katsuyuki"
474812,"Speel","Khun"
454268,"Sifakis","Paris"
478933,"Honiden","Shawna"
434426,"Furedi","Ayonca"
87300,"Ozery","Reinhold"
47024,"Bade","Mayuko"
246185,"Itzigehl","Ulises"
98156,"Tanemo","Rajmohan"
211775,"Haddadi","Uriel"
75668,"Bratsberg","Sarita"
283889,"Erev","Tomokazu"
466684,"Ibel","Khue"
436571,"Pietrzykowski","Rosella"
259577,"Jullig","Badri"
255819,"Blokdijk","Arumugam"
225167,"Parascandalo","Mohan"
251450,"Setiz","Yishai"
204216,"Ellozy","Mrinalini"
30517,"Setlzner","Kwangjo"
415053,"Falby","Marsal"
293537,"Chiodo","Quingbo"
292386,"Huttel","Yuqun"
433738,"Petersohn","Toshimi"
279232,"DasSarma","Rayond"
20921,"Breugel","Alper"
409747,"Boreale","Steen"
243183,"Fiutem","Alselm"
412379,"Setlzner","Goh"
439139,"Brookner","Xuejia"
66716,"Kermarrec","Elgin"
439010,"Dayang","Woody"
21996,"McAlpine","Lalit"
474417,"Curless","Florina"
454322,"Delaune","Dulce"
284461,"Koshiba","Moheb"
419458,"Lundstrom","Arno"
437446,"Ratnaker","Huai"
36434,"Bolsens","Uinam"
460565,"Sgarro","Basim"
21405,"Matteis","Yuguang"
109773,"Rettelbach","Leandro"
58186,"Morrey","Vesna"
438037,"Akiyama","Luigi"
17042,"Gammage","Berna"
10692,"Bage","Larisa"
53911,"Peyn","Maria"
204244,"Demri","Bogdan"
459832,"Holburn","Sumali"
67645,"dAstous","Willard"
44760,"Karner","Takahiro"
21693,"Schurmann","Palash"
82210,"Schapiro","Phule"
105412,"Orlowski","Sedat"
421775,"Baak","Gretta"
420021,"Eastman","Stevo"
247321,"Back","Yurij"
220775,"Leuchs","Hinrich"
268845,"Heering","Jasminko"
80258,"Hiyoshi","Hirochika"
412093,"Engelmann","Avishai"
57930,"Veeraraghavan","Hideyuki"
97475,"Avouris","Perla"
43634,"Dengi","Jinxi"
275500,"Reeker","Masaki"
200247,"Beznosov","Chaoyi"
83568,"Docker","Aran"
263098,"Marchegay","Chikara"
259438,"Usery","Keiichiro"
224215,"Kawashimo","Sivanarayana"
106387,"Henders","Siamak"
46919,"Karner","Giri"
95730,"Steenbeek","Ingmar"
72557,"Katzenelson","Werner"
438613,"Junot","Mechthild"
269714,"Zucker","Xiahua"
59118,"Back","Margo"
469628,"DeMori","Somnath"
10923,"Maquelin","Younwoo"
451207,"Decaestecker","Kristen"
246919,"Perin","Menkae"
430563,"Chaudhury","Kazuhiko"
469091,"Baek","Karlis"
266017,"Spelt","Gift"
472126,"Setiz","Kolar"
467876,"Mondadori","Zeydy"
295439,"Fadgyas","Makato"
244111,"Jullig","Ronghao"
242164,"Shihab","Mary"
66687,"Simmen","Kien"
429799,"Barbanera","Hyuncheol"
273626,"Scallan","Bluma"
11747,"Kossowski","Aksel"
65012,"Taubman","Arch"
29804,"Gurbaxani","Manu"
276906,"Domenig","Kwangsub"
26920,"Zobel","Jahangir"
47552,"Gien","Hongzhu"
56350,"Ariola","Boguslaw"
239599,"Kitai","Weijing"
85457,"Edelhoff","Gian"
423133,"Mandell","Amstein"
434376,"Luby","Angel"
465416,"Peltason","Subir"
29348,"Gajiwala","Tamiya"
258796,"Hofstetter","Badri"
44715,"Warwick","Peternela"
67001,"Bazzichi","Mizuhito"
298279,"Hoppenstand","Shaunak"
405049,"Billingsley","Heng"
240247,"Peot","Shigehito"
235442,"Heuser","Chikako"
66756,"Nyrup","Xiaoqiu"
408513,"Demri","King"
214696,"Jeong","Arfst"
425496,"Ruemmler","Ramzi"
477441,"Siegrist","Chanjung"
417931,"Iacovou","Shan"
295775,"Carrera","Ronnie"
75957,"Heystek","Candido"
447552,"Bashian","Christ"
51680,"Mikschl","Martien"
467037,"Neiman","Georgy"
10862,"Kadhim","Zhenbing"
41113,"Tetzlaff","Margo"
409252,"Skafidas","Itzchak"
295435,"Heiserman","Przemyslawa"
299456,"Kossowski","Yongqiao"
255250,"Tiemann","Khalid"
469680,"Peron","Angel"
269205,"Junet","Fumitake"
448788,"Junet","Ramzi"
269787,"Gire","Chenye"
424978,"Jullig","Baocai"
266303,"Picci","Toshimi"
427758,"Eugenio","Mikhail"
245813,"Zielinski","King"
98527,"Madeira","Marko"
413345,"Baak","Masami"
413013,"Azadmanesh","Shigehito"
235829,"Iivonen","Sumant"
44089,"Kinley","Kasturi"
294087,"Mansanne","Gadiel"
208968,"Ramsay","Takahira"
217421,"Streit","Zsolt"
405724,"Antonakopoulos","Hideo"
447705,"Docker","Giordano"
447356,"Maraist","Vivian"
14639,"Hempstead","Arvind"
58131,"Conta","Prasadram"
429525,"Oehlmann","Mrinalini"
77139,"Wolniewicz","Sanjiv"
434787,"Chleq","Pasqua"
263204,"Butterworth","Samphel"
46787,"Pezzoli","Leen"
261529,"Naudin","Yunming"
55560,"Norsworthy","Michaela"
223334,"Monkewich","Randy"
101822,"Peternell","Augustine"
462074,"Ernst","Fox"
403285,"Alameldin","Geoff"
243964,"Hofman","Ottavia"
219691,"Hofmeyr","Abdelghani"
250853,"Scharstein","Turgut"
413488,"Ciolek","Wojceich"
442192,"Msuda","Stafford"
413576,"Luce","Susumu"
415330,"Rabehasaina","Pranav"
478678,"Sethi","Mario"
462216,"Kusakabe","Janche"
243233,"Lindqvist","Nathalie"
237103,"Hiltgen","King"
51160,"Gustavson","Subbu"
257756,"Maliniak","Mechthild"
256625,"Baumann","Miquel"
245606,"Peck","Saeko"
85116,"Lodder","Dannz"
104860,"Krybus","Fumiyo"
249320,"Capobianchi","Elzbieta"
271568,"Servi","Hitofumi"
237713,"Bellone","Uma"
238396,"Holburn","Kinh"
40229,"Sommen","Jamaludin"
262328,"Vural","Mayuko"
260872,"Hatcliff","Jingling"
428728,"Gimarc","Jaber"
80111,"Condotta","Sushant"
209481,"Porotnikoff","Adamantios"
242754,"Zockler","Khalid"
81825,"Androutsos","Xiaoheng"
38646,"Mayerwieser","Remzi"
296846,"Penz","Juyoung"
88274,"Junot","Xiadong"
32529,"Barbanera","Mohammed"
44786,"Emiris","Shirish"
464310,"Molenkamp","Marit"
418526,"Rubsam","Sajjad"
64374,"Matteis","Heng"
403410,"Chinal","Abdelwaheb"
298117,"Boguraev","Amabile"
271286,"Rosen","Jianhua"
210745,"Mitzlaff","Bojan"
49046,"Ritzmann","Neelam"
226258,"Rissland","Alper"
293509,"Hoppenstand","Sanjay"
56836,"Deverell","Henk"
23868,"Reistad","Trygve"
434334,"Malinowski","Reuven"
465717,"Picaronny","Arup"
434766,"Babu","Basim"
430589,"Linares","Claudi"
410533,"Wendorf","Fumitake"
99586,"Lorch","Jayesh"
24909,"Garrabrants","Constantine"
449552,"Milicia","Sampalli"
77795,"Conti","Abdelkader"
277924,"Eugenio","Lihong"
20406,"Heydon","Keiichiro"
470530,"Clouatre","Evgueni"
240420,"Bakhtari","Billur"
407966,"Ruemmler","Deniz"
434461,"Kirkerud","Pranjal"
235076,"Zaccaria","Chriss"
237749,"Junet","Sham"
235182,"Dulay","Renee"
461124,"Schmezko","Hiroyasu"
271840,"Hofstetter","Xiong"
481629,"Stasinski","Junichi"
243104,"Syrzycki","Aemilian"
288392,"Gruenwald","Kyoichi"
226732,"Kolvik","Breannda"
46112,"DeMori","Cordelia"
401764,"Foote","Arra"
87169,"Milicic","Fumitake"
207393,"Erni","Tadanori"
100042,"Turnbull","Raimond"
53022,"Benner","Nirmal"
454911,"Herath","Krister"
454706,"Rijckaert","Dannz"
214320,"Menyhert","Saeed"
90857,"Thisen","Kish"
229926,"Sgarro","Tomofumi"
18759,"Malabarba","Keung"
247261,"Kropf","Pintsang"
453120,"Fraisse","Eldridge"
60944,"Pepe","Renee"
72852,"Syrotiuk","Kshitij"
45005,"Blokdijk","Tamiya"
231259,"Christ","Dmitry"
422013,"Asrin","Barry"
19265,"Junet","Bodh"
231003,"Stamatiou","Hidde"
453401,"Weedman","Katsuo"
439212,"Goldhammer","Sangeeta"
65304,"Covnot","Aram"
434845,"Skogmar","Takushi"
67213,"Onuegbe","Shrikanth"
444877,"Sudkamp","Zhaofang"
289615,"Hashii","Deniz"
418094,"Kolvik","Mona"
105627,"Zallocco","Danco"
417952,"Kampfer","Alagu"
15601,"Anily","Carrsten"
455211,"Olivero","Mohit"
462472,"Jonsson","Tsvetan"
66287,"Melter","Mack"
252776,"Lunt","Kazuhito"
464890,"Kermarrec","Chandrasekaran"
461884,"Teitelbaum","Qiwen"
251370,"Braccini","Francoise"
64474,"Toyoshima","Golgen"
219420,"Hutter","Prodip"
19220,"Beidas","Khaled"
16001,"Langford","Gina"
463055,"Peternell","Arunachalam"
447316,"Aingworth","Chiradeep"
435955,"Neiman","Berto"
64489,"Thorensen","Gay"
78217,"Munck","Arch"
479361,"Rouquie","Evgueni"
449481,"Eterovic","Sasan"
428223,"McDermid","Fumiko"
258892,"Encarnacion","Tadahiko"
106315,"Rosenbaum","Suvo"
48620,"Varley","Xiaopeng"
10253,"Salinas","Zsolt"
458767,"Raoux","Nalini"
260384,"Jonsson","Danel"
254645,"Kirkerud","Alassane"
34273,"Taubenfeld","Sachar"
255284,"Colorni","Stepehn"
261548,"Karunanithi","Gita"
297238,"Buchter","Theron"
212176,"Benantar","Khatoun"
294701,"Yurek","Stella"
63976,"Maliniak","Przemyslawa"
52611,"Gente","Supot"
19360,"Schiettecatte","Mohammad"
478447,"Ranai","Vitaly"
102122,"Biron","Mountaz"
85872,"dAstous","Suebskul"
240623,"Kavraki","Barna"
461396,"Spinelli","Tadahiro"
290723,"Perez","Sajjad"
91025,"Siksek","Aria"
260101,"Ghazalie","Dhritiman"
430536,"Stiles","Yoshinari"
96314,"Birjandi","Anneke"
281767,"Highland","Barry"
434868,"Tzvieli","Junsik"
436012,"Shimshoni","Koldo"
226602,"Pokrovskii","Miyeon"
231526,"Schonegge","Chenye"
94914,"Preusig","Ranan"
432859,"Massonet","Guther"
279518,"Ellozy","Werner"
34406,"Mitsuhashi","Yefim"
473574,"Murrill","Hitomi"
423193,"Heydon","Morris"
109502,"Langford","Kamakshi"
446155,"Prenel","Eckart"
476736,"Waleschkowski","Theirry"
478903,"Junot","Kristin"
458112,"Hennings","Hironoby"
29872,"Eppinger","Naftaly"
12261,"Hardjono","Udi"
471306,"Motley","Chaitali"
448756,"Heystek","Teiji"
415981,"Kaltofen","Miomir"
104445,"Wursthorn","Rasikan"
33082,"Muntz","Moto"
201135,"Jahnichen","Shaw"
287613,"Magalhaes","Navid"
26255,"Hebert","Perry"
202063,"Flanders","Xiaoqiu"
424207,"Poulakidas","Geoffry"
277672,"Anido","Fayez"
19934,"Pagter","Noritoshi"
101462,"Plessier","Uwe"
51560,"Panwar","Shan"
264222,"Babb","Aron"
102773,"Atrawala","Hein"
35002,"Katiyar","Debatosh"
275319,"Vadhan","Mani"
89645,"Kadhim","Joydip"
83206,"Breugel","Tomokazu"
447821,"Monkewich","Arne"
408061,"Penz","Roddy"
234777,"Badache","Hitofumi"
212680,"Bruckman","Bartek"
14644,"Oxman","Yefim"
430359,"Vidya","Munehiko"
43862,"Eppinger","Reinhold"
449010,"Kadhim","Florian"
431147,"Strooper","Ranga"
260725,"Fujisaki","Thodoros"
243494,"Bernatsky","Dannz"
98342,"Braccini","Qingxiang"
442875,"Rodier","Guozhong"
270038,"Hagimont","Jenwei"
13812,"Sury","Fumiko"
462947,"Axelband","Harjit"
16289,"Rahimi","Muzhong"
289570,"Hegner","Oldrich"
88206,"Dayana","Eben"
439237,"Ramsey","Paraskevi"
41384,"Eiron","Trygve"
53004,"Pelc","Hideo"
459434,"Muchinsky","Vatsa"
419994,"Khamsi","Eben"
259506,"Scharstein","Geraldo"
22955,"Taubenfeld","Sarita"
421351,"Socorro","Janche"
85254,"Garnier","Denny"
228403,"Itzigehl","Basil"
224021,"Pepe","Minghong"
104082,"Schwartzburd","Mihalis"
256725,"Majewski","Freyja"
279121,"Keustermans","Narain"
472730,"Beidas","Fei"
425328,"Salvesen","Theron"
61185,"Zielinski","Aria"
231163,"Dechter","Emran"
86257,"Klyachko","Niteen"
11611,"Mateescu","Annemarie"
85486,"Valette","Leah"
296994,"Kinley","Leah"
206917,"Melton","Berhard"
291978,"Leuchs","Tomokazu"
240825,"Dredge","Mostafa"
439828,"Domenig","Mikhail"
201908,"Setiz","Shigehiro"
54669,"Henseler","Xinan"
433267,"Piancastelli","Soenke"
466501,"Segond","Basil"
443539,"Andreotta","Vishu"
39431,"Thiran","Phule"
226016,"Delaune","Martijn"
292655,"Jeong","Kayoko"
404497,"Gronowski","Baocai"
418515,"Chachaty","Naftali"
90776,"Skrikant","Bouchung"
442629,"Meszaros","Godehard"
291068,"Zaccaria","Conor"
407473,"Qiwen","Oddvar"
297382,"Beetstra","Etsuo"
454561,"Montresor","Lihong"
252779,"Cromarty","Mokhtar"
210182,"Junet","Patricio"
60598,"Sadowski","Izaskun"
457353,"Luke","Maia"
439565,"Ashish","Kyoichi"
439085,"Gonthier","Fai"
31116,"Pagter","Vitali"
53880,"Klyachko","Mechthild"
22126,"Hiroyama","Serap"
64835,"Pews","Xiaoheng"
44700,"Merli","Ziyad"
432000,"Reinhard","George"
43888,"Baalen","Sushant"
480013,"Dymetman","Rosita"
468011,"Chiodo","Niclas"
402242,"Boissier","Toney"
55913,"Joslin","Alejandra"
74489,"Tasistro","Cedric"
293970,"Kleiser","Make"
210465,"Brattka","Felicidad"
213207,"Brookner","Jamaludin"
52113,"Hiroyama","Feixiong"
461791,"Doering","Chenxi"
296288,"Vecchi","Muzhong"
58825,"Swist","JoAnna"
207818,"Itschner","Selwyn"
43403,"Giarratana","Giordano"
253822,"Rande","Kagan"
236593,"Hashii","Yuchang"
232014,"Pagter","Xianlong"
51058,"Braunschweig","Dannz"
85054,"Tokunaga","Aloke"
14432,"Kalloufi","Tomoyuki"
82104,"Famili","Subhankar"
403163,"Oehlmann","Dmitri"
42936,"Nitsche","Chuanti"
258733,"Luiz","Xuejia"
91521,"Murthy","Akeel"
86702,"Kisuki","Irena"
412303,"Kusakari","Sanjai"
51380,"Staudhammer","Taiji"
409228,"Bael","Rosita"
50478,"Benzmuller","Leni"
259406,"Kornatzky","Roddy"
11198,"Gini","Leif"
455769,"Braunmuhl","KayLiang"
49647,"Claffy","Jiakeng"
246031,"Preusig","Kensyu"
462500,"Lunn","Takahira"
446399,"Muntz","Panayotis"
97486,"Kroha","Sanjiv"
39416,"Serot","Juichirou"
42861,"Arlazarov","Aral"
232212,"Ibel","Gino"
253145,"Meriste","Shunichi"
241742,"Budinsky","Kristine"
75250,"Heuter","Debaprosad"
44761,"Itzfeldt","Aiichiro"
457907,"Osgood","Geoffrey"
464929,"Cannane","Jaques"
226241,"Farrow","Hideo"
58865,"Ranka","Xinglin"
457273,"Kolvik","Kamran"
53833,"Baaz","Subhrajyoti"
99742,"Fairtlough","Alenka"
445019,"Schicker","Joydip"
17979,"Hedayat","Bokyung"
102741,"Naumovich","Palash"
98131,"Pauthner","Hisao"
67882,"Bain","Lucian"
20486,"Picco","Unal"
258192,"Wegerle","Tsuneo"
448294,"Kuszyk","Arco"
251988,"Morton","Adil"
34925,"Kroll","Howell"
204067,"Pews","Brigham"
37982,"Coors","Gian"
23599,"Biron","Rosli"
11402,"Brizzi","Freyja"
96379,"Perez","Oguz"
79127,"Atrawala","Conrado"
466674,"Whittlesey","Kazuhisa"
74834,"Perri","Yakkov"
36698,"Shackel","Aksel"
460990,"Parascandalo","Domenick"
449511,"Schaaf","Bernt"
275497,"Marciano","Rosalyn"
431335,"Marakhovsky","Sham"
291753,"Munke","Abdelkader"
60527,"Luef","Huiqun"
238957,"Heydon","Krister"
404699,"Cummings","Charlene"
213212,"Lieblein","Kazuhito"
280157,"Crooks","Xinglin"
204178,"Limongiello","Heekeun"
411562,"Sommer","Shigeo"
101423,"Bolotov","Hatem"
96485,"Pokrovskii","Mariusz"
236346,"Sudkamp","Yongdong"
70443,"Hammerschmidt","Dipayan"
66306,"Bojadziev","Rosli"
29861,"Erni","Mechthild"
231664,"Erni","Yuuichi"
12620,"Swick","Shahaf"
275258,"Dayana","Chuanti"
46468,"Onuegbe","Navid"
89425,"Baba","Chandrasekaran"
447479,"Lupu","Venkatesan"
219684,"Pelc","Yuichiro"
203358,"Laurillard","Leah"
71765,"Hanratty","Dung"
46852,"Chimia","Gen"
481196,"Baumann","Moss"
233163,"Ginneken","Jayson"
237983,"Mitsuhashi","Prodip"
32009,"Imataki","Hisao"
63026,"Stassinopoulos","Jaber"
285454,"Kakkar","Youjian"
263078,"Vieth","Kristine"
214802,"Bharadwaj","Sibyl"
108810,"Gecsei","Ghassan"
476606,"Famili","Marc"
430386,"Pappas","Fabrizio"
234886,"Perly","Kristof"
259398,"Kriebel","Georgi"
200865,"Reeken","Collette"
243640,"Lakshmanan","Mototsugu"
461069,"Slobodova","Debaprosad"
458578,"Melski","Christfried"
287977,"Luft","Guther"
465894,"Hitomi","Naftaly"
57717,"Ernst","Yonghong"
102272,"Hatcliff","Becky"
434023,"Worfolk","Kristian"
107293,"Ballarin","Haldon"
266538,"Verhaegen","Fumitake"
411307,"Wixon","Phuoc"
93827,"Showalter","Prodip"
444792,"Macedo","Dhritiman"
280345,"Chaudhury","Barry"
275440,"Hinsberger","Gad"
90924,"Giarratana","Fusako"
420358,"Ressouche","Huei"
265211,"Gronowski","Shigeu"
221472,"Sridhar","Uzi"
216277,"Ramsak","Candida"
98153,"Akazan","Shunichi"
91325,"Beutelspacher","Phillip"
458705,"Iwayama","Aris"
445837,"Barriga","Supot"
270573,"Servi","Kitty"
208743,"Velasco","Jasminko"
222010,"Thimonier","Xumin"
100487,"Yeung","Tran"
56385,"Stiles","Khaled"
424240,"Quittner","Mountaz"
210109,"Krone","Hugo"
202077,"Bahr","Sachio"
258070,"Ozeki","Shigeo"
235707,"Chimia","Eldridge"
446606,"Merey","Odysseas"
284356,"Copas","Lillian"
202815,"Guerreiro","Nishit"
460852,"Lakshmanan","Kerhong"
279863,"Kavvadias","Uri"
278300,"Stavenow","Huai"
436140,"Karlin","Jacopo"
67220,"Erol","Oguz"
70630,"Worfolk","Boriana"
38661,"Furedi","Morrie"
459130,"Marciano","Kristine"
423879,"Hiroyama","Vasilis"
243602,"Lindqvist","Wayne"
217649,"Potthoff","Lidong"
254477,"Horswill","Berto"
428109,"Picaronny","Pascal"
439032,"Siepmann","Jahangir"
239740,"Sullins","Jolita"
31459,"Schonegge","Utz"
474387,"Dayang","Pascal"
407971,"Hutter","Arnd"
253751,"Ligten","Neelam"
422581,"Masada","Fay"
90298,"Kalefeld","Mary"
432372,"Suermann","Yaghout"
49128,"Kuzuoka","Sarita"
481565,"Makrucki","Hilary"
254996,"Schneeberger","Anwar"
211121,"Crouzet","JiYoung"
51308,"Glowinski","Abdulah"
453911,"Cardazo","Jeanne"
245410,"Savasere","Xinyu"
205069,"Nishimukai","Collette"
282357,"Lampe","Arie"
414666,"Alpay","Fai"
480688,"Luan","Aimee"
266922,"Erde","Koldo"
409204,"Grabner","Pragnesh"
79540,"Fetvedt","Guozhong"
51074,"Kruskal","Baoqiu"
424058,"Danley","Lihong"
27169,"Merel","Yucai"
472772,"Frijda","Xiaoqiu"
233725,"Peek","Junichi"
84351,"Kossowski","Gino"
22182,"Ramras","Kristinn"
105603,"Sommer","Masoud"
22843,"Perna","Kwangyoen"
275796,"Kambil","Guiseppe"
44203,"Carrera","Jayson"
469626,"Bala","Slavian"
34855,"Kohling","Hitomi"
208290,"McFarlan","Doowon"
296735,"Iacovou","Satyanarayana"
233251,"Boyle","Suebskul"
460303,"Lunn","Sushant"
274005,"Krider","Marek"
265558,"Kleiser","Susuma"
426570,"Koshino","Tamiya"
256262,"Slutz","Henk"
458788,"Munawer","Yuqun"
214656,"Schicker","Dante"
237966,"Zedlitz","Horward"
64229,"Schrift","Yonghong"
422317,"Fiutem","Serap"
255698,"Hempstead","Anyuan"
79235,"Kusakari","Zhiguo"
427038,"Serov","Jasminko"
262614,"Pargas","Gennady"
208499,"Kolinko","Sushant"
455687,"Radivojevic","Gully"
442933,"Vural","Baocai"
254339,"Brendel","Stella"
200618,"Panienski","Berna"
18634,"Lampe","Malu"
469264,"Lindenbaum","Murthy"
402041,"Yavatkar","Theirry"
15454,"Cesareni","Hongzue"
232482,"Benzmuller","TRUE"
410904,"Klyachko","Boriana"
265903,"Angelov","Abdelkader"
99829,"Debuse","Shigeichiro"
84907,"Smailagic","Miomir"
14480,"Crabtree","Irena"
217616,"Uhrik","Leif"
286652,"Nollmann","Wuxu"
102545,"Nourani","Tommaso"
59425,"Chenoweth","Demin"
56736,"Brodie","Oscar"
465217,"Lammel","Chinya"
223210,"Pollock","Luise"
215411,"Jahnichen","Rosella"
32204,"Leppanen","Garnet"
203598,"Bage","Jayson"
455325,"Reeker","Souichi"
208767,"Masada","Genta"
401632,"Snyers","Mototsugu"
261943,"Benzmuller","Tesuya"
283927,"Kolinko","Taiji"
467706,"Nastansky","Xianlong"
236688,"Ratzlaff","Xuejun"
89760,"Ducloy","Mandell"
449853,"Stille","Jaana"
292853,"Stemann","Gro"
274543,"Marrakchi","Teruyuki"
64839,"Bierman","Huiqun"
434756,"Gecseg","Kazuhiko"
64806,"Ranta","Kersti"
446700,"Jording","Hercules"
50723,"Leijenhorst","Geraldo"
53195,"Rosaz","Lorien"
438827,"Speel","Geoff"
43370,"Waleschkowski","Udi"
19125,"Zizka","Tuval"
59162,"Orsini","Shunichi"
258753,"Narahari","Genevieve"
403700,"Picco","Cedric"
239206,"Esteva","Kazuhiro"
200859,"Melter","Deniz"
466825,"Heydon","Arco"
208616,"Simkin","Gaetan"
108194,"Middleton","Oscal"
467690,"Krychniak","Vasiliy"
252330,"Baalen","Ashish"
414487,"Dechter","Odysseas"
245504,"Ghelli","Peer"
80627,"Hofstetter","Jinpo"
477784,"Taubman","Kazuhisa"
428021,"Woycyznski","Ult"
77012,"Ghelli","Geoffrey"
40685,"Bugrara","Shawna"
44924,"Azevdeo","Divier"
264748,"Penttonen","Qiwen"
20974,"Yavatkar","Hisao"
475293,"Stanger","Shem"
456638,"Ozery","Stein"
100087,"Merle","Jungsoon"
462636,"Zucker","Martine"
276233,"Zastre","Tsuneo"
428823,"Dengi","Gianluca"
297805,"Maquelin","Danel"
222234,"Coullard","Zita"
474298,"Perna","Basant"
275197,"Yurek","Brendon"
95018,"Setlzner","Danco"
427507,"Picht","Wonhee"
206661,"Collavizza","Lucien"
442385,"Dolinsky","Fumiya"
481245,"Bael","Mong"
35273,"Mitsuhashi","Zsolt"
238300,"Peternell","Xiaoshan"
232659,"Luiz","Rosalyn"
14252,"Fargier","Weiyi"
437370,"Flexer","Nahid"
477398,"Feldmann","Yefim"
267066,"Melichar","Mabhin"
200543,"Ushiama","Sanjai"
79049,"Besancenot","Lijie"
472418,"Muhlberg","Poornachandra"
431491,"Szilard","Cristinel"
81959,"Schade","Otmar"
260855,"Schwartzburd","Sachar"
420219,"Zucker","Francesca"
467435,"Bauknecht","Adly"
243283,"Baca","Piyush"
51316,"Solovay","Divier"
18639,"Unni","Reinhold"
263714,"Kleiser","Yagil"
271377,"Hasenauer","Toshiki"
65894,"Haraldson","Yakkov"
255888,"Coney","Gro"
58053,"Karunanithi","Zissis"
27944,"Dahlbom","Supot"
428883,"Soicher","Stamatina"
431582,"Kambil","Gaurav"
227006,"Tischendorf","Heather"
417737,"Picaronny","Ortrun"
206692,"Melter","Surveyors"
79241,"Billawala","Odinaldo"
422722,"Schauser","Rance"
26757,"Albarhamtoshy","Masanao"
453545,"Marquardt","Ayonca"
200394,"Axelband","Luise"
258855,"Guardalben","Udi"
261423,"Narahara","Heekeun"
17670,"Spinelli","Elrique"
11962,"Erde","Niranjan"
90577,"Oppitz","Frazer"
213173,"Chappelet","Wayne"
451811,"Rabehasaina","Nalini"
442945,"Matzat","Guiseppe"
472853,"Limongiello","Gila"
98469,"Leijenhorst","Fen"
440905,"Fairtlough","Xiping"
402453,"Pezzoli","Souichi"
11753,"Nishimukai","Fayez"
434409,"Adachi","Feipei"
103404,"Falby","Saeed"
264230,"Coorg","Kwan"
214052,"Masaki","Yechezkel"
86907,"Anguita","Weijing"
449764,"Zykh","Toshimori"
222030,"Stentiford","Gaurav"
407115,"Heijenga","Reuven"
233890,"Kamble","Van"
418597,"Steinauer","Akeno"
34886,"Sadowski","Denis"
246169,"Lubachevsky","Kwok"
235438,"Badr","Armond"
29023,"Gils","Sigeru"
289361,"Kaltofen","Nechama"
470074,"Veevers","Chiranjit"
13187,"Pusterhofer","Maria"
66990,"Nishimukai","Idoia"
31773,"Mitsuhashi","Mooi"
445357,"Dredge","Chaosheng"
31194,"Radivojevic","Kamakshi"
267330,"Aingworth","Erzsebet"
57185,"Ponthieu","Babette"
238541,"Azumi","Arno"
11966,"Rotem","Poornachandra"
459234,"Slaats","Chiradeep"
406874,"Kawashima","Sumali"
465133,"Shimshoni","Shigeaki"
283911,"Denos","Hidekazu"
407404,"Kleiser","Serge"
215738,"Goldhammer","Adas"
53664,"Pelc","Chiradeep"
282667,"Reutenauer","Alair"
225916,"Cunliffe","Hironobu"
427019,"Remmers","Rosita"
228180,"Castellani","Parto"
220184,"Emiris","Mahendra"
278474,"Tokunaga","Vivian"
295089,"Shimshoni","Gina"
109886,"Schaaf","Fan"
435897,"McClure","Saddek"
80177,"Karner","Suvo"
476395,"Klerer","Eishiro"
73846,"Hoppenstand","Masamitsu"
42555,"Pezzoli","Yucel"
45041,"Swab","Garnet"
471048,"Chimia","Anyuan"
409214,"Parveen","Along"
108273,"Niizuma","Takahito"
50404,"Ghemri","Vasilii"
402161,"Dahlbom","Radoslaw"
288359,"Beidas","Kwok"
281717,"Trelles","Ramzi"
68576,"Calkin","Kasturi"
462435,"Kenevan","Padma"
425345,"Georgatos","Michaela"
81960,"Demke","Satyanarayana"
402955,"Frolund","Morris"
411314,"Goodrum","Boutros"
405740,"Roccetti","Chiradeep"
461560,"Naumovich","Chriss"
220713,"Doering","Taisook"
10335,"Bahi","Toshimori"
221832,"Nitto","Kiam"
407098,"Marakhovsky","Aamod"
252207,"Lung","Supot"
28034,"Compeau","Nirmal"
238064,"Masada","Nechama"
270404,"Minakawa","Gaurav"
228896,"Baezner","Bernt"
99257,"Homond","Lene"
73469,"Zedlitz","Demin"
241844,"Monarch","Lubomir"
455078,"Baaz","Seongbae"
295282,"Koblick","Baruch"
292983,"Kalefeld","Tzu"
471040,"Luby","Kyoichi"
468004,"Koblick","Sanjoy"
417206,"Crouzet","Ramachenga"
459541,"Hutton","Seongbae"
277496,"Zeleznik","Masaki"
233812,"DeMori","Supot"
60792,"Beausoleil","Candida"
48858,"Hertweck","Manohar"
46273,"Halevi","Gennadi"
416619,"Farrel","Goa"
274565,"Antonisse","Martial"
481368,"Brender","Danae"
229578,"Ariola","Bernt"
240332,"Talmon","Sachio"
213480,"Srimani","Dinah"
421187,"Anguita","Greger"
20009,"Krybus","Yakkov"
451253,"Ozeri","Jaihie"
255815,"Jahnichen","Arlette"
246457,"Papastamatiou","Hongzue"
21299,"Navazio","Tamiya"
265626,"Pagter","Alagu"
210794,"Quaggetto","Kellyn"
458222,"Kavvadias","Djenana"
100269,"Karunanithi","Kristin"
451498,"Merro","Leen"
423111,"Meriste","Nechama"
269802,"Tiemann","Gregory"
479544,"Guenter","Abdulla"
449087,"Eppinger","Khalid"
75328,"Itschner","Shuichi"
221825,"Lueh","Yurii"
242267,"Solares","Lubomir"
436972,"Suomi","Xiaopeng"
269299,"Solares","Mihalis"
463072,"Berztiss","Mikhail"
249019,"Halloran","Zengping"
282207,"Parveen","Yakichi"
209427,"Attimonelli","Chiranjit"
240337,"Lakshmanan","Pantung"
443612,"Bakhtari","Valter"
267096,"Nitto","Kensei"
19017,"Ducloy","Sibyl"
263551,"Uhrik","KayLiang"
74259,"Hmelo","Ohad"
102460,"Welham","Hideyuki"
436372,"Leslie","Abdelkader"
401609,"Dymetman","Eberhardt"
86449,"Solares","Yuqun"
77843,"Zedlitz","Mitchel"
31715,"Nitsche","Gou"
19777,"Ferretti","Halsur"
455718,"Broder","Elvis"
236942,"Bashian","Nidapan"
243546,"Tsukune","Uinam"
63037,"Bazzichi","Urs"
206168,"Matzat","Serap"
109671,"Chinin","Nevio"
74119,"Cannane","Uta"
34419,"Lodder","Fuqing"
269334,"Hooghiemstra","Bokyung"
466701,"Ashish","Frederique"
49063,"Nyanchama","Salvador"
99613,"Angelov","Ziyad"
45115,"Weedman","Gay"
442348,"Jording","Limsoon"
203171,"Angiulli","Marla"
225307,"Angel","Shiv"
73029,"Lipner","Lubomir"
51976,"Vidya","Florian"
10449,"Sudkamp","Aleksandar"
264791,"Schwartzburd","Udo"
458028,"Rabejac","Divier"
437639,"Imataki","Barun"
263517,"Strandh","Remko"
69602,"Litzkow","Naftaly"
63105,"Warwick","Kien"
48230,"Motley","Fusako"
255935,"Polajnar","Takushi"
224970,"Kalsbeek","Danai"
10832,"Bergere","Hidde"
207412,"Sommer","Harngdar"
224049,"Barriga","Steve"
60767,"Munos","Gianluca"
430737,"Kadhim","Jeane"
235085,"Buchter","Kiam"
35065,"Lalonde","Demin"
453368,"Snyers","Kersti"
278632,"Bultermann","Sadegh"
204973,"Leslie","Ennio"
103240,"Kruskal","Valeri"
228799,"Uludag","Jongsuk"
470418,"Perelgut","Yongdong"
418512,"Denti","Shmuel"
473111,"Lambe","Chaitali"
277244,"Ramalingam","Xiadong"
270382,"Merks","Jeane"
235200,"Cochrane","Roddy"
87491,"Brobst","Domenico"
52159,"Scallan","Basant"
287798,"Duclos","Shushma"
285742,"Mansanne","Subhada"
258962,"Hainaut","Hideo"
255118,"Ventosa","Duro"
46755,"Frezza","Jenwei"
62179,"Joslin","Kazunori"
43053,"Swick","Sivanarayana"
465846,"Stafford","Zita"
58028,"Keirsey","Honesty"
105841,"Spelt","Jessie"
297864,"Goldhammer","Martial"
284676,"Narahari","Mori"
276079,"Brlek","Jessie"
201020,"Khasidashvili","Danai"
19367,"McFarlin","Spyrose"
409060,"Kitai","Faiza"
101152,"Basart","Sivanarayana"
61664,"Schusler","Shirish"
232761,"Michaeli","Takushi"
224523,"Kading","Marsal"
70012,"Giarratana","Jouni"
451322,"Journel","Gadiel"
433276,"Ishibashi","Edwin"
54616,"Kavraki","Tsz"
444278,"Denti","Unal"
466614,"Kavvadias","Valdiodio"
203223,"Skogmar","Renee"
283229,"Ohori","Morris"
414255,"Spelt","Mats"
68973,"Gyorkos","Vasiliy"
85482,"Cronau","Kamakshi"
233979,"Pews","Denis"
81837,"Fontet","Haldun"
233520,"Ghazalie","Magdalena"
289743,"Sidje","Djenana"
420124,"Dayang","Atilio"
284216,"Carrera","Zijian"
480122,"Pagter","Zhigen"
289564,"Griswold","Shigehito"
454902,"Collette","Berto"
453469,"Scallan","Herbert"
447630,"McDermid","Mart"
259544,"Heping","Djelloul"
295594,"Llado","Brigham"
95708,"Kornatzky","Koichi"
78842,"Schapire","Toshiko"
86022,"Bresenham","Sastry"
87246,"Melichar","Boaz"
103089,"Aseltine","Huiqun"
11680,"Iwayama","Aral"
214495,"Scallan","Abdelghani"
71784,"Schurmann","Gererd"
474166,"Wissmann","Domenick"
242783,"Peroz","Yefim"
22599,"Veeraraghavan","Ingmar"
55907,"Herbst","Ghassan"
241798,"Murtha","Arnd"
267380,"Litvinov","Tuval"
473765,"Lunt","Mori"
25869,"Androutsos","Weiyi"
85732,"Rodier","Mark"
478838,"Jarecki","Makato"
210335,"Redmiles","Nigel"
444710,"Hitomi","Shahaf"
250429,"Nicolson","Ingemar"
450683,"Genther","Kayoko"
252493,"Ranum","Patricio"
23786,"Zastre","Cullen"
69637,"Basart","Tse"
262845,"Gill","Arfst"
244684,"Krzyzanowski","Khalil"
433459,"Pavlopoulou","Jiong"
413441,"Koshiba","Fumiko"
471007,"Bridgland","Giri"
98381,"Parfitt","Kensei"
32284,"Coullard","Bikash"
408343,"Luit","Kazuyasu"
257214,"Aamodt","Kaijung"
242924,"Gerlach","Indrajit"
268471,"Rousseau","Luigi"
461005,"Zaccaria","Vugranam"
207599,"Sundgren","Arnd"
35475,"Deyuan","Sariel"
108573,"Swan","Boutros"
456582,"Schwabacher","Martins"
249230,"Danlos","Nahid"
18460,"Herber","Bojan"
261333,"Bahr","Theron"
109072,"Matzke","Sumant"
420324,"Ravishankar","Aris"
102031,"Sevcikova","Hatim"
38532,"Gomatam","Jaber"
211015,"Fabrizio","Ute"
294367,"Szmurlo","Radhika"
107075,"Meszaros","Navin"
299302,"Alblas","Saddek"
472380,"Tyugu","Sanjoy"
459524,"Pero","Joydip"
466229,"Ushiama","Miyeon"
481750,"Lieberherr","Zvonko"
254866,"Verhoeff","Krister"
214601,"Schmezko","Boguslaw"
95456,"Zeidenstein","Shigeaki"
230844,"Dalton","Navin"
438961,"Albarhamtoshy","Marsha"
413601,"Lamma","Shimshon"
201797,"Szilard","Toshiki"
53278,"Lortz","Premsyl"
86533,"Zykh","Seongbae"
447050,"Albarhamtoshy","Satosi"
418691,"Speel","Suebskul"
80332,"Masand","Behnaam"
19836,"Levasseur","Gladys"
452271,"Lakshmanan","Tua"
52334,"Cronin","Suzette"
215270,"Diderrich","Zine"
245142,"Barriga","Barun"
427821,"Zultner","Yuguang"
477972,"Herbst","Xiong"
247707,"Niizuma","Xinglin"
24923,"Docker","Domenick"
276510,"Ritzmann","Mads"
456308,"Terekhov","Shunichi"
65152,"Kamble","Sudharsan"
419740,"Openshaw","Kristen"
202204,"Varman","Marl"
237128,"Zschoche","Nalini"
222516,"Rebaine","Katsuyuki"
464067,"Gulik","Mahendra"
443146,"Champarnaud","Lunjin"
58274,"Ligten","Chirstian"
56319,"Broder","Yishai"
222684,"Crabtree","Randi"
458437,"Karner","Sukumar"
289911,"Puoti","Jayesh"
261396,"Haddadi","Nahid"
89696,"Isaac","Leni"
407288,"Schlenzig","Zeydy"
209351,"Jayawardene","Divine"
208927,"Maksimenko","Jeanna"
13928,"Nitta","Mahmut"
414057,"Suri","Faiza"
39485,"Bolsens","Shin"
85392,"Terkki","Jeong"
278620,"Schauser","Jessie"
73086,"Magalhaes","Jeanna"
81970,"Swiler","Naftaly"
232926,"Emmart","Achilleas"
419254,"Krider","Shigenori"
14830,"Trachtenberg","Tsz"
298027,"Terwilliger","Shir"
285520,"Atchley","Maja"
209053,"Rothenberg","Fan"
283973,"Berendt","Hongzue"
462062,"Einsfeld","Francoise"
271146,"Valette","Michaela"
208445,"Conry","Masako"
423913,"Biros","Prasadram"
404166,"Grospietsch","Vidar"
276894,"Velasco","Stepehn"
423794,"Serot","Woody"
23465,"Walstra","Martien"
455957,"Basagni","Mack"
286795,"Luca","Tayeb"
43788,"Muhlberg","Gretta"
475870,"Oskamp","Akeel"
49159,"Rahier","Kazuhito"
45377,"Flasterstein","Temple"
419619,"Chappelet","Hironoby"
245708,"Thambidurai","JiYoung"
264100,"Itzfeldt","Sumant"
53523,"Foote","Nidapan"
200719,"Fabrizio","Shigeichiro"
426269,"Vernadat","Supot"
265584,"Vuskovic","Jayson"
265518,"Merks","Rosine"
200099,"Roohalamini","Rafael"
450079,"Anick","Woody"
456321,"Dalton","Felicidad"
296907,"Wolniewicz","Valery"
299079,"Foote","Yahiko"
205207,"Borstler","Ramalingam"
105904,"Jiafu","Marin"
253465,"Munke","Rayond"
215104,"Guting","Giap"
475139,"Underwood","Bangqing"
294638,"Fontan","Hercules"
230605,"Dratva","Thanasis"
101269,"Suessmith","Subir"
89784,"Journel","Carrsten"
469525,"Randi","Raimond"
257944,"Weiland","Saddek"
475555,"Iwayama","Unal"
414315,"Cairo","Sadegh"
28197,"Edelhoff","Aemilian"
400252,"Collette","Nalini"
468122,"Vieth","Sarita"
26797,"Jording","Karlis"
445481,"Olivero","Palash"
252067,"Kemmerer","Weiyi"
235853,"Albarhamtoshy","Sadegh"
212642,"Brookman","Mandell"
435681,"Carrere","Aiichiro"
251467,"Waymire","Yongmao"
410125,"Comte","Otmar"
293216,"Bridgland","Martial"
76676,"Suwa","Florian"
40145,"Fendler","Valter"
460453,"Schneeberger","Jaideep"
446937,"Lamba","Maik"
437125,"Lukaszewicz","Ghassan"
263525,"Baek","Reinhard"
282030,"Leslie","Sergi"
260794,"Onuegbe","Fumiyo"
84096,"Slutz","Vitali"
412937,"Granlund","Valeska"
480398,"Gecseg","Sarita"
403589,"Makrucki","Jaewoo"
274380,"Motley","Christoper"
22370,"Oxenboll","Aloys"
267189,"Pettis","Janalee"
50867,"Zeilberger","Deborah"
44456,"Ratzlaff","Marsal"
423792,"Avouris","Geoffry"
35398,"Brodal","Kamakshi"
417885,"Bade","Hyuckchul"
43961,"Seiwald","Feipei"
451507,"Baezner","Premsyl"
426948,"Waymire","Stella"
219745,"Merel","Fai"
50002,"Gecsel","Dannz"
214135,"DuCasse","Chriss"
107059,"Oppitz","Tomokazu"
273107,"Ligten","Richard"
261217,"Giveon","Keung"
33436,"Showalter","Jeane"
417971,"Barriga","Ulf"
409488,"Demos","Rimon"
104243,"Besancenot","Mani"
274654,"Isaak","Maris"
236663,"Larfeldt","Akeno"
65987,"Oberman","Nathalie"
469147,"Pehl","Jessie"
49216,"Hoppenstand","Manu"
447244,"Genin","Bingning"
295181,"Skogmar","Niclas"
477872,"Holburn","Utz"
267274,"Kornyak","Munehiko"
85442,"Cesareni","Kenton"
237079,"Schach","Ashish"
444801,"Jayawardene","Kamran"
480795,"Ferriere","Etsuo"
290579,"Weisert","Sverrir"
211883,"Cromarty","Cullen"
87195,"Buchter","Gen"
33473,"Demeyer","Limsoon"
445023,"Dredge","Tadahiro"
424090,"Holburn","Inderjeet"
434266,"Kushnir","Slavian"
219840,"Lubachevsky","Serap"
38523,"Angiulli","Karoline"
441904,"Sambasivam","Rosalyn"
235465,"Wiegley","Shih"
264887,"Beetstra","Petter"
453184,"Mersereau","Yonghoan"
92509,"Kaiser","Xuejia"
83185,"Boissier","Yucai"
37398,"Peyn","Satosi"
463343,"Leonhardt","Shahid"
79642,"Roohalamini","Denis"
445959,"Savasere","Henk"
212849,"Luga","Mohit"
407231,"Anido","Stevo"
46375,"Picci","Rasiah"
15100,"Haumacher","Akeel"
401874,"Passino","Indrajit"
224092,"Llado","Sachio"
443113,"Nannarelli","Kiam"
448678,"Bernardinello","Sasan"
58797,"Breugel","Xiaoheng"
282120,"Legleitner","Richara"
432114,"Tomescu","Divier"
401125,"Rothe","Josyula"
282198,"Harllee","Geoffrey"
12790,"Perl","Gunilla"
244809,"Tsunoo","Adil"
447498,"Langford","Kazuhira"
66257,"Ranum","Genevieve"
299601,"Hanabata","Keung"
22013,"Pardalos","Quingbo"
86012,"Rosar","Adil"
282145,"Schaap","Florian"
276096,"Feldmann","Marsal"
408649,"Badr","Lene"
471927,"Heping","Magy"
481566,"Gire","Moie"
210038,"Aloia","Emdad"
25177,"Marrevee","Yurij"
77021,"Butterworth","Tayeb"
267810,"Lanteri","Adin"
458427,"Hashii","Shaowen"
439483,"Marzano","Uriel"
416614,"Brizzi","Gennady"
400201,"Crelier","Demin"
68666,"Morrow","Sanjay"
471609,"Isaak","Leen"
248662,"Ranai","Masamitsu"
294328,"Oaver","Thanasis"
282091,"Masand","Conrado"
26534,"Radhakrishnan","Barun"
472032,"Genther","Woody"
278583,"Wallrath","Mart"
229544,"Panangaden","Heon"
284978,"Conta","Toong"
242509,"Hebden","Rosalyn"
98143,"Ventosa","Naraig"
56053,"Cummings","Shir"
82799,"Argence","Bezalel"
240353,"Roisin","Leon"
289653,"Lampe","Stella"
88041,"Braunmuhl","Georgy"
28109,"Melski","Uzi"
271807,"Landherr","Bojan"
208428,"Munke","Theron"
94429,"Peir","Apostol"
417988,"Talmor","Debatosh"
467662,"Lorcy","Luigi"
437095,"Hebden","Alper"
83072,"Bultermann","Gererd"
42676,"Borovoy","Xiaoshan"
298798,"Mitzlaff","Gita"
265704,"Duclos","Xiong"
34061,"Zumaque","Jinpo"
254021,"Keirsey","Mari"
22415,"Jumpertz","Perla"
406463,"Worfolk","Pranjal"
438593,"Miyakawa","Youssef"
228279,"Babu","Elgin"
201738,"Falby","Tadahiko"
452192,"Gniady","Moty"
285818,"Vidya","Pranas"
85330,"Ravishankar","Weicheng"
467738,"Zielinski","Kien"
221451,"Poujol","Moto"
275591,"Flexer","Chaosheng"
98924,"Kaelbling","Noritoshi"
105854,"Unno","Jixiang"
93990,"Roisin","Shiv"
256663,"Highland","Xiaopeng"
406973,"Weedon","Adly"
286000,"Eugenio","Tonny"
412991,"Bazelow","Sungwon"
202976,"Malabarba","Radhia"
431683,"Khalil","Vivian"
87402,"Fraisse","Manton"
207461,"Peek","Remco"
205794,"Szilard","Vitali"
228805,"Perry","Matt"
258871,"Hinsberger","Arunas"
282370,"Rossi","Cedric"
213562,"Christianini","Manu"
201275,"Busillo","Stabislas"
207899,"Rotem","Marek"
38708,"Radhakrishnan","Petter"
209045,"Staelin","Kazuhiro"
298888,"Foote","Moss"
85299,"Gadepally","Leni"
239847,"Isard","Make"
69453,"Andreotta","Temple"
417734,"Tokunaga","Maren"
87471,"Furudate","Hairong"
12237,"Ballarin","Chikara"
236968,"Skrikant","Marco"
107561,"Swift","Kauko"
80095,"Mikschl","Caolyn"
56828,"Stanfel","Yinghua"
49054,"Remmers","Baocai"
50976,"Kropp","Nectarios"
476888,"Lanphier","Gill"
227558,"Muchinsky","Pramod"
202652,"Pettis","Satyanarayana"
252359,"Bratten","Mariusz"
10041,"Lenart","Uri"
402056,"Larfeldt","Bezalel"
437582,"Pollock","Valdiodio"
244193,"Hiltgen","Noritoshi"
50906,"Ibel","Djenana"
203314,"Montresor","Hironobu"
458478,"Zongker","Guadalupe"
96414,"Covnot","Mahmut"
431436,"Ramamoorthy","Masaki"
480431,"Eastman","Gita"
287834,"Zlotek","Aluzio"
106293,"Schicker","Froduald"
239643,"Shrader","Gaetan"
224877,"Siksek","Uno"
65055,"Schlegelmilch","Masaki"
56686,"Wallrath","Mostafa"
250220,"Kaelbling","Mooi"
426493,"Lanzelotte","Pragnesh"
413114,"Lally","Deborah"
429714,"Ohori","Rimli"
81164,"Suermann","Udo"
296999,"Jullig","Selwyn"
77973,"Zuberek","Zine"
213524,"Coney","Bingning"
410853,"Nergos","Alejandra"
10068,"Brattka","Charlene"
459756,"Lindqvist","Reinhold"
57933,"Aamodt","Yishay"
295967,"Heusch","Vidya"
71726,"Murillo","Yuuichi"
34188,"Kalorkoti","Shuichi"
426379,"Seiwald","Susanne"
13902,"Kilgore","Greger"
422850,"Heiserman","Luisa"
83494,"Zirintsis","Stafford"
48115,"Gaughan","Kristina"
479703,"Guting","Baocai"
49696,"Bondorf","Sandeepan"
215852,"Rosti","Insup"
475715,"Rathonyi","Sachin"
408216,"Acton","Shridhar"
443213,"Yetto","Shigeu"
104733,"Bernick","Renee"
430968,"Sgarro","Guttorm"
424420,"Parascandalo","Kaijung"
297883,"Roohalamini","Huan"
272246,"Alvarado","Boutros"
464709,"Quaggetto","Tamiya"
261679,"Cardazo","Luisa"
425062,"Veevers","Hatsukazu"
215251,"Xiaoshan","Shahab"
210147,"Szilard","Paris"
476427,"Pappas","Martijn"
232428,"Gonthier","Erez"
222949,"Vieri","Steve"
463457,"Ouhyoung","Dietrich"
407990,"Schlegelmilch","Atilio"
470860,"Gornas","Shugo"
62233,"Birnbaum","Kankanahalli"
14611,"Coors","Marsja"
218084,"Hedayat","Katsuyuki"
107383,"Pargas","Heon"
103898,"Rosin","Saeed"
276882,"Ratzlaff","Deniz"
239718,"Docker","Shaunak"
468693,"Eldridge","Udaiprakash"
453240,"Bolsens","Stepehn"
219749,"Wendorf","Chriss"
249684,"Hockney","Aram"
33157,"Uhrig","Constantino"
264322,"Swist","Leandro"
67449,"Hartvigsen","Sariel"
464158,"Pero","Utz"
415997,"Quadeer","Heather"
268362,"Granlund","Anestis"
14841,"Poulakidas","Stein"
75855,"Denna","King"
296901,"Ranai","Margo"
105434,"Giveon","Gen"
86061,"Lukaszewicz","Shigeo"
426475,"Vuskovic","Cullen"
447092,"Lorho","Inderjeet"
32029,"Budinsky","Rajmohan"
250978,"Matzen","JoAnna"
28439,"Bahl","Subhash"
216044,"Lenart","Masako"
35814,"Gurbaxani","Maik"
100274,"Miyakawa","Fei"
253853,"Glinert","Lokesh"
273818,"Werthner","Masasuke"
233320,"Birsak","Byong"
49318,"DeMori","Shichao"
15566,"Azuma","Baoqiu"
428270,"Fordan","Sudharsan"
421841,"Birjandi","Theron"
461016,"VanScheik","Muneo"
72563,"Zastre","Marla"
66602,"Luon","Duri"
83959,"Gunderson","Val"
14387,"Sanella","Guozhong"
229374,"Gurbaxani","Persi"
255370,"Panangaden","Geoff"
84150,"Massonet","Stamatina"
443940,"Soloway","Tayeb"
421534,"Setiz","Cedric"
229854,"Lamba","Hongzue"
206875,"Brlek","Niteen"
419526,"Eugenio","Vitaly"
479891,"Servi","Kwee"
257532,"Sabnani","Horward"
200248,"Herath","Navin"
409497,"Qiwen","Domenico"
102764,"Siochi","Marsja"
22550,"Pagter","Erzsebet"
11226,"Akiyama","Margareta"
441303,"Vilarrasa","Juyoung"
212418,"Kolvik","Sangeeta"
103574,"Bottner","Turgut"
452703,"Smeets","Badri"
420872,"Reghbati","Deborah"
263383,"Takkinen","Mingsen"
99900,"Lorin","Gill"
446621,"Iisaku","Samphel"
98224,"Stentiford","Leandro"
50379,"Bernatsky","Kien"
296304,"Larfeldt","Stevo"
423391,"Cherinka","Ayakannu"
418080,"Piazza","Youjian"
295602,"Demke","Mooi"
272582,"Wiegley","Khaled"
91989,"Reghbati","Radhakrishnan"
218547,"Wursthorn","Shaunak"
278416,"Conte","Hairong"
441386,"Albarhamtoshy","Marie"
33431,"Nannarelli","Paris"
102516,"Khalid","Aimee"
90931,"Rousseau","Sadun"
56974,"Brodal","Taegyun"
426868,"Usery","George"
83731,"Setiz","Huican"
31245,"Maliniak","Woody"
211647,"Bahi","Ute"
266646,"Cesareni","Remmert"
265848,"Lyonns","Arfst"
94063,"Codenie","Abdelwaheb"
460758,"Dahlbom","Debatosh"
211673,"Veeraraghavan","Heon"
54438,"Kobuchi","Haldun"
227563,"Yamaashi","Peternela"
106741,"Goldhammer","Tomoyuki"
279440,"Hebden","Shin"
262183,"Siepmann","Make"
51041,"Walstra","Palash"
444321,"Sigstam","Jinpo"
239108,"Thombley","Shigehito"
479306,"Portugali","Aiman"
61410,"Sinitsyn","Matt"
268315,"Godskesen","Jaber"
69812,"Lamba","Baruch"
200200,"Matzen","Willard"
434543,"Kragelund","Akemi"
43716,"Felder","Odysseas"
275976,"Detkin","Shaowei"
106187,"Rassart","Kazuyasu"
451441,"Rijckaert","Sahrah"
445827,"Nilsson","Kamakshi"
244322,"Dalphin","Rimon"
263545,"Radivojevic","Berthier"
451416,"Baig","Tru"
62541,"Schiettecatte","Gro"
406294,"Laventhal","Jinya"
422904,"Fritzsche","Kotesh"
231542,"Pileggi","Chuanti"
230750,"Vigier","Magy"
239423,"Gyimothy","Hongzue"
99026,"Broomell","Zhongwei"
29813,"Fujisaki","Jianhua"
290161,"Vigier","Marl"
258532,"Schmezko","Tomoyuki"
29395,"Milicic","Jungsoon"
461291,"Speek","Shigeichiro"
428521,"Arlazarov","Mads"
272401,"Rodier","Kerryn"
48094,"Birge","Basil"
425166,"Melton","Adil"
209728,"Rikino","Munenori"
415526,"Blokdijk","Sailaja"
62732,"Marchegay","JoAnna"
465572,"Miara","Masako"
417563,"Hockney","Mariangiola"
441861,"Gihr","Mantis"
239067,"Pocchiola","Tadahiko"
468516,"Murillo","Iara"
443571,"Garrabrants","Siddarth"
69555,"Sabnani","Golgen"
431561,"Engberts","Bernd"
257500,"Falby","Constantino"
243973,"Raczkowsky","Georgi"
410329,"Poupard","Alagu"
25596,"Erva","Uno"
39380,"Smailagic","Visit"
20482,"Servi","Morrie"
285302,"Guerreiro","Duangkaew"
237777,"Fiebach","Anneli"
23390,"Baalen","Isamu"
203411,"Isard","Abdelwaheb"
27207,"Skrikant","Deniz"
235866,"Mateescu","Alois"
427660,"Gils","Mayuko"
409976,"Emden","Basant"
477373,"Montresor","Alselm"
470344,"Rosca","Takahira"
441673,"Kushnir","Owen"
277199,"Nergos","Shay"
202999,"Hartvigsen","Jaideep"
405079,"Peroz","Nathalie"
54788,"Tokunaga","Prasadram"
244792,"Borovoy","Gonzalo"
287301,"Jansch","Dinkar"
439106,"Nivat","Guiseppe"
472800,"Joslin","Leen"
82018,"Chimia","Basant"
451222,"Domenig","Berhard"
299189,"Yetim","JiYoung"
236354,"Gajiwala","Chinhyun"
73059,"Perng","Zhiwei"
449257,"Perez","Gaetan"
434453,"Swen","Zhilian"
293965,"Majewski","Jamaludin"
57952,"Zuberek","Make"
241594,"Schwaller","Nahla"
13065,"Schiper","Zine"
252927,"Veeraraghavan","Vitaly"
403602,"Fadgyas","Adel"
25898,"Suri","Kamakshi"
12235,"Haumacher","Honesty"
466618,"Kavanagh","Pascal"
203128,"Domenig","Guozhong"
101371,"Wossner","Mayuko"
50627,"Brodal","Hatem"
217193,"Milicic","Visit"
31484,"Debuse","Keung"
99178,"Skafidas","Monique"
74668,"Bonifati","Masako"
479329,"Cardazo","Randi"
421476,"Chenney","Bedrich"
92065,"Staylopatis","Mohamadou"
432100,"Passafiume","Basil"
51858,"Melter","Xiahua"
49059,"Masada","Subhrajyoti"
73237,"Bonifati","Sanjoy"
476267,"Pollock","Divier"
207813,"Buchter","Xianlong"
48838,"Meszaros","Gay"
264011,"Coorg","Shahid"
38055,"Baranowski","Jianwen"
412305,"Coombs","Tetsurou"
36471,"Tokunaga","Jessie"
296178,"Fujisaki","Leif"
400309,"Prampolini","Kristian"
22994,"Gecsei","Atreyi"
267417,"Rissanen","Kannan"
33464,"Roccetti","Roddy"
463583,"Savasere","Vesna"
35585,"Matzat","Sashi"
45572,"Lowrie","Uri"
293516,"Waeselynck","Nigel"
277235,"Ashish","Ayakannu"
56052,"Markovitch","Sudhanshu"
481929,"Koblitz","Sastry"
214842,"Businaro","Nikolaus"
291987,"Soloway","Giap"
419578,"Ullian","Elgin"
101413,"Malinowski","Margareta"
479036,"Stiles","Gen"
95482,"Rossi","Niteen"
475040,"Ressouche","Tesuya"
467450,"Ciolek","Kitty"
104305,"Schapiro","Surveyors"
203061,"Marakhovsky","TRUE"
294887,"Bridgland","Subir"
270123,"Bach","Saeed"
86088,"Ballarin","Feiyu"
85333,"Suomi","Radhika"
274771,"Kabayashi","Tonia"
403271,"Irland","Yoshinari"
296630,"Usdin","Kousuke"
235194,"Meszaros","Venkatesan"
290586,"Lichtman","Gad"
476366,"Kobara","Sigeru"
293866,"Cooman","Hirochika"
252781,"Ravishankar","Shakhar"
25082,"Pearson","Malu"
256596,"Zeilberger","Aiman"
34197,"Anily","Arif"
464455,"Chaudhury","Rafols"
477683,"Gulak","Volkmar"
41316,"Winter","Toshiko"
33046,"Cunliffe","Sumant"
231706,"Pettey","Achilleas"
247461,"Jeong","Munenori"
283975,"Plump","Mariangiola"
294531,"Nittel","Hideo"
212025,"Kornyak","Wanqing"
45820,"Nivat","Kish"
35818,"Gajiwala","Stein"
215422,"Gihr","Miyeon"
283411,"Peak","Yongdong"
409899,"Verspoor","Djelloul"
404357,"Doering","Kasturi"
101625,"Bouloucos","Maha"
419201,"Driscoll","Moheb"
19144,"Ohori","Laurentiu"
481089,"Vrecion","Kitty"
56130,"Famili","Etsuo"
38076,"Flowers","Kiyotoshi"
454444,"Wynblatt","Mamdouh"
51164,"Khasidashvili","Sangeeta"
31135,"Hebert","Lokesh"
446440,"Dolinsky","Marsal"
106006,"Zweizig","Mechthild"
283380,"Orlowska","Qunsheng"
460994,"Kabayashi","Syozo"
97695,"Fendler","Sreekrishna"
54092,"Brendel","Steve"
426747,"Rassart","Bojan"
404916,"Ranft","Katsuo"
241019,"Templeman","Niranjan"
445223,"Ruemmler","Sachin"
409013,"Malinowski","Ingemar"
402869,"Garigliano","Aruna"
459105,"Hofstetter","Jaihie"
64658,"Rousseau","Aloke"
246049,"Strooper","Yannis"
107085,"Delgrande","Mabo"
217098,"Swick","Yonghoan"
423204,"Stranks","Uma"
471807,"Murtagh","Stafford"
411487,"Vakili","Marsal"
12301,"Akazan","Oksana"
245068,"Birnbaum","Shrikanth"
266238,"Weedon","Sachar"
239122,"Montresor","Otilia"
285075,"Salinas","Volkmar"
478765,"Busillo","Erez"
230310,"Kermarrec","Gadiel"
255065,"Showalter","Tristan"
401501,"Ghelli","Xuejun"
99296,"Kushner","Jaewoo"
278750,"Trachtenberg","Shir"
76577,"Zyda","Horward"
224068,"Murrill","Miomir"
83428,"Azumi","Leif"
48466,"Anily","Gian"
16149,"Luit","Ennio"
209068,"Sidje","Toshiko"
421553,"Tischendorf","George"
473459,"Deville","Herbert"
414125,"Marrevee","Nagui"
63833,"Angot","Naftali"
229947,"Katzenelson","Mabhin"
202093,"Bellone","Filipp"
37558,"Thambidurai","Juichirou"
451164,"Pargaonkar","Shahaf"
248412,"Yeung","Magdalena"
478635,"Demeyer","Debatosh"
45284,"Swift","Tesuro"
10101,"Heyers","Perla"
265951,"Suermann","Edwin"
96039,"Lampe","Stamatina"
39880,"Karunanithi","Turgut"
287415,"Szemeredi","Lidong"
64484,"Zaccaria","Mabhin"
31344,"Gerteisen","Saddek"
247090,"Kawashima","Ronghao"
236841,"Neiman","Kazuhiro"
410790,"Baek","Mrinalini"
269963,"Maraist","Ravishankar"
71519,"Lieblein","Gudjon"
230190,"Hockney","Kish"
19321,"Benveniste","Stella"
459545,"Gammage","Rimli"
211646,"McDermid","Rosalyn"
465963,"Camarinopoulos","Stevo"
21958,"Barriga","Guther"
90112,"Krupka","Ung"
84521,"Luders","Sumant"
92074,"Randt","Gaetan"
45535,"Nilsson","Danco"
412295,"Scharstein","Bezalel"
474563,"Jonsson","Zeljko"
262223,"Lally","Bojan"
49225,"Nittel","Falguni"
86138,"Matzke","Michaela"
269940,"Picaronny","Jaroslava"
420906,"Cardazo","Mari"
249673,"Klerer","Naraig"
478675,"Schade","Basem"
455332,"Parfitt","Berto"
413407,"Esposito","Jouko"
42296,"Hoogerwoord","Chiradeep"
474144,"Bondorf","Yurii"
426744,"Randi","Florian"
407653,"Baezner","Hitomi"
276582,"Eterovic","Yunming"
461088,"Bahi","Hyuncheol"
445867,"Przulj","Baoqiu"
284902,"Picht","Serenella"
242613,"Kawashimo","Sadegh"
84208,"Gubsky","Aksel"
220936,"Roohalamini","Jeanne"
51200,"Ozeri","Gaurav"
68802,"Bardell","Mooi"
449437,"Auyong","Stabislas"
440379,"Brendel","Tran"
414716,"Przulj","Adin"
52723,"Plump","JiYoung"
45661,"Lorho","Licheng"
403378,"Reghbati","Nechama"
266208,"Oehlmann","Lorien"
461462,"Krybus","Leon"
95984,"Morrin","Barun"
434820,"Falco","Mingzeng"
243043,"Senzako","Dayanand"
25749,"Rebaine","Mara"
443411,"Bahi","Behnaam"
269652,"Straney","Ayakannu"
261824,"Hebden","Muneo"
401073,"Candan","Marko"
264920,"Samarati","Percy"
475959,"Knightly","Wuxu"
90403,"Gilg","Yucel"
409986,"Stentiford","Wojceich"
35234,"Marrakchi","Zhigen"
434971,"Hertweck","Shugo"
56486,"Lindqvist","Steen"
45947,"Azumi","Shao"
256193,"Mullainathan","Souichi"
33971,"Shiratori","Kaijung"
479954,"Perez","Rosine"
473882,"Yeung","Akeel"
281944,"Diderrich","Malu"
71190,"Benner","Alain"
37194,"Beutelspacher","Zita"
37772,"Stasinski","Cheong"
459092,"Emiris","Berry"
71776,"Zucker","Ramachenga"
59096,"Leivant","Alexius"
78668,"Azadmanesh","Mandell"
256855,"Improta","Mohamadou"
31372,"Zaccaria","Padma"
222806,"Ratnakar","Kiam"
53437,"Huttel","Shahid"
204058,"Haumacher","Krisda"
19239,"Azevdeo","Karoline"
27802,"Lieblein","Kasturi"
213651,"Serra","Huan"
67596,"Zuberek","Ugo"
211950,"Conde","Suzette"
405403,"Pusterhofer","Vojin"
299656,"Nanard","Alenka"
442806,"Gornas","Kenton"
47969,"Rosis","Tuval"
59587,"Peak","Przemyslawa"
481136,"Bernini","Nahid"
74262,"Demri","Yongdong"
277387,"Karlin","Werner"
211563,"Lunt","Youpyo"
250391,"Serot","Cheong"
86673,"Kampfer","Petter"
297763,"Feldmann","Temple"
469901,"Guerreiro","Arun"
236801,"Gecsei","Dekang"
405931,"Hebert","Werner"
480937,"Docker","Luigi"
287518,"McConalogue","Chinhyun"
52254,"Nations","Yuguang"
411188,"Chimia","Val"
52361,"Narlikar","Gian"
430613,"Braunmuhl","Nathan"
269296,"Budinsky","Genevieve"
298598,"Vandervoorde","Bouchung"
20817,"Albarhamtoshy","Yucai"
229431,"Billingsley","Fumino"
244392,"Riefers","Owen"
435298,"Shackel","Morris"
208827,"Picci","Godehard"
101951,"Vuskovic","Francoise"
54054,"Dalphin","Yongdong"
106432,"Rosar","Geoff"
103022,"Gulla","Kenton"
426418,"Isaak","Guenter"
439388,"Collette","Hidde"
279743,"Nannarelli","Sasan"
20181,"Wegerle","Thodoros"
281926,"Stassinopoulos","Ferdinand"
279142,"Georgakopoulos","Giordano"
77138,"Karner","Haldun"
56905,"Genin","Insup"
24290,"Bernini","Chikako"
284273,"Meriste","Ohad"
218016,"Shumilov","Jayson"
14442,"Koprowski","Qunsheng"
406260,"Jeansoulin","Mizuhito"
254422,"Cochrane","Tadahiko"
447209,"Zyda","Sukumar"
84762,"Asrin","Visit"
439380,"Quaggetto","Tzu"
401699,"Ouhyoung","Zdislav"
12119,"Peot","Sachin"
450256,"Luga","Zeljko"
416330,"Pollock","Candida"
68180,"Herbst","Nevio"
405502,"Marchesini","Candido"
82734,"Pews","Arvind"
416809,"Bondorf","Ashish"
201061,"Jiafu","Ronnie"
43282,"Schiettecatte","Bokyung"
237062,"Asser","Mads"
67165,"Schapire","Chikako"
104578,"Steinauer","Arunachalam"
452983,"Thimonier","Leen"
271694,"Gilg","Abdulah"
265156,"Ohori","Thodoros"
415778,"Narahari","Chikara"
52258,"Takanami","Bernt"
82130,"Nergos","Maia"
32756,"Desikan","Gou"
54591,"Yoshimura","Josyula"
293075,"Zielinski","Persi"
91080,"Skogmar","Parviz"
88272,"Stemann","Neelam"
224185,"Nitta","King"
218472,"Thisen","Moty"
299676,"Christ","Gadiel"
36358,"Hiroyama","Khue"
421251,"Assaf","Fumitaka"
207894,"Papadias","Tzu"
220140,"Danecki","Yolla"
427888,"Siksek","Chanjung"
28777,"Keirsey","Abdelghani"
77942,"Georgakopoulos","Nalini"
211105,"Toyoshima","Matt"
286233,"Standera","Kellyn"
15987,"Ferretti","Irena"
241565,"Comellas","Bingning"
240701,"Goodrum","Xuedong"
277716,"Linares","Ziva"
44907,"Nyrup","Rafols"
226276,"Cangellaris","Fuqing"
279690,"Birge","Khoa"
444254,"Pollock","JoAnne"
216809,"Winter","Moni"
99438,"Prochazka","Vidar"
47169,"Nourani","Cheong"
432090,"Fetvedt","Chiradeep"
420854,"Varker","Izaskun"
281768,"Beausoleil","Eckart"
18451,"Ecklund","Neven"
100739,"DiGiano","Froduald"
21702,"Camarinopoulos","Muneo"
236127,"Schoegge","Kiyokazu"
291106,"Gilg","Masako"
240269,"Conte","Breannda"
477355,"Zlotek","Rosine"
101875,"Tsunoo","Karoline"
290331,"Radhakrishnan","Huei"
100275,"Erez","Petter"
473903,"Sichman","Stella"
271032,"Escriba","Babette"
270115,"Papsdorf","Rosli"
275595,"Roison","Maha"
459646,"Rouquie","Uri"
408620,"Masamoto","Kwun"
56505,"Matzat","Kwan"
293556,"Matzov","Chuanyi"
86595,"Pardalos","Gro"
29174,"Ferretti","Shaibal"
478841,"Bharadwaj","Salvador"
11828,"Paciorek","Mikhail"
282002,"Eickenmeyer","Franziska"
61357,"Fandrianto","Amalendu"
264438,"Lorie","Kwangjo"
433670,"Bresenham","Mohamadou"
16710,"Escriba","Arumugam"
437236,"Asrin","Remmert"
41007,"Chartres","Herb"
475261,"Puppo","Sachio"
236377,"Bael","Hironoby"
213590,"Whitcomb","Zvonko"
31742,"Vendrig","Pramod"
295685,"Quadeer","Huei"
62770,"Kroon","Odinaldo"
66535,"Gyorkos","Erez"
245138,"Rattan","Chaosheng"
444289,"Laurillard","Masaru"
83769,"Scallan","Yuichiro"
99395,"Sury","Dmitri"
292503,"Puoti","Atreye"
25831,"Levasseur","Xiping"
23240,"Ghalwash","Brigham"
72815,"Setiz","Marc"
423598,"Schwabacher","Shahaf"
284798,"Zhiwei","Fumiya"
14172,"Nitsch","Vasilis"
420737,"Andreotta","Becky"
107508,"Mapelli","Rajmohan"
433086,"Samarati","Elvis"
408815,"Polupanov","Khalid"
461858,"Lipner","Mohammed"
293231,"Thorelli","Pranay"
257083,"Belinskaya","Kousuke"
275022,"Yoshimura","Lansing"
470846,"Adachi","Frazer"
84098,"Merle","Shalesh"
32267,"Meriste","Jeanna"
220663,"Geffroy","Suvo"
404447,"Hedayat","Weiyi"
439433,"Godskesen","Subhrajyoti"
62291,"Erva","Berthier"
36904,"Usdin","Hailing"
31515,"Viele","Masato"
221963,"Birjandi","Ramzi"
96546,"Chandrasekhar","Takahito"
229491,"Eterovic","Yongdong"
464050,"Bratten","Shan"
62956,"Molenaar","Hugh"
21568,"Itzfeldt","Leaf"
97118,"Sankaranarayanan","Sudharsan"
42377,"Kuhnemann","Gaurav"
233167,"Kolinko","Rimon"
298107,"McAffer","Masanao"
255114,"Dulay","Magdalena"
21612,"Bardell","Martial"
431027,"Merkl","Ipke"
467761,"Shihab","Shay"
435369,"Bage","Paraskevi"
242888,"Stentiford","Randy"
432248,"Kakkad","Shuho"
431078,"Ananiadou","Adib"
91779,"Wilfing","Sakthirel"
21542,"Sherertz","Miomir"
251158,"Castellani","Younwoo"
41128,"Schwaller","Mohamadou"
218793,"Steenbeek","Miyeon"
105055,"Fortenbacher","Zhilian"
420951,"Ventosa","Moriyoshi"
295669,"Schieder","Cedric"
439738,"Rijsenbrij","Dinkar"
438694,"Leaver","Amalendu"
27817,"Lakshmanan","Uri"
93450,"Kieras","Jiakeng"
270195,"Straney","Sorina"
201876,"Madeira","Vishwani"
217762,"Stifter","Tzvetan"
242643,"Sethi","Gita"
30456,"Foote","Gladys"
443065,"Kusakabe","Magy"
16886,"Sundgren","Wilmer"
82430,"Morrey","Macha"
232338,"Mahnke","Genta"
245413,"Bashian","Shaleah"
273167,"Baalen","Leon"
209429,"Pfau","Leszek"
439027,"Riexinger","Munir"
478273,"Prochazka","Dulce"
481797,"Panienski","Mori"
463183,"Vandervoorde","Hongzue"
452573,"Szmurlo","Phule"
251099,"Constantine","Abdelkader"
405630,"Vidya","Takahiro"
278134,"Crouzet","Sorina"
93588,"Ramaiah","Yuichiro"
30686,"Eterovic","Xianlong"
33357,"Heusch","Rimli"
35414,"Fadgyas","Shaowen"
449143,"Lemarechal","Feipei"
49066,"Schmezko","Kolar"
403324,"Serdy","Yechiam"
425201,"Lortz","Gregory"
421524,"Felder","Muzhong"
460313,"Uludag","Christ"
262890,"Papsdorf","Navid"
479157,"Larfeldt","Jacopo"
271632,"Curless","Susanta"
232951,"Weedon","Jianhua"
278972,"Luit","Adil"
206448,"Scallan","Shahab"
31173,"Couchot","Fumiya"
274423,"Segond","Amalendu"
88806,"Ernst","Laurentiu"
478628,"Lammel","Kiam"
471392,"Rousseau","Eric"
463782,"Braccini","Teiji"
277826,"Tokunaga","Flemming"
428234,"Papadias","Shahid"
74429,"Ranta","Lein"
60190,"Granlund","Ingmar"
29314,"Vecchio","Gro"
235106,"Scallan","Sadegh"
246060,"Isaac","Zhilian"
414865,"Prenel","Mohammad"
421848,"Vitiello","Heping"
255606,"Bonifati","Elvis"
438334,"Binding","Sanjoy"
86306,"Krzyzanowski","Persi"
288183,"Kavvadias","Lorien"
291908,"Soloway","Marek"
472882,"Scallan","Djelloul"
439157,"Perfilyeva","Geoffrey"
426033,"Couchot","Geoffrey"
101308,"Conia","Richara"
288543,"Swick","Denny"
450585,"Remmele","Gaetan"
449443,"Vecchio","Arunas"
262749,"Olano","Khue"
419610,"Lamparter","Marlo"
448853,"Cannane","Adas"
434027,"Gischer","Mircea"
214319,"Nations","Itzchak"
202839,"Mansanne","Barton"
70129,"Bednarek","Jeanne"
35519,"Fujisawa","Xinglin"
23407,"Ramsey","Maha"
236230,"Milicia","Baoqiu"
463331,"Lanteri","Abdelkader"
101482,"Zobel","Mototsugu"
56799,"Sooriamurthi","Gita"
429381,"Roohalamini","Limsoon"
416972,"Kilgore","Sadok"
87473,"Ballarin","Zejun"
412857,"Marchesini","Jacqueline"
409307,"Ambroszkiewicz","Shai"
297828,"Piazza","Chirstian"
275225,"Luce","Mong"
240134,"Mattern","Lidong"
422665,"Edelhoff","Arunachalam"
421845,"Zongker","Stevo"
273215,"Azuma","Satyanarayana"
419395,"Schaad","Adam"
258714,"Dengi","Uwe"
269482,"Lunn","Zsolt"
407171,"Azulay","Uzi"
224282,"Llado","Shigehiro"
76892,"Collavizza","Mohammed"
405171,"Sifakis","Irena"
422455,"Klyachko","Zhiguo"
74358,"Lanteri","Mohammad"
272489,"Staudhammer","Vugranam"
57844,"Chappelet","Ortrud"
11718,"Marshall","Richard"
243089,"Peak","Jixiang"
276006,"Iisaku","Gurbir"
48538,"Thummel","Yinlin"
423702,"Iivonen","Parke"
107096,"Huhdanpaa","Ranan"
78238,"Rodham","Diederik"
13916,"Wynblatt","Vidya"
287010,"Morrey","Mrinalini"
87697,"Luit","Sanjoy"
463535,"Uhrik","Arch"
36414,"Kakkar","Duke"
16581,"Perez","Jolita"
415128,"Kossowski","Stepehn"
409108,"Gyimothy","Mohan"
457479,"Wynblatt","Sandeepan"
435366,"Haddadi","Gurbir"
233670,"Uehara","Sreekrishna"
286653,"Bugrara","Poorav"
264018,"Lorcy","Djenana"
209965,"Krzyzanowski","Gurbir"
430707,"Escriba","Jayson"
284616,"Tchuente","Claude"
80431,"Pearson","Kshitij"
105396,"Strehl","Sajjan"
434697,"Benzaken","Manohar"
56711,"Riexinger","Zvonko"
236530,"Danlos","Anneke"
221605,"Ishibashi","Conor"
462675,"Shrader","Sajjan"
247535,"Thorelli","Zhongwei"
90773,"Stanfel","Parto"
224496,"Pargas","Masako"
217339,"Kalafatis","Mana"
99209,"Roohalamini","Angus"
468822,"Hebert","Fumitake"
91960,"Decleir","Peternela"
455606,"Decleir","Jacopo"
207567,"Chleq","Tomofumi"
466999,"Harllee","Zhenhua"
232346,"Gide","Tetsurou"
427772,"Heering","Gen"
99666,"Kropp","Jackson"
427626,"Validov","Arco"
39379,"Krzyzanowski","Zhiwei"
454952,"Kroft","Martijn"
274352,"Barbanera","Spyrose"
466934,"Schaaf","Taiji"
21061,"Ebeling","Froduald"
416166,"Rosenbaum","Yuriy"
246075,"Schapiro","Moriyoshi"
242300,"Stasinski","Anoosh"
201834,"Showalter","Muneo"
281243,"Roison","Surveyors"
276576,"McClurg","Guadalupe"
245584,"Hofstetter","Hidefumi"
20290,"Jayawardene","Ashish"
220075,"Oskamp","Moty"
401076,"Hofmeyr","Zdislav"
459403,"Eickenmeyer","Chenye"
417027,"Tramer","Aram"
66295,"Reistad","Frederique"
291472,"Langford","Adly"
443646,"Mitchem","LiMin"
285061,"Baja","Babette"
246978,"Rikino","Gal"
433906,"Speel","Prodip"
267079,"Bellone","Tonny"
38928,"Rissanen","Hilary"
428199,"Solovay","Ioana"
29719,"Takkinen","Sumant"
228861,"Siksek","KayLiang"
441683,"Andreotta","Sanjai"
465828,"Perfilyeva","Saeed"
437833,"Haddadi","Yoshimitsu"
225105,"Hempstead","Palash"
15819,"Rajcani","Magdalena"
30240,"Merks","Berry"
228421,"Weedman","Spyrose"
264561,"Waymire","Erzsebet"
23114,"Taubenfeld","Suzette"
478898,"Decleir","Bernd"
297062,"Brizzi","Greger"
75317,"Hagimont","Ramalingam"
462313,"Figueira","Shaowei"
83405,"Ratnaker","Arup"
78198,"Birta","Gita"
46577,"Sambasivam","Fusako"
10016,"Cappelletti","Kazuhito"
66125,"Begiun","Waiman"
208713,"Reeker","Morris"
433807,"Ozeri","Yuguang"
283778,"Itzigehl","Goa"
37454,"Bernardeschi","KayLiang"
221767,"Ellozy","Lakshmi"
210276,"Braunmuhl","Nidapan"
48716,"Merlo","Domenick"
219551,"Wuwongse","Sampalli"
447061,"Pluym","Ewing"
424655,"Teitelbaum","Jasminko"
68539,"Matteis","Oddvar"
467710,"Oskamp","Kenroku"
263735,"Siksek","Magdalena"
262182,"Mungall","Cullen"
76139,"Speer","Mark"
436993,"Backhouse","Ingmar"
56743,"Nitto","Lansing"
445104,"Marzano","Pranjal"
61057,"Stille","Barun"
17851,"Millington","Manibrata"
400615,"Piveteau","Gadiel"
25548,"Gluchowski","Henk"
405784,"Luks","Jessie"
429895,"Morton","Makato"
105710,"Perl","Kiam"
96092,"Spataro","Fumiko"
202346,"Barvinok","Kyoichi"
258503,"Krone","Gen"
266285,"Murtafg","Nathan"
109122,"Farris","Baruch"
455464,"Crelier","Willard"
267138,"Auyong","Alair"
206074,"Imataki","Brigham"
476286,"Erez","Suvo"
89083,"Coullard","Xiping"
401622,"Danlos","Jaewon"
456942,"Barinka","Serenella"
90749,"Vesna","Martins"
58437,"Rusterholz","Maya"
427536,"Gonthier","Herbert"
79385,"Garnham","Feixiong"
409062,"Furudate","Kendra"
409626,"Picci","Danny"
28819,"Bresenham","Mori"
297106,"Sethi","Valery"
70174,"Lundstrom","King"
71817,"Cannata","Sverrir"
217431,"Nastansky","Girolamo"
446390,"Brickell","Teruyuki"
281991,"Krybus","Doohun"
224815,"Tanemo","Mechthild"
39834,"Erol","Shunichi"
462297,"Salinas","Luise"
450408,"Journel","Filipp"
71613,"Roccetti","Krisda"
70706,"Gadepally","Masanao"
109197,"Alencar","Augustine"
102253,"Koblitz","Pradeep"
431467,"Schach","Weijing"
470915,"Sudkamp","Heon"
463291,"Douceur","Sadun"
244790,"Jording","Constantino"
221776,"Cullers","Aruna"
291576,"Fadgyas","Valeska"
44459,"Panienski","Aluzio"
72238,"Ressouche","Berry"
96486,"Orsini","Ulf"
68899,"Zallocco","Tomokazu"
440324,"Veevers","Arvin"
210128,"Dayana","Olivera"
404009,"Codenie","Irena"
299101,"Thisen","Guozhong"
49604,"Valiente","Nathalie"
295136,"Kranzdorf","Moss"
285514,"Azevdeo","Bikash"
106428,"Hasenauer","Subhankar"
251017,"Murthy","LiMin"
21503,"Conti","Gianluca"
457664,"Pagter","Teiji"
293683,"Tramer","Gou"
253278,"Parveen","Kazuhito"
262513,"Bierbaum","Jahangir"
87479,"Mahnke","Lalit"
269355,"Falco","Cristinel"
402349,"Lipner","Harngdar"
207330,"Beutelspacher","Gennady"
404717,"Terkki","Rafael"
280617,"Sewelson","Yechiam"
471797,"Smeets","Aiman"
256007,"Plump","Sanjit"
67360,"Liedekerke","Bangqing"
16495,"Czaja","Collette"
416889,"Menyhert","Shay"
456152,"Siksek","Sajjan"
43489,"Mullainathan","Arve"
47964,"Range","Ramachenga"
447646,"Kavanagh","Huican"
100597,"DeMori","Mingdong"
15506,"Perz","Zhenbing"
92145,"Schueller","Marl"
295420,"Kornatzky","Lorien"
14119,"Georgakopoulos","Katsuo"
457904,"Herber","Martine"
477897,"Mersereau","Yakichi"
55273,"Zockler","Chiranjit"
232788,"Krupka","Mingsen"
55588,"Garnham","Bikash"
259150,"Majewski","Kiyomitsu"
217936,"Siegrist","Conal"
274980,"Slobodova","Sahrah"
263717,"Flasterstein","Harjit"
40790,"Strooper","Jiann"
438534,"Shihab","Luise"
13447,"Lortz","Yucel"
258811,"Barvinok","Jaideep"
273530,"Kavraki","Xinyu"
448063,"Antonisse","Ayonca"
297898,"Schicker","Kasidit"
249593,"Bhattacharjee","Valery"
87083,"Leuchs","Jingling"
96266,"Morris","Pranav"
462688,"Garnham","Sergi"
241588,"Casley","Gregory"
257597,"Lueh","Munir"
221395,"Gulik","Sadok"
81754,"Ranon","Marc"
203738,"Peot","Mikhail"
85425,"Besancenot","Florian"
95308,"Bail","Duri"
292814,"Merey","Byong"
69566,"Iisaka","Deborah"
28095,"Armand","Stabislas"
283161,"Kavraki","Parto"
474474,"Lammel","Kazuhira"
70647,"Thummel","Doohun"
208773,"Kamber","Zhongwei"
33913,"Binkley","Niteen"
226964,"Shrader","Lakshmi"
37646,"England","Ohad"
469176,"Solares","Constantijn"
232039,"Gunderson","Sarita"
109385,"Bernini","Valery"
210043,"Peltason","Kamakshi"
108988,"Baek","Oksana"
33861,"Neimat","Diederik"
419216,"Munck","Kwangho"
234506,"Heystek","Satyanarayana"
92562,"Massonet","Yucel"
232486,"Hutter","Bodo"
298621,"Clemencon","Xuejun"
41318,"Polupanov","Miquel"
451417,"Sinitsyn","Maria"
55168,"Carrera","Rimli"
40705,"Marchegay","Jeane"
12259,"Hofting","Juichirou"
66249,"Encarnacion","Jeanne"
448297,"Ghelli","Nahum"
281651,"Herath","Guenter"
447886,"Conta","Marsal"
26062,"Ranft","Ingemar"
16722,"Bain","Torsten"
479789,"Kropp","Collette"
104105,"Suomi","Phule"
99307,"Thibadeau","Moto"
210896,"Maquelin","Bowen"
293547,"Cooman","Fumiyo"
453729,"Schnabel","Xuejun"
214941,"Huhdanpaa","Sumali"
268800,"Antonakopoulos","Marin"
86295,"Hofstetter","Cheong"
70223,"Stiles","Yifei"
24252,"Koshino","Jenwei"
24946,"Glowinski","Ennio"
246848,"Orlowski","Paraskevi"
75283,"Menhoudj","Morris"
450671,"Rajcani","Poorav"
280998,"Back","Cristinel"
423476,"Deville","Susanne"
222274,"Cesareni","Lene"
229574,"Klassen","Mack"
423059,"Demri","Wilmer"
277675,"Rindone","Jiann"
90756,"Stafford","Narain"
233358,"Hofmeyr","Kersti"
274609,"Horswill","Cullen"
58822,"Schoegge","Elliott"
404890,"Schreiter","Snehasis"
34826,"Mamelak","Annemarie"
478396,"Vasanthakumar","Reinhard"
100972,"Validov","Mark"
92654,"Sadowski","Steve"
284760,"Lamba","Felicidad"
225730,"Kushnir","Arumugam"
480951,"Krone","Irene"
236176,"Lovengreen","LiMin"
439562,"Cherinka","Goncalo"
408008,"Gien","Christ"
269922,"Kakkar","Susanna"
71952,"Demian","Xianlong"
43319,"Strooper","Fayez"
75868,"Sadowski","Marko"
466657,"Brobst","Uriel"
452232,"Masada","Baziley"
207386,"Kushnir","Sachin"
263991,"Schoegge","Shigehiro"
246034,"Hoppenstand","Giap"
66538,"Malinowski","Kokou"
466880,"Krybus","Shahar"
60430,"Schlumberger","Josyula"
59822,"Luon","Denis"
32043,"Cooman","Muzhong"
208276,"Pena","Ulf"
52827,"Deverell","Kasidit"
289862,"Deverell","Marin"
411125,"Simmen","Karlis"
443916,"Callaway","Kersti"
211801,"Merel","Srinidhi"
54487,"Assaf","Goetz"
299721,"Jonsson","Troy"
231850,"Straney","Youjian"
404934,"Marrakchi","Bouchung"
279594,"Ponthieu","Alexius"
77015,"Nollmann","Ute"
273045,"Isard","Gunilla"
460587,"McAlpine","Prodip"
61312,"Ranta","Zito"
13775,"Maierhofer","Arve"
10619,"Kusakabe","Vivian"
87882,"Ruther","Denny"
258208,"Lores","Divine"
50345,"Matzel","Wojceich"
67894,"Randi","Qingxiang"
211633,"Gils","Ravishankar"
295744,"Comellas","Masaru"
280663,"Back","Ebru"
65405,"Denti","Gill"
22691,"Bottner","Morris"
276459,"Peternell","Alair"
20543,"Cronau","Zhonghui"
414620,"Vecchi","Surveyors"
95098,"Deverell","Niteen"
205423,"Gonthier","Manibrata"
95264,"Cichocki","Hironobu"
460432,"Merks","Sachar"
62063,"Roisin","Jaques"
443949,"Uchoa","Caolyn"
472709,"Majewski","Anestis"
19898,"Aamodt","Vidar"
59512,"Shinomoto","Tomokazu"
98643,"Giveon","Subir"
49465,"Schusler","Chenyi"
44785,"Kriebel","Phule"
263610,"Stanfel","Aksel"
421062,"Lyonns","Perla"
226135,"Rajaraman","Shimshon"
64099,"Shackell","Fumitake"
239872,"Schwartzburd","Frazer"
83519,"Uhrig","Heather"
64796,"Auria","Xiadong"
59282,"Garnick","Teiji"
20804,"Lunn","Toshimori"
417093,"Turnbull","Yagil"
237097,"Maginnis","Hirochika"
49215,"Brandsma","Tomofumi"
39725,"Morton","Filipp"
457973,"Maksimenko","Shahid"
108131,"Puppo","Nimmagadda"
37298,"Kuszyk","Make"
449598,"McConalogue","Kshitij"
284975,"Birge","Shay"
228943,"Gien","Alejandro"
404277,"Kalefeld","Shunichi"
219906,"Mapelli","Branimir"
28753,"Lichtner","Leaf"
13543,"Garigliano","Tua"
460791,"Mitzlaff","Arne"
450704,"Warwick","Kasidit"
73074,"Angot","Kwun"
47475,"Pehl","Hiroyasu"
475592,"Maginnis","Jinxi"
238437,"Bodoff","Rimli"
96424,"Cannard","Kenton"
60255,"Siochi","Danae"
46556,"Peac","Hirochika"
17374,"Coullard","Fumiyo"
67319,"Boguraev","Supot"
419310,"Lowrie","Yolla"
473792,"Dayana","Zine"
448700,"Lenart","Weiwu"
271532,"Heering","Bilhanan"
17295,"Morton","IEEE"
10510,"Slobodova","Keung"
84404,"Wixon","Sumali"
28225,"Lund","Aria"
270856,"Anido","Claudi"
60589,"Erie","Shuichi"
41239,"Rajaraman","Malu"
106298,"Baez","Marlo"
238508,"Schach","Sahrah"
427488,"Norsworthy","Bingning"
58967,"Sudkamp","Mamdouh"
299253,"Sambasivam","Aloys"
226164,"Solares","Xiping"
50852,"Smeets","Licheng"
106654,"Muhlberg","Remmert"
431853,"Hooghiemstra","Doohun"
94282,"Meszaros","Gregory"
471491,"Ponthieu","Shim"
230170,"Thummel","Yakichi"
206137,"Morton","Sumali"
204950,"Tischendorf","Garnet"
11946,"Maraist","Charlene"
45646,"Fargier","Panayotis"
267056,"Muchinsky","Jeanna"
477529,"Nitto","Selwyn"
75256,"Nishimukai","Zhiwei"
216825,"Krupka","Tzu"
36186,"Kavraki","Kazunori"
207644,"Cronau","Otmar"
47539,"Mayerwieser","Marek"
260315,"Skrikant","Unal"
34484,"Emmerich","Sachin"
215076,"Poujol","Susanna"
25776,"Lunt","Aluzio"
439532,"Yamaashi","Marke"
258569,"Siepmann","Sanjeeva"
423592,"Azuma","Chenxi"
70759,"Nannarelli","Mana"
82754,"Ranai","Cheong"
83026,"Sridhar","Sedat"
41515,"Baba","Leni"
43445,"Calkin","Sudhanshu"
98173,"Ambroszkiewicz","Irena"
98334,"Bazelow","Felicidad"
406422,"Rikino","Udo"
260115,"Navazio","Hausi"
426407,"Serre","Jackson"
82830,"Munos","Shaw"
43181,"Iisaka","Hugh"
411543,"Harbusch","Munehiro"
296383,"Veeraraghavan","Angus"
267428,"Doering","Reuven"
466774,"Legleitner","Perry"
421643,"Fairtlough","Zhenbing"
403516,"Azevdeo","Abdelghani"
258709,"Murtafg","Tristan"
228631,"Erde","Elliott"
256034,"Hooghiemstra","Prodip"
274585,"Itzfeldt","Aleksandar"
423033,"Luef","Shuho"
92679,"Dayang","Sajjan"
240302,"Waterhouse","Geraldo"
474985,"Biron","Unal"
287136,"Granlund","Shakhar"
72723,"Danlos","Arve"
264063,"Chelton","Shim"
428746,"Perin","Jiafu"
91173,"Neiman","Kwangyoen"
78305,"Veevers","Fabrizio"
433973,"Speek","Behnaam"
457326,"Vural","Tadahiko"
408287,"Pouyioutas","Padma"
206720,"Lally","Inderjeet"
466059,"Bellone","Mototsugu"
208716,"Servi","Bikash"
24452,"Basart","Ayakannu"
14428,"McFarlan","Zorica"
470396,"Bhattacharjee","Licheng"
84256,"Cheshire","Denny"
55349,"Merro","Jingling"
243056,"Steinauer","Hatim"
99487,"Uehara","Aran"
435000,"Granlund","Zita"
453645,"Chvatal","Taegyun"
25919,"Kulisch","Persi"
269318,"McFarlan","Mart"
455870,"Zaiane","Rafael"
476056,"Mundy","Tremaine"
404792,"Rousseau","Saniya"
93416,"Flowers","Naftaly"
55691,"Kusakari","Xuejun"
234492,"Brandsma","Vasilii"
264210,"Azuma","Kitty"
259153,"Kemmerer","Zdislav"
275968,"Baer","Mona"
260700,"Taubenfeld","Eishiro"
207598,"Ranon","Tsuneo"
273059,"Manderick","Hairong"
478147,"Sgarro","Chenyi"
253365,"Litzkow","Joydip"
101421,"Marciano","Fay"
435604,"Reeken","Ymte"
403566,"Lyonns","Supot"
93137,"Francisci","Eben"
284629,"Christianini","Maja"
247843,"Nitta","Leah"
222202,"Rosin","Richara"
468202,"Zaiane","Udaiprakash"
449035,"Suppi","Aria"
71979,"Kropp","Sugwoo"
18862,"Antonakopoulos","Ramalingam"
401332,"Perl","Foong"
99797,"Schlumberger","Otilia"
65047,"Jenevein","Eishiro"
473641,"Muhling","Fen"
257156,"Matzov","Make"
456533,"Miara","Uzi"
240464,"Tiemann","Dhritiman"
436830,"Zambonelli","Akeel"
297514,"Fordan","Ziya"
294335,"Silva","Pragnesh"
86033,"Smailagic","Richard"
29171,"Baaleh","Syozo"
98678,"Baby","Moti"
291163,"Fortenbacher","Stafford"
99049,"Thibadeau","Kenton"
29915,"Maquelin","JoAnne"
431863,"Bierbaum","Kiyotoshi"
65725,"Malabarba","Alain"
82466,"Brookner","Serge"
445894,"Orlowski","Martien"
292886,"Prenel","Mang"
465266,"Eppinger","Ioana"
26113,"Brandsma","Larisa"
457875,"Krone","Shaz"
286197,"Suri","Xinglin"
405036,"Erev","Masoud"
297642,"Krichel","Matk"
227844,"Kavvadias","Shiv"
455297,"Ritcey","Tetsushi"
456017,"Foong","Yechiam"
471803,"Pollacia","Ayakannu"
427709,"Candan","Tsutomu"
46132,"Beeson","Josyula"
460999,"Viele","Etsuo"
223885,"Chorvat","Subhash"
291595,"Masand","Zhaofang"
76463,"Guenter","Lubomir"
44137,"Karlin","Changho"
451023,"Bellone","Deborah"
273620,"Templeman","Oldrich"
87273,"Maquelin","Saeko"
37231,"Leonhardt","Vidya"
267241,"Wilharm","Keiichiro"
225062,"Shihab","Dzung"
477237,"Emiris","Yefim"
277845,"Fordan","Weiye"
87161,"Sudkamp","Ennio"
44351,"Siepmann","Lunjin"
405765,"Schach","Ult"
423337,"Matzov","Isaac"
266542,"Bail","Shim"
93184,"Couchot","Hugo"
270636,"Lally","Yefim"
475876,"Carrere","Kokou"
81285,"England","Hairong"
251484,"Kawashima","Adit"
11728,"Makrucki","Serge"
108406,"Bach","Patricia"
14108,"Khasidashvili","Shmuel"
104364,"Shanbhogue","Jordanka"
52487,"Shackel","Candido"
226824,"Bazelow","Jayson"
45989,"Asrin","Hiroyasu"
414375,"Szmurlo","Kenton"
43568,"Fendler","Lidong"
271647,"Ebeling","Edwin"
24539,"Theuretzbacher","Shounak"
437991,"Kavanagh","Luisa"
426319,"Zeidenstein","Samphel"
81770,"Ranum","Debaprosad"
250261,"Baig","Xuejun"
481963,"Collette","Giri"
285332,"Chaudhury","Abdelaziz"
465999,"Kusakari","Nahla"
241186,"Zwicker","Renny"
85030,"Barreiro","Gill"
24853,"McClurg","Zhongwei"
299571,"Bratsberg","Lihong"
229376,"Vasanthakumar","Miyeon"
220638,"Schaft","Mohammad"
217981,"Stellhorn","Radhia"
285616,"Farrow","Przemyslawa"
457214,"Perri","Sailaja"
71627,"Ranta","Aria"
462910,"Luff","Maria"
277512,"Akiyama","Mana"
39517,"Baar","Jackson"
421122,"Schnelling","Danny"
249202,"Zucker","Arvind"
101895,"Bodoff","Aruna"
470634,"Vadhan","Xuedong"
454255,"Greibach","Mokhtar"
435341,"Conti","Kish"
228205,"Dichev","Vincent"
31553,"Munck","Bikash"
23565,"Merro","Guangming"
479753,"Talmor","Jaques"
415639,"Azevdeo","Marek"
107228,"Waleschkowski","Conrado"
11668,"Wursthorn","Hiroyasu"
257154,"Vrecion","Kazuhiro"
73314,"Weiland","Oguz"
470485,"Parascandalo","Gor"
250591,"Osgood","Mechthild"
442029,"Baer","Yurii"
104849,"Peha","Ranga"
424415,"Vigier","IEEE"
283589,"Lamparter","Ravishankar"
66656,"Ozeki","Naftaly"
73682,"Douceur","Heng"
33560,"Ranon","Huiqun"
261782,"Borovoy","Eran"
404434,"Reinhart","Giao"
460595,"Bazzichi","LiMin"
29061,"Yeung","Odinaldo"
109089,"Vitiello","Shietung"
51209,"Gopalakrishnan","Paloma"
42333,"Hainaut","Woody"
104583,"Kinley","Odoardo"
226327,"Erdmenger","Roselyn"
39756,"Litecky","Dmitri"
60823,"Parfitt","Kazuhiro"
94484,"Kumaresan","Demos"
270670,"Lyonns","Deniz"
106777,"Speer","Gad"
201505,"Heystek","Kagan"
102882,"Masand","Elgin"
23293,"Rassart","Yagil"
480400,"Shackell","Toshiki"
211728,"Liesche","Geoff"
87983,"Murtha","Aiichiro"
480327,"Nishimukai","Gurbir"
77433,"Businaro","Ung"
441352,"Menyhert","Christoper"
402371,"Jervis","Mabo"
90043,"Arlazarov","Florina"
288033,"Millington","Valery"
436419,"Schapiro","Randi"
435726,"Kermarrec","JoAnna"
222509,"Sidje","Yonghoan"
213870,"Gubsky","Shim"
270955,"Leppanen","Mabo"
18430,"Benaini","Horward"
465805,"Redmiles","Izaskun"
273433,"Stellhorn","Flemming"
422641,"Hasham","Padma"
217941,"Sadowski","Garnik"
30163,"Attimonelli","Hyuckchul"
276342,"Swiler","Gritta"
436042,"Molberg","Fumitaka"
402485,"Swan","Kwangho"
271311,"Gargeya","Christ"
241190,"Busillo","Satoru"
209285,"Dredge","Fan"
266485,"Caine","Sandeepan"
467297,"Hempstead","Yunming"
39895,"Baaz","Heon"
456549,"Usdin","Adhemar"
417238,"Varker","DAIDA"
451784,"Birge","Yagil"
260567,"Lorho","Lenore"
273342,"Cappelletti","Fumino"
470099,"Lueh","Xiping"
106141,"Stavenow","Premsyl"
414575,"Georg","Aris"
240165,"Munck","Zhaofang"
235046,"Farrar","Constantino"
226384,"Makinen","Hausi"
297581,"Osgood","Lobel"
56377,"Taubenfeld","Mountaz"
411387,"Solares","Gor"
19778,"Ambroszkiewicz","Ferdinand"
93125,"Alencar","Charmane"
257536,"Srimani","Juichirou"
285587,"Simmen","Ugo"
205668,"Encarnacion","Yinghua"
420429,"Comyn","Kiyomitsu"
98199,"Felcyn","Sadun"
476850,"Feinberg","Denny"
216205,"Joslin","Annemarie"
103799,"Michaeli","Takanari"
288810,"Collette","Phuoc"
227832,"Christianini","Lalit"
417922,"Bhattacharjee","Ziyad"
262504,"Stasinski","Make"
267683,"Basawa","Rildo"
430402,"Rahier","Ishfaq"
205074,"Berendt","Alselm"
231178,"Highland","Gennady"
200901,"Duclos","Divier"
106454,"Lovengreen","Uriel"
472255,"Krohn","Marlo"
228125,"Bharadwaj","Pohua"
221344,"Orlowska","Szabolcs"
62431,"Gyorkos","Mamdouh"
435419,"Heiserman","Nevio"
421596,"Radivojevic","Van"
28634,"Stille","Kwun"
473028,"Fairtlough","Gao"
297925,"Heemskerk","Nahla"
273631,"Perfilyeva","Richara"
294011,"Solares","Guiseppe"
77522,"Giaccio","Marie"
450857,"Crelier","Sanjoy"
446596,"Raoux","Shir"
105164,"Peltason","Khalil"
247088,"Beeson","Mahmut"
38648,"Pearson","Leif"
285440,"Lakshmanan","Jeane"
107313,"Perng","Mayuko"
30894,"Turnbull","Kristian"
70617,"Melichar","Kasidit"
409197,"Marsiglia","Aamod"
232713,"Sethi","Aloke"
42554,"Siepmann","Ramya"
280435,"Keohane","Ioana"
201200,"Kuszyk","Marjo"
48919,"Birge","Sergi"
464444,"Erbe","Kankanahalli"
463785,"Felder","Marlo"
224904,"Jakobus","Danny"
16844,"Kitai","Geoffry"
449845,"Demir","Yoshimitsu"
51431,"Merro","Debaprosad"
433825,"Szilard","Lillian"
208794,"Nergos","Garnik"
417611,"Stenning","Sven"
430566,"Kuzuoka","Kensei"
295950,"Braunmuhl","Godehard"
63038,"Hasham","Abdelaziz"
235134,"Bratsberg","Masami"
71398,"Krohn","Sanjeeva"
464944,"Sullins","Sreenivas"
230914,"Brobst","Munir"
467837,"Makinen","Sanjit"
205089,"Weedman","Claude"
458464,"Gimarc","Tuval"
439969,"Gini","Ohad"
463078,"Mateescu","Shirish"
76562,"Basart","Renee"
81933,"Lunn","Vatsa"
56751,"Hofstetter","Yuguang"
262057,"Bojadziev","Dinah"
241650,"Staylopatis","Chuanti"
459013,"Backhouse","Evgueni"
464088,"Setia","Sushant"
432884,"Miculan","Chaoyi"
425788,"Lorho","Francesca"
58452,"Ginneken","Aloke"
82766,"Litzler","Rosita"
269258,"Bierbaum","Kwun"
282822,"Nitsch","Zongyan"
237202,"Hettesheimer","Hongzhu"
209187,"Usery","Shigeaki"
414360,"Stille","Marc"
454374,"Takanami","Alenka"
431595,"Bottner","Aemilian"
233625,"Perry","Byong"
221135,"Bernardeschi","Jiakeng"
38855,"Koyama","Florian"
218256,"Perna","Khaled"
481642,"Georg","Anneli"
201179,"Walston","Gill"
218599,"Kroon","Otmar"
219120,"Aseltine","Vishwani"
456021,"Shigei","Jiang"
85481,"Monarch","Jouni"
260904,"Angelopoulos","Lobel"
63594,"Luiz","Niranjan"
456402,"Zumaque","Mario"
37559,"Dusink","Hausi"
278556,"Mitina","Zejun"
39417,"Maksimenko","Jeanne"
241540,"Denti","Hercules"
422062,"Yemenis","Ramachenga"
106742,"Narahara","Gaurav"
106036,"Puppe","Radoslaw"
85161,"Karner","Terresa"
270486,"Schwabacher","Randy"
90418,"Awdeh","Mart"
480392,"Montemayor","Georgy"
74228,"Zucker","Fai"
480291,"Vigier","Shaowei"
290591,"Kobara","Dante"
452679,"Picht","Alagu"
28831,"Kusakari","Bezalel"
266615,"Menhardt","Monique"
108569,"Siochi","Vidar"
400887,"Lamparter","Mohan"
265971,"Serov","Kotesh"
106104,"Lueh","Magdalena"
34623,"Sabnani","Qingxiang"
105118,"Rajcani","Gurbir"
458958,"Krohm","Garnet"
216504,"Bashian","Snehasis"
447768,"Brizzi","Subbu"
208966,"Cooley","Gregory"
61835,"Zweizig","Nevio"
57065,"Dengi","Shridhar"
466680,"Anily","Udaiprakash"
52141,"Luders","Giordano"
420858,"Renear","Siamak"
238522,"Masada","Macha"
243117,"Krzyzanowski","Malu"
436847,"Noriega","Dinah"
27133,"Bondorf","Lenore"
448453,"Zyda","Rosli"
452088,"Kleiser","Saniya"
422482,"Katzenelson","Shigeichiro"
282003,"Puppo","Percy"
432385,"Rijckaert","Boutros"
284907,"Erez","Boalin"
34768,"Ranum","Mansur"
25100,"Esteva","Bangqing"
15206,"Azulay","Yaghout"
34923,"Plump","Lubomir"
16421,"Azumi","Felicidad"
70502,"Weedon","Jiann"
41521,"Pauthner","Tzu"
447592,"Muniz","Candido"
212383,"Zeilberger","Mototsugu"
88351,"Monarch","Taiji"
34146,"Matteis","Fun"
299832,"Skafidas","Remzi"
66897,"Kaiser","Radhakrishnan"
29806,"Chenney","Elvia"
422580,"Encarnacion","Ramya"
88917,"Varley","Shaleah"
249606,"Jonsson","Miquel"
88479,"Monkewich","Harjit"
417765,"Lyonns","Jiong"
240869,"Hasham","Kirk"
438480,"Taubenfeld","Hyuncheol"
421867,"Kakkar","Fumitake"
19473,"Khalid","Venkatesan"
276623,"Ramsey","Owen"
439064,"Rodham","Khalil"
214037,"Zaiane","Mooi"
273677,"Spinelli","Terresa"
17459,"Delgrange","Xuejun"
240042,"Ranst","Lalit"
267174,"Furudate","Maha"
259210,"Munoz","Thanasis"
222609,"Muchinsky","Barun"
216023,"Waschkowski","Khedija"
25411,"Godskesen","Mohamadou"
89572,"Hertweck","Guiseppe"
23505,"Muchinsky","Yunming"
434356,"Billawala","Odysseas"
235112,"Usery","Mechthild"
439568,"Etalle","Yinlin"
23976,"Lindqvist","Sivanarayana"
16685,"Lueh","Jaewon"
267974,"Swiss","Lenore"
465146,"Naumovich","Naftaly"
477250,"Segond","Hugh"
105186,"Merey","Kellie"
292671,"Granlund","DeForest"
88601,"Baalen","Vidya"
70420,"Aloia","Xuejun"
20098,"Lanphier","Domenick"
400683,"Manders","Kamakshi"
267198,"Casperson","Przemyslawa"
257590,"Matteis","Yongdong"
87424,"Chandrasekhar","Ewing"
36267,"Gecsel","Sven"
273558,"Pollock","Pohua"
222077,"Kilgour","Gor"
205159,"Simmen","Vitaly"
467780,"Georg","Duro"
419854,"Zucker","Cheong"
33892,"Kitsuregawa","Yifei"
66605,"Suermann","Chiranjit"
468767,"Maginnis","Hongzhu"
281388,"Chepyzhov","Herb"
466898,"Khasidashvili","Michaela"
470596,"Rahier","JiYoung"
472277,"Perfilyeva","Qingxiang"
426417,"Cardazo","Alenka"
270504,"Olivero","Geoff"
84654,"Stifter","Zhenhua"
234218,"Turnbull","Khue"
12993,"Sessa","Subhash"
233847,"Karnin","Boriana"
420994,"Granlund","Zhensheng"
220019,"Lamba","Rafael"
284821,"Gadepally","Charlene"
451900,"Weisert","Fusako"
59560,"Roisin","Shuho"
454658,"Eickenmeyer","Maris"
296352,"Goodrum","Huai"
104191,"Claffy","Bodh"
100444,"Itzigehl","Arno"
68332,"Teitelbaum","Kristian"
56158,"Puoti","Rafael"
231851,"Anger","Lena"
28648,"Luca","Nagui"
413962,"Emiris","Takanari"
471841,"Mitsuhashi","Kenroku"
264285,"Lunn","Shiv"
292998,"Ramsay","Rosalyn"
474128,"Sidou","Narain"
227574,"Marciano","Jaques"
261903,"Melton","Rafols"
281931,"Picht","Nahid"
213268,"Pouyioutas","Anoosh"
30209,"Aloisi","Yannis"
259295,"Falby","Terresa"
247825,"Hooghiemstra","Luise"
414848,"Tramer","Soenke"
279878,"Prampolini","Giap"
204371,"Norsworthy","Christophe"
434114,"Portugali","Nobuyoshi"
422667,"Naumovich","Guttorm"
229690,"Sherertz","Mokhtar"
260583,"Thiria","Gro"
263536,"Chaudhury","Kiyotoshi"
280553,"Naumovich","Mani"
91518,"Hennings","Domenico"
427952,"Weiland","Ottavia"
440460,"Menyhert","Munehiko"
280042,"Pezzoli","Berthier"
223327,"Peron","Teunis"
61648,"Kemmerer","Amalendu"
445553,"Imataki","Mayuri"
61229,"Herber","Shiv"
461810,"Erdi","Ronghao"
217746,"Pelc","Shih"
86383,"Klassen","Akeno"
226757,"Pezzoli","Marke"
82405,"Wegerle","Arlette"
76962,"Bodoff","Ebru"
262567,"Pero","Oguz"
105420,"Piancastelli","Petter"
465719,"Siegrist","Ottavia"
101130,"Veeraraghavan","Chikako"
249066,"Lieberherr","Ewing"
291687,"Rosca","Soenke"
13672,"Desikan","Tremaine"
475224,"Dahlbom","Gou"
272295,"Luck","Yannik"
274077,"Bazzichi","Djelloul"
262878,"Sooriamurthi","Anoosh"
77385,"Avouris","Kristinn"
18270,"Siepmann","Guther"
260018,"Cherinka","Fumiyo"
235636,"Whitcomb","Ekawit"
270004,"Keirsey","Annemarie"
411869,"Sherertz","Serenella"
35530,"Bauknecht","Along"
425445,"Eldridge","Bouchung"
80957,"Matzov","Patricia"
57608,"Kaminger","Olivera"
38106,"Conte","Ennio"
409909,"McClurg","Xumin"
265355,"Alencar","Heng"
69516,"Salvesen","Samphel"
48756,"Kowalchuk","Kousuke"
282700,"Zhiwei","Dietrich"
234597,"Thombley","Kazunori"
12291,"Koyama","Masamitsu"
413501,"Hartvigsen","Visit"
432763,"Lanzelotte","Ramalingam"
263154,"Swist","Shaunak"
64932,"Ramsay","Suvo"
208802,"Attimonelli","Berthier"
285152,"Tomescu","Mack"
21421,"Yoshizawa","Avishai"
467491,"Bojadziev","Sivanarayana"
37649,"Puppe","Jolita"
228146,"Rande","Navin"
204656,"Kolinko","Piyawadee"
54854,"Marakhovsky","Nakhoon"
43476,"Wuwongse","Shaw"
447317,"Henders","Shounak"
246944,"Harllee","Lene"
449003,"Pluym","DeForest"
244909,"Marquardt","Tsz"
242547,"Zhang","Toshimitsu"
471829,"Jarecki","Saniya"
453000,"Bodoff","Martina"
93485,"Antonakopoulos","Susanta"
275687,"Akazan","Richard"
49227,"Clouatre","Anestis"
257775,"Krohn","Shiv"
14673,"Pusterhofer","Dinkar"
59208,"Farrel","Tianruo"
52003,"Ramsey","Shichao"
478854,"Esposito","Brendon"
60731,"Kolinko","Heekeun"
31301,"Krichel","Yongmao"
92926,"Mitina","Renee"
80155,"Uhrik","Susumu"
41609,"Simmen","Yucai"
67677,"Duclos","Parviz"
471703,"Detkin","Mircea"
457236,"Poujol","Sudharsan"
263343,"Montemayor","Akhilish"
252411,"Merks","Amalendu"
20726,"Mateescu","Genta"
472902,"Conde","Yunming"
107595,"Hockney","Yuguang"
92066,"Gire","Radhika"
290858,"Ferriere","Khatoun"
416641,"Huhdanpaa","Marek"
100253,"Picht","Hercules"
227536,"Pileggi","Jamaludin"
458229,"Bauknecht","Kagan"
261251,"Gente","Alexius"
452233,"Toyoshima","Shigenori"
256852,"Tanemo","Shir"
289630,"Dolinsky","Yongdong"
216403,"Solovay","Shichao"
202149,"Bridgland","Pragnesh"
251725,"Ressouche","Ugo"
72840,"Taubenfeld","Uli"
442675,"Rullman","Leif"
294848,"Flanders","Yishay"
289880,"Tyugu","Satoru"
210508,"Remmele","Kristinn"
420396,"Trogemann","Geraldo"
202011,"Lamparter","Fei"
409458,"Rodiger","Matt"
273454,"Katalagarianos","Hatsukazu"
264494,"Itzfeldt","Yolla"
106962,"Pleszkun","Lansing"
432286,"Mitsuhashi","Sanjay"
411875,"Biron","Mizuhito"
427216,"Androutsos","Hugh"
81302,"Fabrizio","Jiakeng"
444934,"Attimonelli","Oddvar"
210814,"Schade","Chikako"
10817,"Rullman","Uri"
270738,"Serdy","Shen"
95639,"Schapire","Maja"
65515,"Teitelbaum","Phillip"
459162,"Pews","Ziva"
225132,"Junet","Zito"
479943,"Moehrke","Uno"
260486,"Attimonelli","Chuanyi"
39610,"Nastansky","Roselyn"
227584,"Skrikant","Gita"
49804,"Cappelli","Mountaz"
416311,"Parascandalo","Bernd"
420070,"Birch","Stein"
293868,"Kugler","Yongqiao"
431507,"Curless","Haldun"
103805,"Dechter","Zeydy"
85028,"Heydon","Ebru"
281049,"Harnett","Shay"
223255,"Babu","Kellyn"
244207,"Isaac","Flemming"
403841,"Butterworth","Giri"
273090,"Masamoto","Rimli"
270352,"Backhouse","Geoff"
460726,"Kirkerud","Koichi"
70886,"Bierman","Krassimir"
52271,"Schaft","Nikolaus"
100109,"Gargeya","Aleksandar"
255961,"Kopetz","Harngdar"
473266,"Serre","Xiaoheng"
264268,"Cyre","Satosi"
102870,"Alpay","Marsal"
91466,"Ritcey","Tzvetan"
474400,"Ushiama","Herb"
295214,"Molenaar","Prasadram"
234299,"Speckmann","Felicidad"
16115,"Silva","Haldun"
453403,"Flowers","Tua"
418315,"Nyrup","Alain"
88916,"Mahnke","Zhonghua"
253382,"Limongiello","Avishai"
215464,"Lorin","TRUE"
430824,"Krupka","Shem"
236916,"Panangaden","Ohad"
259659,"Gelosh","Jacopo"
204641,"Murtagh","Mansur"
231598,"Gyorkos","Marek"
282097,"Dahlbom","Babette"
448266,"Bach","Bogdan"
259624,"Sambasivam","Goa"
46826,"Ladret","Christoper"
11662,"Hofting","Mokhtar"
243435,"Akiyama","Moriyoshi"
231205,"Nittel","Lidong"
285591,"Kropatsch","Tremaine"
33297,"Rodiger","Achilleas"
281787,"Breugel","Luisa"
209785,"Zeilberger","Arie"
85002,"Cangellaris","Naraig"
30260,"Feinberg","Trygve"
251361,"Levergood","Xinglin"
29450,"Driscoll","Pranas"
405954,"Delaune","Xiaocheng"
42624,"Chachaty","Brewster"
231462,"Zwicker","Siddarth"
446087,"Farris","Samphel"
71168,"Chiola","Bartek"
219496,"Montemayor","Bouchung"
91452,"Flasterstein","Nevio"
444796,"Pews","Gift"
438391,"Syrotiuk","Bedrich"
43775,"Whittlesey","Susumu"
260537,"Chiola","Georgi"
70611,"Berztiss","Fumiko"
455058,"Kieras","Krassimir"
39684,"Dratva","Kokou"
11315,"Meriste","Neven"
425012,"Suermann","Mohamadou"
278468,"Armand","Herb"
427498,"Foong","Taisook"
245757,"Emiris","Zijian"
419915,"Lampe","Bingning"
86531,"Belinskaya","Boaz"
251779,"Peyn","Tadahiko"
238484,"Adachi","Mart"
289683,"Veldwijk","Ortrun"
101990,"Wursthorn","Mang"
460157,"Parascandalo","Sudhanshu"
291732,"Schade","Lihong"
411940,"Codenie","Gritta"
277316,"Rothenberg","Vitali"
10370,"Fandrianto","Clyde"
218204,"Glowinski","Guiseppe"
31807,"Stiles","Dekang"
458070,"Edelhoff","Inderjeet"
453235,"Harbusch","Unal"
37529,"Jording","Conrado"
35196,"Speek","Reinhard"
97826,"Motley","Guangming"
41226,"Meriste","Dekang"
247551,"Boyle","Kristian"
78948,"Yeung","Gal"
280107,"Bael","Bader"
54710,"Poujol","Nikolaos"
228645,"Cappelletti","Jouko"
419732,"Standera","Mitsuyuki"
462457,"Negoita","Beshir"
213196,"Chaudhury","Geoff"
425211,"Comyn","Erzsebet"
464467,"Luck","Masato"
402738,"Baaz","Wanqing"
97665,"Undy","Yakichi"
256862,"Juneja","Moheb"
78189,"Gischer","IEEE"
410922,"Tsukuda","Greger"
66164,"Cappello","Kensyu"
460754,"Luke","Junichi"
96377,"Azumi","Georgy"
223494,"Thiran","Rosalyn"
48195,"Antonisse","Akhilish"
467776,"Aumann","Cristinel"
95304,"Irland","Ramya"
433863,"Hedayat","Breannda"
214369,"Nannarelli","Udaiprakash"
210525,"Jiafu","Eckart"
236239,"Potthoff","Feiyu"
279683,"Lichtman","Bojan"
429404,"Tischendorf","Lillian"
216733,"Fetvedt","Weiyi"
104258,"Claffy","Uma"
473512,"Schwabacher","Ayakannu"
451589,"Naudin","Angus"
411554,"Molberg","Shuho"
229691,"Horswill","Collette"
105204,"Schaad","Ennio"
33968,"Hasham","Steen"
23689,"Chappelet","Tooru"
242028,"Anily","Chiranjit"
406269,"Zastre","Bangqing"
21040,"Borovoy","Gunilla"
260026,"Katalagarianos","Munenori"
429924,"Roison","Remco"
468547,"Birrer","Pramod"
279776,"Moehrke","Mohammed"
224667,"Harllee","Ziva"
32871,"Rullman","DeForest"
241366,"Foote","Hitofumi"
471268,"Bellmore","Kenton"
282714,"Zlotek","Tommaso"
441878,"Hiltgen","Huei"
259701,"Ciolek","Goh"
207631,"Undy","Susanne"
279661,"Bach","Xiadong"
60656,"Beeson","Inderjeet"
251822,"Griswold","Irene"
208768,"Schwartzbauer","Ravishankar"
411780,"Georgatos","Jianhao"
402900,"Choobineh","LiMin"
405462,"Murthy","Nitsan"
266151,"Perfilyeva","Maya"
270914,"Staelin","Monique"
248222,"Pellegrinelli","Luigi"
217733,"Fontan","Gennady"
103617,"Lunt","Isamu"
480273,"Serra","Jinpo"
43291,"Angel","Pragnesh"
231157,"Feldhoffer","Pranjal"
266088,"Herbst","Adhemar"
266333,"Oppitz","Moss"
446475,"Alameldin","Lunjin"
34988,"Matzel","Moty"
256923,"Neimat","Shaunak"
428434,"Karlin","Kish"
282574,"Guenter","Alain"
11696,"Rothe","Dante"
70941,"Junet","Cedric"
42293,"Basawa","Annemarie"
255124,"Bratsberg","Arco"
405085,"Lanzelotte","Jixiang"
224290,"Fraisse","Shih"
263422,"Moffat","Magy"
240516,"Yetto","Shichao"
61493,"Chvatal","Sigeru"
401790,"Brizzi","Aruna"
256595,"Velardi","Basant"
58819,"Liesche","Gennady"
406481,"Krogh","Jiong"
51994,"Pluym","Shigehito"
93387,"Laurillard","Fumitaka"
481182,"Penttonen","Domenick"
245838,"Axelband","Basant"
475885,"Moehrke","Ashish"
102835,"Marrakchi","Kazuhide"
418311,"Tiemann","Chenxi"
413019,"Rouquie","Rance"
261792,"Michaeli","Adas"
105774,"Luga","Mansur"
223277,"Bonifati","Danel"
53990,"Cunliffe","Jaana"
457928,"Daescu","Tran"
58497,"Cairo","Yechiam"
444724,"Maginnis","Yuichiro"
298137,"Bashian","Cathie"
230688,"Khalil","Tomokazu"
463425,"Raczkowsky","Denis"
240999,"Aloia","Raimond"
238514,"Maraist","Zvonko"
64997,"Azevdeo","Vatsa"
47061,"Servi","Kinh"
474681,"Nitta","Padma"
267775,"Lampe","Remco"
260282,"Cmelik","Maha"
279861,"Tyugu","Dipayan"
270810,"Braccini","Gonzalo"
443567,"Kornyak","Kitty"
246808,"Boissier","Dmitri"
107688,"Perz","Rimli"
74316,"Desikan","Eran"
297098,"Hofman","Fan"
469897,"Raoux","Alexius"
46689,"Schurmann","Weiyi"
214233,"Showalter","Baruch"
296001,"Farrel","Stevo"
212627,"Spataro","Manohar"
291044,"Rettelbach","Juichirou"
257559,"Sinitsyn","Kasturi"
244153,"Waleschkowski","Danil"
208627,"Crabtree","Rasikan"
433402,"Shanbhogue","Xiaobin"
91785,"Kitsuregawa","Byong"
42042,"Serna","Serif"
65104,"Jullig","Masaki"
230830,"Hofstetter","Sumant"
20824,"Himler","Brendon"
11852,"Yurek","Zhongwei"
96943,"Mullainathan","Manohar"
31186,"Bahr","Muneo"
471749,"Kilgour","Thodoros"
16424,"Sanella","Sajjan"
472128,"Millington","Aloys"
100595,"Simmel","Moon"
242584,"Calkin","Vasiliy"
405321,"Zyda","Suvo"
444528,"Kandlur","Xumin"
477066,"Wiegley","Karoline"
205325,"Harllee","Serenella"
419712,"dAstous","Djenana"
72577,"Bazelow","Sanjai"
246140,"Zschoche","Duangkaew"
64958,"Koprowski","Licheng"
457139,"Geffroy","Tremaine"
422751,"Kohling","Shakhar"
414308,"Piveteau","Leaf"
233409,"Ginneken","Shigeo"
213370,"Masaki","Tadanori"
418978,"Salinas","Khalid"
46976,"Sessa","Francesca"
469425,"Kampfer","Teunis"
229728,"Shackel","Hausi"
105002,"Millington","Jingling"
470536,"Stavenow","Gianluca"
82739,"Stassinopoulos","Chenye"
45080,"Maraist","Junsik"
428866,"Bardell","Shigeichiro"
225103,"Luan","Taiji"
212985,"Papsdorf","Akeno"
293514,"Milicic","Conor"
268992,"Genther","Basil"
104772,"VanScheik","Yannik"
418966,"Luan","Sumant"
76113,"Morrow","Jianhao"
227412,"Vernadat","Shaowen"
438038,"Giaccio","Lena"
98331,"VanScheik","Wonhee"
104304,"Rathonyi","Reinhard"
234275,"Denny","Munenori"
464701,"Paludetto","Hongzhu"
203656,"Brodal","Chinhyun"
465774,"Farrag","Sedat"
209929,"Spell","Abdelkader"
422408,"Demri","Baruch"
226038,"Sluis","Sorina"
442701,"Rikino","Guangming"
57514,"Byoun","Hyuckchul"
455998,"Panangaden","Dante"
263650,"Kuzuoka","Candida"
209153,"Fraisse","Vincent"
478670,"Zeilberger","Xiaoheng"
18657,"Gulak","Hyuncheol"
446900,"Mayerwieser","Monique"
18591,"Scharstein","Abdelghani"
405871,"Haumacher","Premsyl"
237205,"Worfolk","Tadanori"
472948,"Rabejac","Vitali"
88811,"Ghazalie","Filipp"
14095,"Underwood","Tonia"
234261,"Unno","Cullen"
14891,"Smeets","Lalit"
41659,"Mansanne","Lene"
480825,"Rosaz","Georgy"
269570,"Kermarrec","Eben"
479933,"Stanfel","Maya"
63267,"Katalagarianos","Mariangiola"
277236,"Busillo","Shrikanth"
92826,"Weedon","Miquel"
282044,"Kilgore","Shai"
276286,"Matzen","Greger"
20372,"Vuskovic","Danny"
211947,"Erman","Mohammed"
424591,"Yeung","Abdelwaheb"
400924,"Braccini","Rance"
52581,"Schiper","Arne"
463601,"Parfitt","Mingzeng"
255216,"Improta","Cathie"
210080,"Perl","Premal"
425568,"Ruther","Eran"
104018,"Mitzlaff","Basim"
87398,"Selvestrel","Arve"
92841,"Candan","Claude"
103868,"Demri","Shigehiro"
57652,"Beidas","Sadun"
417224,"Yemenis","Toney"
12862,"Mullainathan","Hidde"
419243,"Gecsei","Toong"
275880,"Picaronny","Geraldo"
243374,"Massonet","Hitofumi"
460417,"Anido","Baziley"
216485,"Fontan","Inderjeet"
424583,"Dolinsky","Alagu"
271389,"Ginneken","Basem"
107102,"Neiman","Mabo"
78697,"Stavenow","Troy"
472010,"Bage","Uriel"
452847,"Basart","Jenwei"
267770,"Skrikant","Vitali"
478926,"Unni","Jayesh"
252971,"Pluym","Leon"
229022,"Segond","Nakhoon"
94337,"Claffy","IEEE"
84077,"Hartvigsen","Poorav"
11884,"Moehrke","Patricia"
73326,"Hebden","Syozo"
75715,"Schaar","Lena"
37821,"Petereit","Vishwani"
86122,"Ritzmann","Leah"
77783,"Lagarias","Shigeichiro"
416347,"Petereit","Gurbir"
253670,"Conte","Sachin"
407576,"Vieth","Sadun"
457224,"Emden","Mohd"
232478,"Zastre","Leif"
468387,"Pews","Kaijung"
442356,"Cannane","Tamiya"
477141,"Kirkerud","Jeane"
448215,"Gruenwald","Sudhanshu"
472975,"Isaac","Constantine"
205570,"Weedman","Debaprosad"
276017,"Msuda","Eran"
36387,"Montemayor","Nahid"
409110,"Nitto","Leon"
274623,"Swick","Khoa"
285411,"Rusterholz","Shan"
84876,"Heuter","Suzette"
50306,"Templeman","Masaru"
468413,"Herber","Randi"
257058,"Peyn","Subhankar"
240244,"Brodie","Heping"
58215,"Ohori","Moss"
256106,"Vickson","Inderjeet"
229707,"Nanard","Yaghout"
28284,"Gurbaxani","Lene"
421208,"Mapelli","Tonia"
461143,"Georg","Zito"
72102,"Silva","Maha"
272519,"Reutenauer","Tru"
248950,"Olivero","Arco"
457312,"Bahr","Woody"
26035,"Chenoweth","Maria"
280616,"Pepe","Sreekrishna"
221760,"Ellozy","Marko"
287775,"Arlazarov","Shimshon"
242101,"Tramer","Akemi"
226326,"Murthy","Premal"
204500,"Krider","Mabo"
65949,"Minakawa","Aamod"
246151,"Farrag","Lubomir"
103916,"Stranks","Sashi"
97760,"Loncour","Elvis"
104374,"Talmon","Radhia"
75737,"Jording","Koldo"
75666,"Mellouli","Premsyl"
34118,"Merel","Hironoby"
450639,"Feldhoffer","Jouni"
260610,"Tasistro","Berthier"
242975,"Maquelin","Shahaf"
409354,"Brodie","Angus"
17794,"Baaleh","Duke"
464426,"Setlzner","Mabhin"
211257,"Bojadziev","Billur"
205494,"Dolinsky","Gaurav"
213407,"Mandell","Gino"
201598,"Stamatiou","Youpyo"
436047,"Oskamp","Billur"
292827,"Socorro","Unal"
246796,"DiGiano","Zongyan"
78137,"Raoux","Tokuyasu"
107765,"Dulin","Chirstian"
23633,"Nyrup","Jinpo"
457413,"Schnabel","Chiradeep"
431360,"Lichtman","Shirish"
424517,"Boissier","Gianluca"
282359,"Cangellaris","Frazer"
294227,"Ligten","Heather"
85507,"Binkley","Angel"
65277,"Comellas","Gil"
268207,"Baalen","Nigel"
13227,"Pell","Goncalo"
244173,"Furudate","Yannis"
76977,"Stroustrup","Sigeru"
461647,"Barinka","Shridhar"
82184,"Leivant","Sukumar"
431696,"Masand","Wuxu"
48777,"Copas","Christ"
225345,"Dichev","Francesca"
85238,"Peris","Tsz"
103955,"Taubman","Bikash"
53361,"Puppo","Chrisa"
206815,"Frolund","Insup"
42077,"Coullard","Claudi"
438510,"Moffat","Sajjad"
478606,"Rettelbach","Fumino"
289982,"Erol","Gil"
422884,"DiGiano","Premal"
241367,"Covnot","Kazuhide"
25655,"Theuretzbacher","Dung"
214618,"Rosca","Breannda"
406705,"Jarecki","Kannan"
220956,"Beerel","Dannz"
467286,"Mitina","Aruna"
252328,"Ranai","Mayuri"
98183,"Besselaar","Masami"
39266,"Ashish","Roded"
18314,"Erol","Arunas"
79995,"Speer","Rutger"
42378,"Stille","Kaijung"
234947,"VanScheik","Domenick"
442009,"Masaki","Zhiwei"
416743,"Redmiles","Hauke"
447970,"Herath","Beshir"
426526,"Genther","Supot"
95118,"Willoner","Gay"
206588,"Passino","Zhenhua"
107497,"Maliniak","Oksana"
22703,"Litecky","Gladys"
289676,"Ballarin","Vasiliy"
36762,"Ruemmler","Adel"
287243,"Lorys","Suvo"
251692,"Shanbhogue","Ferdinand"
222457,"Bael","Kristian"
96924,"Litecky","Jenwei"
472069,"Ciolek","Jixiang"
465968,"Matzat","Sasan"
67161,"Luby","Taisook"
476624,"Kruskal","Gilbert"
256742,"Goodrum","Baoqiu"
230558,"Ventosa","Rafael"
239144,"Radwan","Kerryn"
35784,"Schoegge","Serenella"
206593,"Thiria","Fumino"
14524,"Trogemann","Nobuyoshi"
248803,"Luft","Younwoo"
241050,"Facello","Mizuhito"
101240,"Perin","Oldrich"
255782,"Cangellaris","Subhada"
101298,"Conia","Mabhin"
439347,"Raney","Spyrose"
286467,"Molberg","Ult"
439496,"Cronin","Jouko"
436594,"Baig","Makato"
408709,"Hutter","Yuriy"
268394,"Kroft","Heping"
84911,"Birdsall","Moheb"
448841,"Angelov","Berni"
222562,"Gargeya","Duangkaew"
19663,"Navazio","Sverrir"
210986,"Silva","Gunilla"
282819,"Erie","Bernt"
28246,"Rothenberg","Qunsheng"
76569,"Bade","Shahid"
37244,"Iacovou","Sampalli"
255867,"Welham","Kwun"
36912,"Erman","Angel"
210957,"Esposito","Pintsang"
400534,"Schneeberger","Gaetan"
249220,"Vrecion","Nikolaos"
212305,"Middleton","Bedrich"
449866,"Serna","Soenke"
401136,"Olano","Mansur"
448324,"Crelier","Sarita"
266454,"Cmelik","Kankanahalli"
88523,"Maccarone","Xumin"
203309,"Tsukuda","Constantine"
461499,"Kitsuregawa","Ashish"
420020,"Engberts","Khosrow"
274540,"Atchley","Berry"
259313,"Aingworth","Masadi"
471043,"Bazelow","Amstein"
27947,"Nitsch","Shugo"
234644,"Godskesen","Branimir"
282586,"Iacovou","Kiyotoshi"
66968,"Sherertz","Francoise"
41169,"Ghazalie","Torsten"
445989,"Clouatre","Mizuhito"
254616,"Baek","Kristin"
460698,"Atrawala","Moie"
421717,"Kisuki","Lansing"
220576,"Goldhammer","Eben"
224605,"Garnham","Nirmal"
273738,"Vakili","Karsten"
435422,"Tokunaga","Make"
436077,"Macedo","Mabo"
95894,"Gurbaxani","Fuqing"
272278,"Bellmore","Jouko"
254943,"Garnier","Udo"
220217,"Velasco","Filipp"
213588,"Schiettecatte","Tetsushi"
39596,"Kadhim","Toshimori"
282251,"Valtorta","Anoosh"
76301,"Brodal","Jagoda"
36042,"Prochazka","Chaitali"
59707,"Tyugu","Bezalel"
58549,"Hardjono","Goo"
275202,"Pramanik","Ramachenga"
35897,"Baaz","Poorav"
443942,"Heystek","Kwan"
469519,"Bonifati","Weidon"
216974,"Matzen","Yuguang"
36232,"Brizzi","Shuzo"
231956,"Birjandi","Spyrose"
218243,"Rosenbaum","Dinkar"
226131,"Collavizza","DeForest"
220972,"Kisuki","Tadahiro"
293122,"Chleq","Fox"
19314,"Aloia","JoAnna"
263306,"Kuhnemann","Mong"
63104,"Pleszkun","Shounak"
273730,"Schapire","Jinya"
445604,"Ouhyoung","Thanasis"
90330,"Lieberherr","Yuichiro"
242859,"Lalonde","Demos"
36467,"Thibadeau","Navid"
271460,"Danecki","Paraskevi"
280881,"Sommer","Collette"
27793,"Merlo","Paraskevi"
453947,"Heuter","Tayeb"
404149,"Fairtlough","Younwoo"
235596,"Prenel","Gio"
455340,"Rahimi","Nevio"
107671,"Gischer","Otmar"
464688,"Burnard","Renee"
38252,"Benzaken","Tadahiro"
39805,"Velasco","Wanqing"
18590,"Laurillard","Vasiliy"
276069,"Zuberek","Marsha"
209162,"Waterhouse","Aemilian"
207744,"Waeselynck","Snehasis"
422265,"Muhling","Moni"
439606,"Hertweck","Selwyn"
266771,"Lupu","Sachin"
248126,"Perri","Ewing"
232199,"Heinisuo","Goncalo"
93348,"Rebaine","Augustine"
474068,"Butterworth","Persi"
467676,"Pillow","Susanta"
456195,"Anick","Hilary"
69811,"Talmor","Collette"
49795,"Vitiello","Marsha"
473268,"Sgarro","Hugo"
255620,"Tiemann","Mani"
75494,"Hinsberger","Murthy"
216102,"Vingron","Baziley"
467526,"Melski","Felicidad"
216294,"Kalefeld","Keiichiro"
12411,"Ibel","Shao"
447529,"Petereit","Aamod"
89633,"Rosis","Nimmagadda"
56165,"Erdi","Constantine"
234819,"Cochrane","Sachar"
95963,"Ramsak","Horward"
87988,"Bharadwaj","Hidde"
296878,"Salinas","Ennio"
49948,"Vendrig","Spyrose"
82008,"Kushner","Rosalie"
425892,"Uhrik","Constantine"
419571,"Bolotov","Chenyi"
78567,"Babu","Gil"
43745,"Thambidurai","Temple"
15292,"Lammel","Miyeon"
221048,"Rassart","Kwangho"
474551,"Petereit","Ingmar"
299736,"Benzmuller","Mingzeng"
404802,"Assaf","Zhigen"
50189,"Marchesini","Weiye"
441480,"Spataro","Bezalel"
54843,"Masand","Surveyors"
400328,"Bakhtari","Girolamo"
414534,"Matzen","Goa"
255511,"Zultner","DeForest"
61743,"Nanard","Nadjib"
71560,"Shanbhogue","Shalesh"
261799,"Pargas","Gil"
461778,"Vasanthakumar","Chanjung"
24718,"Castellani","Shahar"
403006,"Feinberg","Bernardo"
104432,"Khalil","Arun"
232407,"Mawatari","Ung"
232120,"Mungall","Katsuyuki"
65973,"Muhlberg","Lijia"
291261,"Coney","Tayeb"
34732,"Weiland","Mabry"
419763,"Restivo","Heng"
252087,"Luff","Marsal"
245318,"Bugaenko","Ronnie"
11146,"Masand","Ishfaq"
258499,"Fandrianto","Jouko"
58068,"Kadhim","Yuchang"
436520,"Zolotykh","Martijn"
225657,"Chenoweth","Xiaoheng"
206961,"Gils","Xiong"
49089,"Eastman","Alain"
21845,"Rijckaert","Zissis"
242813,"Vakili","Mahmut"
226982,"Argence","Sadegh"
63215,"Hofting","Nirmal"
57458,"Rissanen","Taegyun"
41555,"Schrooten","Kazuhiro"
268342,"Melter","Tesuya"
41919,"Basart","Babette"
29025,"Demri","Guadalupe"
69066,"Heemskerk","Serenella"
34191,"Ranta","Kazunori"
454955,"Byoun","Shahab"
442368,"Hofman","Piyawadee"
401956,"Meszaros","Perry"
24588,"Kranzdorf","Huiqun"
458762,"Haumacher","Shih"
233431,"Flowers","Jingling"
478148,"Malabarba","Jaber"
260170,"Bala","Herbert"
401525,"Menhardt","Honglan"
223075,"Huttel","Wonhee"
419941,"Potthoff","Stamatina"
29456,"Krohm","Barun"
477628,"Beutelspacher","Duro"
255392,"Sommen","Munehiro"
253568,"Dayana","Miomir"
108347,"Danecki","Gay"
31299,"Matteis","Guadalupe"
297219,"Itzfeldt","Rajmohan"
19038,"Kitai","Ramalingam"
473988,"Pauthner","Bernice"
281536,"Templeman","Remmert"
209041,"Ranst","Munehiko"
77961,"Ramamoorthy","Jixiang"
70789,"Yeung","Vidar"
41407,"Alblas","Nalini"
48198,"Riefers","Paraskevi"
424593,"Serra","Mohammed"
27296,"Cappelletti","Fabrizio"
436657,"Veeraraghavan","Chikako"
408159,"Milicia","Luisa"
226156,"Mamelak","Vishu"
59041,"Veevers","Bingning"
82744,"Hemaspaandra","Naftaly"
25997,"Boreale","Steen"
97468,"Barvinok","Ramalingam"
243629,"Narahara","Adhemar"
458314,"Swab","Yannis"
254954,"Rissanen","Torsten"
276596,"Gihr","Piyawadee"
205342,"Dymetman","Elzbieta"
467344,"Riefers","Ioana"
460892,"Juneja","Bedrich"
39109,"Melski","Mohd"
205431,"Wursthorn","Tadanori"
298473,"Nitsch","Kasidit"
276108,"Chorvat","Mack"
232114,"Jonsson","Bogdan"
108228,"Harllee","Nikolaus"
90149,"Malabarba","Abdelaziz"
424523,"Attimonelli","Palash"
239234,"Beidas","Isaac"
408868,"Milicic","Tuval"
478196,"Gihr","KayLiang"
100557,"Larfeldt","Miomir"
275508,"Savasere","Radhakrishnan"
35658,"Baig","Lech"
97026,"Poulakidas","Aimee"
461046,"Theuretzbacher","Gilbert"
469930,"Muntz","Jeane"
103915,"Gaughan","Tru"
425969,"Schahn","Ramzi"
46411,"Peron","Jongsuk"
404233,"Nivat","Baziley"
481667,"Felcyn","Gaurav"
35899,"Cannard","Cathie"
94410,"Schieder","Iara"
261647,"Kushner","Serenella"
200453,"Rosin","Shaleah"
474402,"Marzano","Xuejun"
411220,"Trachtenberg","Arno"
210125,"Ibel","Ingmar"
72961,"Maquelin","Salvador"
286523,"Cappello","Richara"
103652,"Stemann","Gregory"
459331,"Yemenis","Tze"
426757,"Thimonier","Foong"
39881,"Tasistro","Hugh"
445945,"Tasistro","Gill"
442414,"Gammage","Arto"
233978,"Miculan","Shaibal"
11372,"Vilarrasa","Susanta"
220738,"Ariola","Shigehiro"
48675,"Kossowski","Cheong"
227353,"Erez","Aloys"
447385,"Skrikant","Yongqiao"
29371,"Bottner","Hyuncheol"
101749,"McAlpine","Xiahua"
467363,"Peck","Thanasis"
453774,"Shanbhogue","Peer"
450042,"Callaway","Pintsang"
28689,"Lores","Jessie"
470318,"Kolinko","Remmert"
403577,"Oberman","Conal"
440616,"Syrotiuk","Naftaly"
262933,"Standera","Akemi"
405782,"Koblitz","Khalid"
68220,"Boreale","Jackson"
102340,"Pargas","Takahira"
423042,"Dayana","Guangming"
259657,"Henders","Bluma"
234744,"Varker","Munir"
204760,"Anily","Shuji"
477251,"Ambroszkiewicz","Jayson"
26129,"Masada","Hidefumi"
411408,"Ramamoorthy","Przemyslawa"
30224,"Morrin","Ewing"
293382,"Papadias","Zine"
69429,"Ananiadou","Tooru"
282652,"Brattka","Shaibal"
101860,"Hellwagner","Jouni"
435987,"Quaggetto","Miomir"
261276,"Tischendorf","Sakthirel"
70033,"Ruemmler","Gregory"
74596,"Oppitz","Rance"
53331,"Shobatake","Douadi"
15120,"Otillio","Minghong"
100123,"Terwilliger","Kazuhiko"
286444,"Srimani","Marin"
50810,"Heemskerk","Hidekazu"
433818,"Beilner","Dharmaraja"
425874,"Glinert","Volkmar"
457849,"Benveniste","Vugranam"
205648,"Ghazalie","Vishv"
461741,"Slobodova","Hugo"
48398,"Paciorek","Vasilis"
39469,"Soloway","Toshimi"
235447,"Tagansky","Rildo"
76527,"Kaiser","Serap"
65445,"Esteva","Licheng"
271183,"Christ","Saeed"
254487,"Busillo","Kellyn"
244027,"Ambroszkiewicz","Macha"
268383,"Braunmuhl","Kristof"
223232,"Clouatre","Chikako"
457511,"Pleszkun","Uinam"
298772,"Chenney","Arra"
51955,"Lunt","Xuejun"
60453,"Gammage","Larisa"
56950,"Edelhoff","Saeed"
479214,"Rosen","Xiaopeng"
213626,"Wixon","Sangeeta"
233923,"Thebaut","Dekang"
224171,"Ramamoorthy","Chaitali"
44835,"Kropp","Menkae"
428958,"Rijckaert","Huei"
416816,"Azulay","Abdelaziz"
38170,"Gulla","Leon"
109824,"Luit","Aleksander"
98413,"Tagansky","Jianhua"
27801,"Danecki","Naraig"
233466,"Ranum","Mountaz"
103333,"Kamble","Satoru"
17735,"Gerlach","Berni"
37223,"Trumbly","Guiseppe"
297427,"Etalle","Heejo"
205233,"Paludetto","Adib"
202557,"Sudkamp","Kwangjo"
32928,"Kalloufi","Shigeu"
422745,"Azuma","Sukumar"
96594,"Bugrara","Gopalakrishnan"
212500,"Hammerschmidt","Akemi"
223163,"Papsdorf","Kazuhiko"
212861,"Markovitch","Khun"
475955,"Jayawardene","Peternela"
16297,"Brendel","Aiman"
289842,"Kakkad","Percy"
106435,"Christ","Collette"
473726,"Krohn","Kokou"
442910,"Ellozy","Hatim"
414571,"Hiltgen","Jinya"
12491,"Gruenwald","Cullen"
463829,"Badache","Golgen"
455294,"Mayerwieser","Cedric"
263142,"Linares","Masaki"
261965,"Stellhorn","Kien"
41550,"Gladwell","Mizuhito"
242988,"Setiz","Changho"
26089,"Heemskerk","Theron"
225496,"Belinskaya","Zhenbing"
440764,"Maquelin","Kankanahalli"
58323,"Azadmanesh","Dhritiman"
461090,"Baba","Chaitali"
19113,"Bahr","Persi"
106830,"Danley","Shigeu"
84631,"Taneja","Ger"
437652,"Garnick","Remzi"
252964,"Azuma","Arnould"
406959,"Jakobus","Yongmin"
252473,"Zschoche","Aiichiro"
460342,"Linares","Aran"
98304,"Shanbhogue","Heather"
411893,"Streng","Kristin"
248610,"Improta","Serif"
410427,"Smailagic","Aram"
101031,"Varley","Przemyslawa"
240556,"Salverda","Moti"
97508,"Garnier","Pantung"
92361,"Boguraev","Jeong"
240817,"Radivojevic","Serap"
219122,"Luce","Paddy"
277485,"Vigier","Christfried"
438762,"Zedlitz","Gurbir"
288536,"Petersohn","Kamran"
462144,"Nooteboom","Koldo"
477655,"Oxenboll","Serap"
41800,"Gien","Elzbieta"
466542,"Lindenbaum","Yurii"
471357,"Setia","Lunjin"
218449,"Coors","Aiman"
227689,"Seuren","Dannz"
422151,"Berstel","Keiichiro"
102562,"Farrel","Kamakshi"
266500,"Brickell","Hidekazu"
258748,"Werthner","Martijn"
222199,"Demizu","Collette"
58753,"Luders","Vitaly"
293499,"Lindqvist","Lucien"
290527,"Bratsberg","Larisa"
464998,"Cesareni","Sushant"
426488,"Brendel","Anoosh"
16672,"Peris","Georgi"
408326,"Serre","Jenwei"
239169,"Motley","Aksel"
21236,"Junot","Shalesh"
16112,"Molenkamp","Kwangho"
263434,"Kambil","Bojan"
471529,"Aloia","Munir"
442488,"Clemencon","Jouni"
451391,"Sambasivam","Yongdong"
74216,"Hashii","Xiahua"
457550,"Schlegelmilch","Mingdong"
60142,"Roohalamini","Vincent"
84076,"Schurmann","Rafols"
250773,"Rosch","Jordanka"
419825,"Llado","Sigeru"
400740,"Shackel","Shao"
209628,"Schmittgen","Falguni"
296768,"Peot","Nevio"
413907,"Brodie","Genki"
19841,"Straney","Adil"
33760,"Salvesen","Franziska"
265035,"Nastansky","Nidapan"
204817,"Gimbel","Zvonko"
412166,"Hitomi","Vesna"
241232,"Fadgyas","Weijing"
259754,"Gihr","Richard"
233924,"Baaz","Murthy"
216723,"Desikan","Kish"
38766,"Wegerle","Sreenivas"
274251,"Kadhim","Heon"
437806,"Benveniste","Valdiodio"
203219,"Wursthorn","Tadahiko"
86654,"Taubenfeld","Jeane"
221743,"Dolinsky","Niclas"
269916,"Miyakawa","Fen"
66248,"Besselaar","Sangeeta"
265748,"Krogh","Dinah"
423231,"Einsfeld","Evgueni"
414042,"Cummings","Giri"
102968,"Kranzdorf","Ekawit"
80972,"Giveon","Xuejun"
16475,"Schieder","JiYoung"
262456,"Stifter","Xiaobin"
64413,"Geffroy","Yannis"
276648,"Tetzlaff","Mokhtar"
268453,"Picht","Herb"
262542,"Vandervoorde","Youssef"
293525,"Guenter","King"
458005,"Chaudhury","Conor"
410333,"Rebaine","Mona"
275055,"Toyoshima","Huai"
274953,"Herber","Jianhao"
201474,"Munck","Syozo"
476430,"Scharstein","Prodip"
401971,"Karlin","Rimli"
464686,"Bage","Conrado"
68244,"Karner","Mizuhito"
41140,"Bail","Tonny"
476944,"Wiegley","Fai"
270446,"Krybus","Christfried"
212482,"Angiulli","Lubomir"
101939,"Bodoff","Amstein"
440151,"Kumaresan","Chanjung"
225633,"Krohm","Toshimi"
416606,"Sadowsky","Salvador"
212838,"Bodoff","Berto"
455270,"Haraldson","Sadegh"
32136,"Mondadori","Macha"
16936,"Baar","Vitaly"
452408,"Narwekar","Pohua"
450070,"Baja","Gudjon"
77867,"Streng","Kasturi"
434645,"Perry","Vidya"
223099,"Rosch","Marin"
466894,"Langford","Eran"
231909,"Nicolson","Torsten"
19318,"Halevi","Xianlong"
226844,"Ozeri","Cedric"
290746,"Wroclawski","Augustine"
25533,"Itzfeldt","Sergi"
59309,"Sury","Dannz"
203637,"Murtagh","Yonghong"
247354,"Wursthorn","Munehiko"
76087,"Miake","Salvador"
406835,"Stentiford","Olivera"
105727,"Chinin","Karoline"
27872,"Prampolini","Qunsheng"
446064,"Rissland","Pramod"
30143,"Huttel","Indrajit"
411313,"Braunschweig","Tuval"
88594,"Kranzdorf","Siddarth"
262643,"Lorho","Mingsen"
417859,"Birnbaum","Khaled"
13268,"Yurov","Munehiro"
403477,"Rajaraman","Herbert"
78546,"Smailagic","Jagoda"
51876,"Fontet","Mamdouh"
38034,"Wissmann","Jianhao"
230649,"Hennebert","Lidong"
280993,"Munos","Dipankar"
107911,"Jervis","Yagil"
57305,"Nitto","Chinya"
40764,"Senzako","Shuky"
280752,"Baalen","Licheng"
249199,"Antonisse","Boriana"
71392,"Farrow","Susanne"
406207,"Leijenhorst","Tsutomu"
24074,"Jayawardene","Guozhong"
411727,"Lamma","Weiwu"
295542,"England","Francoise"
290479,"Lorcy","Salvador"
269905,"Beutelspacher","Eberhardt"
476335,"Luff","Noritoshi"
451020,"Masada","Abdelwaheb"
207600,"Masamoto","Toshimitsu"
442657,"Luca","Fumiko"
414432,"Greibach","Uno"
262045,"Swiler","George"
251339,"Renear","Mohan"
21953,"Michaels","Bader"
237851,"Ozery","Baziley"
67391,"Nourani","Dines"
413082,"Frijda","Pranay"
257142,"Salvesen","Youssef"
10403,"Mungall","Atreyi"
410548,"Jansch","Valter"
279824,"Bodoff","Vidar"
102405,"Danlos","Kagan"
415698,"Gyimothy","Shao"
299035,"McClure","Munehiro"
78413,"Jenevein","Toshimi"
45707,"Ashish","Ramzi"
462849,"Pintelas","Tadahiro"
245774,"Munck","Jaihie"
43400,"Kornyak","Chikara"
284194,"Hofstetter","Sudhanshu"
275384,"Picaronny","Florian"
74345,"Rahier","Yurij"
481258,"DiGiano","Sudharsan"
87877,"Undy","Sampalli"
276408,"Junot","Jasminko"
436246,"Tischendorf","Amabile"
86505,"Griswold","Frederique"
423145,"Luke","Radhika"
46128,"Bratten","Pintsang"
285883,"Pelz","Snehasis"
105431,"Gente","Akeno"
32957,"Tagansky","Akeno"
299401,"Bolsens","Gian"
62234,"Schmezko","Mitchel"
480963,"Besselaar","Faiza"
283043,"Ozeki","Aria"
424230,"Sridhar","Irena"
413800,"Pollacia","Moto"
282330,"Bugaenko","Candido"
427409,"Pehl","Bernt"
447034,"Erol","Shay"
241392,"Ressouche","Adam"
258183,"Benveniste","Paloma"
60343,"Leppanen","Munenori"
78893,"Conte","Minghong"
473532,"Langford","Sachin"
409286,"Koshino","Giordano"
52122,"Vernadat","Anneke"
294102,"Plumb","Jianwen"
443053,"Zlotek","Aloke"
475015,"Rando","Minghong"
249582,"Shimshoni","Weiyi"
239728,"Bazzichi","Nalini"
106378,"Seiwald","Adib"
275801,"Heinisuo","Ayakannu"
96352,"McFarlan","Debatosh"
287116,"Kornatzky","Lakshmi"
56072,"Frolund","Aruna"
25963,"Fandrianto","Jiakeng"
30990,"Michaels","Yoshimitsu"
288112,"Bodoff","Branimir"
214453,"Randt","Shrikanth"
201645,"Olano","Gino"
40361,"Rajcani","Howell"
441953,"Sabnani","Martijn"
99719,"Ramamoorthy","Sreekrishna"
285474,"Narlikar","Dmitri"
219670,"Domenig","Demos"
289865,"Hofman","Doohun"
86128,"Schreiter","Masanao"
12770,"Benzaken","Maik"
408376,"Suomi","Frazer"
278191,"Giaccio","Poorav"
48986,"Matzel","Margo"
419844,"Blokdijk","Yefim"
210333,"Belinskaya","Shim"
103305,"Percebois","Sugwoo"
449836,"Slutz","Elzbieta"
259937,"Perry","Parviz"
68580,"Matteis","Xiaoqiang"
218498,"Irland","Shawna"
35638,"Munro","Bodo"
271185,"Zolotykh","Mara"
275875,"Herbst","Elrique"
436764,"Masand","Ger"
413001,"Monkewich","Nitsan"
45889,"Chepyzhov","Vidar"
233407,"Belinskaya","Debatosh"
200298,"Limongiello","Isamu"
453589,"Molberg","Zijian"
204667,"Nittel","Froduald"
255551,"Luck","Tomoyuki"
23302,"Malabarba","Guadalupe"
57639,"Swen","Souichi"
11318,"Unno","Gopalakrishnan"
421131,"Oaver","Hercules"
284464,"Kohling","Danai"
73736,"Bernardinello","Constantino"
36064,"Vieri","Uma"
414434,"Schaap","Kazuhide"
468629,"Heydon","Arno"
458893,"Luon","Jaideep"
106180,"Zlotek","Jiong"
27073,"Georg","Ung"
235403,"Maierhofer","Herb"
413817,"Samarati","Gina"
278427,"Bridgland","Mihalis"
451077,"Kading","Trygve"
421981,"Gente","Kwangyoen"
53996,"Dulli","Ramzi"
431950,"Rullman","Kiyotoshi"
73753,"Chachaty","Stevo"
454210,"Rosis","Uli"
286909,"Improta","Chrisa"
229299,"Matzat","Giao"
12400,"Winter","Genki"
442301,"Bondorf","Tse"
253858,"Chinin","Anestis"
101856,"Rothenberg","Geoffrey"
232362,"Kruskal","Serap"
418989,"Lorch","Gio"
247085,"Daescu","Michaela"
96257,"Thibadeau","Goncalo"
30357,"Krupka","Remzi"
423703,"Rissanen","Wanqing"
223051,"Langford","Annemarie"
461855,"Marzano","Huai"
260068,"Veccia","Dietrich"
267028,"Gluchowski","Zdislav"
450235,"Driscoll","Kwee"
422183,"Langford","Wilmer"
255934,"Fabrizio","Mantis"
272255,"Wallrath","Bezalel"
278916,"Kossowski","Mizuhito"
29169,"Huxford","Miyeon"
17560,"Giveon","Garnik"
444775,"Krider","Satosi"
424570,"Klyachko","Gil"
50112,"Lukaszewicz","Pintsang"
77504,"Luit","Ymte"
32260,"Baranowski","Sachem"
258624,"Swab","Dines"
243363,"Hofmeyr","Gopalakrishnan"
446428,"Rajala","Shrikanth"
235357,"Cannard","Bogdan"
205542,"Roison","Shuho"
271399,"Erman","KayLiang"
33916,"Barriga","Hauke"
72133,"Lowrie","Babette"
434557,"Perri","Elgin"
451907,"Taubenfeld","Jayesh"
48560,"Bierbaum","Khun"
89968,"Perz","Wonhee"
469829,"Denny","Claudi"
462880,"Trumbly","Godehard"
272317,"Luga","Zhiguo"
105847,"Gornas","Youjian"
262970,"Eppinger","Ebru"
232821,"Duclos","Tristan"
57970,"Georgatos","Ipke"
433732,"Chepyzhov","Miquel"
417251,"Hitomi","Vugranam"
201222,"Shiratori","Shaowen"
244743,"Budinsky","Poorav"
221626,"Journel","Chenxi"
432119,"Thombley","Yongmao"
415164,"Kopetz","Marl"
72327,"Standera","Avishai"
404767,"Lieblein","Laurentiu"
481244,"Erva","Kellie"
430710,"Shokrollahi","Arvin"
13115,"Comellas","Jianhua"
424524,"Detkin","Beshir"
237794,"Morrin","Fei"
109343,"Feldmann","Kazuhide"
255456,"Tibblin","Aleksandar"
261462,"Perez","Genevieve"
83262,"Mikschl","Magdalena"
279156,"Birke","Maris"
252008,"Engberts","Wayne"
437016,"Tchuente","Geoff"
71741,"Ullian","Jianhui"
259027,"Codenie","Noritoshi"
426232,"Ligten","Sanjay"
290504,"Motley","Uwe"
102456,"Kaminger","Leni"
19532,"Gimbel","Mizuhito"
239198,"Nitta","Murthy"
53979,"Lung","Weicheng"
210172,"Haddadi","Pantung"
266890,"Zweizig","Youjian"
209609,"Hardjono","Reinhard"
37506,"Rajala","Manu"
29298,"Unno","Sergi"
464325,"Worfolk","Kshitij"
40514,"Jansen","Yannis"
278163,"Pagter","Fabrizio"
228732,"Pouyioutas","Geoffry"
291519,"Conta","Nakhoon"
227343,"Lorin","Irene"
225744,"Wynblatt","Candida"
294123,"Rattan","Goo"
10701,"Zolotykh","Hyuncheol"
294255,"Rusmann","Wojceich"
96051,"Leslie","Aiman"
48683,"Garnham","Peer"
480988,"Ambroszkiewicz","Jeanna"
89667,"Wilharm","Phule"
479851,"Kopetz","Aleksandar"
60213,"Benzaken","Niclas"
475986,"Swiler","Stabislas"
202421,"Highland","Ennio"
434758,"Tzvieli","Alair"
42966,"Varker","Felicidad"
441624,"Glowinski","Kwangsub"
423209,"Murtafg","Abdelaziz"
36424,"Nooteboom","Morrie"
405925,"Azevdeo","Woody"
17446,"Kroon","Phule"
471079,"Swiss","Kasturi"
13112,"Pouyioutas","Hiroyasu"
11480,"Itschner","Masoud"
82769,"Sommer","Xumin"
247417,"Keustermans","Zito"
85106,"Leaver","Constantine"
209752,"Gulak","Amabile"
108451,"Bahl","Ayakannu"
68567,"Kroon","Zhilian"
51121,"Bierbaum","Debaprosad"
294332,"Ranft","Adit"
415745,"Terkki","Gurbir"
219909,"Joslin","Deborah"
72098,"Shumilov","Serap"
39605,"Benzmuller","Tetsurou"
223650,"Silva","Greger"
200582,"Standera","Doohun"
259412,"Thombley","Behnaam"
59176,"Suessmith","Teiji"
476073,"Peris","Sudharsan"
53998,"Ghandeharizadeh","Youjian"
247780,"Raney","Suvo"
70423,"Tchuente","Anestis"
106846,"Bahi","Eldridge"
272827,"Horswill","Cullen"
39162,"Bodoff","Tayeb"
76804,"McFarlin","Xinglin"
56017,"Tischendorf","Nikolaus"
273271,"Bahk","Hongzue"
73163,"Stanger","Stabislas"
295259,"Kawashimo","Shuho"
74433,"Radhakrishnan","Dung"
466064,"Danlos","Temple"
403087,"Pulkowski","Yakkov"
258079,"Shumilov","Slavian"
228320,"Murrill","Wonhee"
211481,"Ranst","Felicidad"
453249,"Varley","Rimli"
441977,"Wegerle","Syozo"
466035,"Wiegley","Mantis"
403500,"Rosay","Toshimi"
37895,"Bakhtari","Rildo"
258336,"Miake","Shridhar"
404911,"Boreale","Zdislav"
54377,"Valiente","Sanjai"
250107,"Doering","Zine"
473874,"Bennet","Yifei"
252371,"Montemayor","Basil"
50571,"Zwicker","Zhongwei"
419048,"Perko","Navin"
59999,"Spataro","Piyush"
433206,"Flowers","Conor"
410674,"Ramamoorthy","Mircea"
275035,"Benner","Kasidit"
69392,"Miake","Conrado"
27176,"Hammerschmidt","Shounak"
101284,"Douceur","Itzchak"
270393,"Baer","Duke"
446244,"Baez","Denis"
256887,"Pelc","Candido"
108450,"Reeken","Tokuyasu"
206578,"Onuegbe","Deborah"
436299,"Schade","Shigeu"
245440,"Grandbois","Gregory"
73008,"Harnett","Joydip"
17069,"Stentiford","Ramalingam"
409811,"Papadias","Kristof"
22069,"Back","Pohua"
463821,"Biran","Takushi"
414259,"Pollock","Percy"
228516,"Schapiro","Ortrun"
37598,"Slaats","Xiaoheng"
10897,"Kumaresan","Arno"
437161,"Alpay","Niclas"
83071,"Ranft","Nidapan"
60635,"Callaway","Khue"
33124,"Kamber","Isaac"
477045,"Haddadi","Kendra"
437002,"Dichev","Zsolt"
240684,"Bain","Masaki"
245280,"Bale","Kristen"
417575,"Zweizig","Shin"
215256,"Copas","Bojan"
223402,"Masand","Shigeo"
268102,"Whitcomb","Heeju"
20124,"Valtorta","Troy"
17377,"Ambroszkiewicz","Kien"
285589,"Frolund","Uta"
29890,"Lores","Stabislas"
296809,"Prenel","Eckart"
208912,"Zeidenstein","Zongyan"
280088,"Llado","Iara"
222559,"Mitina","Arvind"
33568,"Nannarelli","Chinya"
470381,"Keustermans","Jaihie"
422803,"Beilner","Tsuneo"
288878,"Kumaresan","Girolamo"
243799,"Chaudhury","Kiam"
436464,"DasSarma","Alper"
241659,"Ladret","Ibibia"
453213,"Skrikant","Shahid"
228574,"Farrow","Gao"
277067,"Pargas","Kwangho"
207944,"Tibblin","Jamaludin"
10890,"Furudate","Ramzi"
447416,"Zeilberger","Lenore"
226679,"Shumilov","Aleksander"
456545,"Lemarechal","Youssef"
62850,"Pezzoli","Syozo"
232495,"Koyama","Amstein"
11557,"Pesch","Candido"
459855,"Mansanne","Karlis"
77687,"Oppitz","Monique"
45302,"Demke","Miquel"
263692,"Gyimothy","Remko"
205997,"Danley","Chaosheng"
31785,"Bottner","Maya"
463823,"Kieras","Falguni"
480152,"Peek","Candido"
455968,"Schueller","Udaiprakash"
297192,"Peir","Ute"
263031,"Denna","Bikash"
100024,"Pelz","Godehard"
477339,"Trachtenberg","Sadegh"
479455,"Brodal","Shuji"
205338,"Boguraev","Chenye"
80501,"Gluchowski","Haldun"
19953,"Coney","Barun"
278886,"Escriba","Divier"
94767,"Chepyzhov","Leon"
70523,"Neiman","Fumiko"
227460,"Hartvigsen","Uzi"
62667,"Menyhert","Luigi"
405862,"Begiun","Roddy"
438611,"Morton","Vesna"
237812,"Gischer","Xiadong"
409462,"Gils","Vatsa"
46823,"Minakawa","Eishiro"
280010,"Awdeh","Arnould"
46374,"Nyanchama","Aris"
424960,"Harbusch","Qunsheng"
463295,"Caine","Kersti"
46560,"Bain","Tamiya"
210751,"Syrotiuk","Sanjeeva"
213781,"Reistad","Reuven"
450157,"Bugrara","Radoslaw"
401783,"Ranft","Foong"
76175,"Rando","Jaihie"
10895,"Petersohn","Vishwani"
83282,"Picci","Rosalie"
68137,"Lally","Weiwu"
109841,"Brizzi","Emran"
106010,"Welham","Mircea"
268515,"Maksimenko","Yishay"
276954,"Matteis","Shahaf"
260939,"Zongker","Akhilish"
82686,"Mersereau","Dung"
445717,"Dayana","Ekawit"
443196,"Valtorta","Persi"
256609,"Businaro","Florina"
99707,"Guting","Sarita"
236925,"Argence","Leaf"
34625,"Riefers","Rance"
22590,"Veevers","Suzette"
239902,"Marwedel","Mandell"
76179,"Thisen","Georgy"
67238,"Pappas","Otilia"
213376,"Fortenbacher","Kankanahalli"
30832,"Standera","Eran"
230089,"Muchinsky","Hideyuki"
235170,"Gladwell","Izaskun"
451872,"Francisci","Younwoo"
455875,"Sanella","Uno"
234657,"Jervis","Yongmin"
266352,"Bojadziev","Saeed"
109583,"Whitcomb","Mayumi"
279605,"VanScheik","Uriel"
34514,"Schnabel","Heng"
218483,"Herber","Selwyn"
24598,"Binding","Stabislas"
408316,"Peyn","Susanna"
46607,"Peres","Phule"
103304,"Kinley","Roded"
278761,"Penttonen","Berthier"
287364,"Conta","Qingxiang"
235397,"Meszaros","Unal"
36526,"Hiroyama","Lene"
239517,"Bernick","Ennio"
258842,"Heiserman","Syozo"
242962,"Schlegelmilch","Ronnie"
409725,"Ozeki","Shaowei"
231495,"Polajnar","Ewing"
227022,"Zlotek","Sachin"
66399,"Dredge","Tsz"
61090,"Chaudhuri","Stella"
205871,"Butner","Geoffry"
202152,"Manderick","Yuqun"
50522,"Babu","Hongzhu"
297496,"Fujisawa","Weidon"
451613,"Salverda","Rildo"
231976,"Murtagh","Khosrow"
21143,"Hennings","Mayumi"
446808,"Luck","Kendra"
69563,"Sadowski","Sariel"
434057,"Thisen","Denis"
235296,"Hutter","Marit"
439055,"Fiutem","Indrajit"
66654,"Takkinen","Rayond"
476124,"Janetzko","Selwyn"
477311,"Ecklund","Sergi"
245935,"Underwood","Woody"
243419,"Rosenbaum","Tommaso"
259424,"Dayana","Barun"
240883,"Cronin","Domenick"
461655,"Slaats","Kristof"
417851,"Monkewich","Kamran"
65867,"Hardjono","Khedija"
225820,"Rosis","Yefim"
18118,"Chenney","Debaprosad"
220999,"Plessier","Arvin"
32661,"Rodham","Satoru"
217147,"Lampe","Taegyun"
48628,"Gecsei","Dung"
452458,"Gerteisen","Shin"
85635,"Thisen","Francoise"
417126,"Baak","Mayuko"
286028,"Lienhardt","Christfried"
55107,"Reutenauer","Vatsa"
299642,"Bratsberg","Chaosheng"
448132,"Chiola","Herbert"
430118,"Krybus","Venkatesan"
109719,"Roohalamini","Martins"
405439,"Demri","Mariangiola"
419696,"Danner","Khun"
273476,"Falster","Mong"
22339,"Gewali","Georg"
96206,"Hainaut","Aimee"
257183,"Yeung","Mario"
80668,"Ressouche","Nirmal"
291069,"Marshall","Kien"
219374,"Clemencon","Beshir"
57224,"Dulay","Nagui"
32639,"Gihr","Christoph"
23298,"Thummel","Hongzue"
256788,"Cooley","Xinglin"
277681,"Ambroszkiewicz","Taizo"
229233,"Miake","Randi"
425531,"Miake","Tristan"
50826,"Oppitz","Heping"
255037,"Axelband","Howell"
233633,"Kusalik","Masami"
15304,"Sethi","Menkae"
103781,"Rajcani","Arvin"
439051,"Kropatsch","Jagoda"
242307,"Chachaty","Dekang"
71810,"Ertl","Hideo"
100718,"Miara","Franziska"
433261,"Slobodova","Mabry"
433922,"Brookner","Owen"
208092,"Foote","Adib"
14836,"Paludetto","Chiradeep"
72302,"Fontan","Aran"
419292,"Georgakopoulos","Mantis"
474967,"Choobineh","Shigeo"
95400,"Brattka","Xianlong"
92019,"Nanard","Yurij"
424050,"Valtorta","Jixiang"
470178,"Terkki","Fay"
208763,"Bamford","Xuejia"
207892,"Munch","Alejandra"
98327,"Jiang","Shmuel"
474538,"Schueller","Kaijung"
272111,"Baby","Masadi"
262836,"Debuse","Gao"
443601,"Liesche","Prasadram"
437606,"Jakobus","Manu"
29378,"Erdi","Yahiko"
477197,"Spataro","Stevo"
424476,"Anandan","Spyrose"
458612,"Suppi","Zsolt"
419308,"Thiran","Shrikanth"
230661,"Billingsley","Lena"
217640,"Perez","Sajjad"
78852,"Vuskovic","Kazunori"
470339,"Zucker","Vitaly"
449460,"Bennis","Berry"
262368,"Masamoto","Shir"
242211,"Heystek","Sibyl"
37904,"Shanbhogue","Arch"
411275,"Rusterholz","Alper"
208742,"Ruther","Heather"
15341,"Farrow","Shigehiro"
436737,"Pargas","Chrisa"
49859,"Camurati","Sreenivas"
264078,"Setia","Yinghua"
66729,"Salinas","Alejandro"
81694,"Lores","Denis"
445058,"Gladwell","Taegyun"
433372,"Yemenis","Rasiah"
276899,"Sankaranarayanan","Menkae"
221886,"Merro","Marsha"
216417,"Koshino","Miquel"
58733,"Spataro","Conor"
238098,"Cullers","Shugo"
99732,"Aloia","Mong"
84031,"Katiyar","Aloke"
261508,"Benzmuller","Zeljko"
85796,"Boissier","Honglan"
25582,"Kemmerer","Elliott"
454939,"Spinelli","Elrique"
269877,"Servi","Mads"
246987,"Nishimukai","Khue"
69300,"Narwekar","Matk"
23848,"Sinitsyn","Kiam"
466146,"Uludag","Sven"
409704,"Bael","Fan"
472139,"Eppinger","Heather"
459161,"Provine","Prodip"
267391,"Rosar","Mona"
242858,"Hanratty","Mohammed"
222261,"Ecklund","Jingling"
207019,"Takanami","Aamod"
470062,"Murrill","Jixiang"
250088,"Baek","Volkmar"
30991,"Andreotta","Jaber"
47456,"Katzenelson","Tristan"
39794,"Harnett","Henk"
261762,"Lanzelotte","Mohammed"
39594,"Garrabrants","Sanjay"
238664,"Gente","Utz"
106325,"Jumpertz","Mrinalini"
286981,"Kavanagh","Udaiprakash"
16225,"Klassen","Naftaly"
292149,"Provine","Xuejia"
261831,"Toyoshima","Nobuyoshi"
439057,"Cooley","Dietrich"
26276,"Narlikar","Sigeru"
401605,"Levergood","Lunjin"
433831,"Hofmeyr","Bokyung"
294275,"Luiz","Duri"
291256,"Lortz","Subbu"
71527,"Radhakrishnan","Waiman"
426090,"Falck","Weiru"
227311,"Skafidas","Moty"
252703,"Beausoleil","Barna"
472702,"Antonakopoulos","Rosita"
235294,"Delgrossi","Neven"
203862,"Malinowski","Sariel"
437719,"Beausoleil","Nikolaos"
204678,"Copas","Xiong"
266318,"Madeira","Arvin"
108884,"Deverell","Basant"
13036,"Heystek","Idoia"
99433,"Krupka","Limsoon"
258777,"Lieberherr","Manibrata"
450469,"Molenkamp","Fabrizio"
90092,"Angelov","Candida"
264398,"Ballarin","Lene"
250990,"Akiyama","Vasilii"
22860,"Parascandalo","Taizo"
243024,"Sherertz","Girolamo"
40136,"Sevcikova","Ishfaq"
65399,"Simkin","Eben"
21888,"Schaap","Neelam"
251469,"Merel","Angus"
421202,"Perez","Valeri"
217906,"Pettis","Shounak"
224797,"Rodiger","Shuji"
217214,"Simkin","Guozhong"
213264,"Conia","Stabislas"
103421,"Mateescu","Chrisa"
254681,"Lipner","Nadjib"
253502,"Kalefeld","Kiyokazu"
450760,"Pews","Kiyokazu"
67706,"Radivojevic","Rimon"
287967,"Gadepally","Yongdong"
474986,"Marchesini","Arco"
66665,"Bharadwaj","Toshiki"
254346,"Percebois","Irena"
90679,"Atchley","Souichi"
32603,"Brookner","Subhash"
206872,"Stafford","Marc"
52957,"Dalphin","Kazuhira"
226708,"Zedlitz","Bikash"
453347,"Sinitsyn","Henk"
20053,"Zambonelli","Eldridge"
74574,"Morris","Kenroku"
291157,"Kisuki","Carrsten"
243848,"Erdmenger","Eben"
84230,"Denny","Boriana"
250582,"Benzmuller","Rildo"
442415,"Suwa","Kristin"
35408,"Farrel","Hironoby"
255971,"Beilner","Xianlong"
279257,"Baik","Gal"
32303,"Merli","Bodh"
213379,"Einsfeld","Moon"
79895,"Murtagh","Fei"
256982,"Baez","Lijie"
439543,"Miyakawa","Qingxiang"
235971,"Jakobus","Achilleas"
58368,"Jenevein","Danai"
53936,"Milicic","Fusako"
416396,"Flanders","Oldrich"
410310,"Argence","Ung"
61002,"Kolvik","Kaijung"
50896,"Lowrie","Shaleah"
101324,"Peha","Mayuri"
228255,"Kalorkoti","Genki"
59087,"Erdmenger","Shakhar"
24733,"Zwicker","Cordelia"
436661,"Mitzlaff","Goa"
289309,"Butner","Mountaz"
263004,"Solares","Goncalo"
201321,"Radwan","Nobuyoshi"
401985,"Penttonen","Gino"
294654,"Orsini","Sivanarayana"
284968,"Klyachko","Manohar"
33756,"Redmiles","Tomofumi"
234253,"Staylopatis","Subhash"
47733,"Asrin","Nectarios"
92766,"Benzmuller","Candida"
410981,"Lorho","Mohamadou"
87594,"Hegner","Gennadi"
77202,"Krzyzanowski","Mari"
92897,"Mansanne","Harngdar"
75964,"Ambroszkiewicz","Greger"
422971,"Koprowski","Kerhong"
462553,"Herber","Kellie"
443596,"Egerstedt","Vishv"
243499,"Schnabel","Mototsugu"
274018,"Chvatal","Adamantios"
252832,"Gilg","Katsuyuki"
63231,"Muhlberg","Pantung"
54959,"Uhrig","Hongzhu"
434567,"Trystram","Toshimitsu"
231571,"Broomell","Lena"
87992,"Iivonen","Moriyoshi"
263041,"Khalid","Moheb"
296042,"Rando","Eberhardt"
408950,"Barriga","Subhrajyoti"
93325,"Georg","Rasiah"
229638,"Schapiro","Radhakrishnan"
459256,"Speckmann","Zissis"
445725,"Ibel","Gor"
263043,"Tischendorf","Paris"
278619,"Denis","Malu"
105768,"Bashian","Danny"
72836,"Baez","Sadun"
478546,"Rosen","Elzbieta"
403189,"Ibel","Larisa"
90230,"Baez","Jolita"
420591,"Barreiro","Masoud"
74012,"Orlowska","Guther"
45784,"Zaumen","Georg"
56657,"Cichocki","Kristian"
481985,"Vakili","Constantine"
257881,"Ishibashi","Frazer"
470436,"Tchuente","Maia"
408352,"Engberts","Kersti"
297890,"Kirkerud","Berna"
249374,"Luft","Khun"
211529,"Ranft","Yannik"
23418,"Marakhovsky","Oscar"
269117,"Basart","Pranav"
235068,"Lampe","Moto"
256903,"Bondorf","Jovan"
234406,"Schahn","Tetsurou"
202278,"Marakhovsky","Szabolcs"
467196,"Peyn","Hatsukazu"
17009,"Jansen","Carrsten"
15857,"Kuhnemann","Lorien"
429300,"Xiaoshan","Ipke"
412714,"Takkinen","Janche"
39066,"Dichev","Fun"
107580,"Ohori","Kish"
436894,"Zschoche","Danai"
230712,"Narahara","Shawna"
239684,"Kavvadias","Evgueni"
217816,"Junot","Holgard"
259057,"Krogh","Ziya"
80354,"Kroll","Sham"
54655,"Kossowski","Lenore"
81434,"Chenney","Qiwen"
257493,"Brender","Feiyu"
244672,"Seghrouchni","Rasiah"
239613,"Ozery","Tadahiro"
270455,"Schreiter","Denny"
462950,"Luca","Jouni"
16856,"Schaad","Yefim"
14156,"Kading","Emdad"
64601,"Brlek","Aiichiro"
62515,"Peroz","Youssef"
41055,"Malinowski","Nimmagadda"
221412,"Ciolek","Kinh"
90178,"Sluis","Shigeu"
59242,"Peak","Fun"
104422,"Ratnaker","Gully"
37036,"Verspoor","Hideyuki"
208070,"Giveon","Sampalli"
210978,"Luff","Muneo"
459049,"Akazan","Sudharsan"
25075,"Clemencon","Lucian"
18878,"Karner","Tuval"
432613,"DiGiano","Nagui"
267481,"Avouris","Martins"
214985,"Angot","Francoise"
85719,"Rosti","Satosi"
215080,"Aingworth","Kenton"
464192,"Buchter","Oksana"
104165,"Hainaut","Heping"
57009,"Berendt","Erzsebet"
215548,"Velardi","Dietrich"
446415,"Dolinsky","Arnd"
440398,"Joslin","Renee"
73556,"Alameldin","Sampalli"
404231,"Guerreiro","Adib"
458046,"Flowers","Moriyoshi"
227055,"Granlund","Tetsushi"
416191,"Sichman","Xinglin"
62885,"Hempstead","Hatim"
463977,"Detkin","Susuma"
79765,"Danecki","Gonzalo"
263215,"Weisert","Vasiliy"
47389,"Hellwagner","Niranjan"
273754,"Chartres","Kristin"
478039,"Bahl","Larisa"
75156,"McConalogue","Yonghoan"
36928,"Yoshizawa","Wuxu"
47595,"Bierman","Hyuckchul"
452791,"Ratnakar","Adel"
225047,"Vecchio","Zongyan"
68541,"Birch","Sachem"
431645,"Rusterholz","Boriana"
278261,"Kroll","Sadok"
69579,"Takkinen","Heng"
443403,"Birjandi","Willard"
234359,"Quadeer","Tonia"
418831,"Marzano","Leah"
480282,"Granlund","Zhanqiu"
271386,"Beausoleil","Babette"
56406,"Schusler","Sachem"
416637,"Ferriere","Miquel"
16774,"Marchesini","Satyanarayana"
420415,"Vitiello","Olivera"
211623,"Heuser","Moss"
287947,"Anily","Wanqing"
413149,"Dulay","Radhika"
71795,"Pesch","Susumu"
266129,"Litecky","Odoardo"
36863,"Vecchio","Elgin"
67121,"Randi","Martins"
406551,"Casley","Thanasis"
416686,"Porotnikoff","Yuichiro"
205564,"Ginesta","Mart"
435360,"Rassart","Jixiang"
221310,"Bahr","Xiaopeng"
463175,"Schwartzburd","Zsolt"
107039,"Meriste","Pramod"
81841,"Stavenow","Harjit"
292603,"Tomescu","DeForest"
280210,"Plavsic","Demos"
26682,"Baezner","Yucai"
425780,"Range","Paris"
401918,"Welham","Saeko"
272810,"Himler","Roded"
77083,"Vingron","Satoru"
234742,"Thiria","Magdalena"
256735,"Teitelbaum","Luerbio"
213464,"Joslin","Oldrich"
209654,"Stiles","Aksel"
87892,"Zykh","Serenella"
231582,"Orlowski","Cullen"
37488,"Copas","Mary"
285780,"Ramaiah","KayLiang"
253174,"Henders","Hidekazu"
208593,"Plumb","Jayson"
218357,"Lally","Dines"
84007,"Farrel","Ranan"
406376,"Schaaf","Weiru"
49420,"Luiz","Xiaoqiu"
468620,"Majewski","Paraskevi"
93756,"Baek","Xumin"
205136,"Biros","Amabile"
68280,"Benaini","Matk"
422097,"Rassart","Freyja"
65651,"Parfitt","Serge"
470386,"dAstous","Yongmin"
459190,"Rijckaert","Dayanand"
447914,"Schahn","Christophe"
422857,"Montresor","Aron"
238546,"Ventosa","Yefim"
286905,"Bressoud","Otilia"
200081,"Benzaken","Ipke"
98037,"Swiler","Janche"
259745,"Delgrande","Nevin"
251923,"Mungall","Arno"
281302,"Rijckaert","Uma"
208766,"Ashish","Masadi"
72123,"Barbanera","Sorina"
79874,"Lanteri","Duri"
236254,"Velasco","Sakthirel"
109380,"Luan","Kagan"
45469,"Kalsbeek","Miyeon"
27493,"Krone","Candida"
466533,"Noriega","Raimond"
279361,"Kakkad","Jagoda"
223001,"Wroclawski","Takahiro"
272559,"Vickson","George"
245210,"Frijda","Matt"
96464,"Versino","Zhanqiu"
441839,"Christ","Froduald"
76932,"Perfilyeva","Radoslaw"
222957,"Chaudhuri","Jenwei"
34072,"Backhouse","Waiman"
423851,"Stenning","Xinglin"
82829,"Pagter","Mitsuyuki"
456298,"Farris","Aiman"
227077,"Sundgren","Gad"
81621,"Frolund","Aloke"
404905,"Sgarro","Shen"
252481,"Baek","Along"
297375,"Wilfing","Yonghong"
209566,"Bouloucos","Ohad"
441688,"Schwaller","Jayesh"
474978,"Lalonde","Mabry"
473347,"Bahk","Mabo"
418201,"Gils","Francoise"
20116,"Sadowski","Yoshinari"
414074,"Tischendorf","Kirk"
224541,"Bodoff","Naraig"
63194,"Schicker","Ipke"
223671,"Neimat","Yonghoan"
238903,"Validov","Ulises"
215488,"Waeselynck","Snehasis"
214268,"Pleszkun","Gaetan"
105551,"Heping","Pranjal"
25543,"Weisert","Macha"
248588,"Azumi","Arnd"
33073,"Bade","Duro"
84347,"Jervis","Kensei"
405227,"Heijenga","Yannis"
272431,"Brendel","Jungsoon"
277286,"Himler","Petter"
27633,"Jansch","Ishfaq"
207656,"Baik","Takahito"
420517,"Engelmann","Arnould"
402662,"Morrow","Berry"
31963,"Aloia","Heeju"
87384,"Benzaken","Luerbio"
243526,"Delgrange","Xiadong"
106050,"Kroft","Venkatesan"
53385,"Melter","Kenton"
414175,"Luders","Ipke"
49451,"Wielonsky","Dinkar"
13466,"Yoshizawa","LiMin"
418915,"Georgakopoulos","Sashi"
403430,"Yoshimura","Arco"
73855,"Blokdijk","Greger"
66489,"Worfolk","Fumino"
86326,"Neiman","Satyanarayana"
54461,"Masaki","Satoru"
233246,"Murthy","Yuping"
441285,"Wossner","Shem"
77370,"Camurati","Saeed"
99059,"Lenart","Geoff"
75994,"Michaeli","Muzhong"
204041,"Nollmann","Vatsa"
80830,"Lukaszewicz","Alexius"
108396,"Flowers","Jianwen"
52290,"Baca","Arif"
274410,"Zockler","Teruyuki"
439185,"Yurek","Rosalyn"
28192,"Smailagic","Francesca"
449205,"Karnin","Shigehito"
217529,"Lund","Tzu"
251118,"Yetto","Foong"
68342,"Stafford","Inderjeet"
16355,"Luca","Nikolaos"
203668,"Verspoor","Zissis"
285934,"Antonakopoulos","Zhilian"
270435,"Leuchs","Elvis"
473682,"Frolund","Mikhail"
14676,"Zedlitz","Bikash"
254931,"Valette","Inderjeet"
76331,"Delgrange","Jaroslava"
406619,"Shumilov","Hidefumi"
241908,"Kitai","Sanjiv"
203474,"Jonsson","Hugh"
40844,"Rohrbach","Martine"
25306,"Panienski","Cullen"
412244,"Laventhal","Gao"
63827,"Melton","Shalesh"
438958,"Renear","TRUE"
455411,"Chandrasekhar","Yuuichi"
471832,"Schwartzburd","Kiyotoshi"
418117,"Shobatake","Boguslaw"
240796,"Kamble","Atreyi"
66865,"Biran","Akemi"
212283,"Woycyznski","Koichi"
219918,"Nastansky","Eirik"
108939,"Halloran","Lijia"
456709,"Constantine","Cristinel"
298812,"Birta","Tianruo"
75457,"Yemenis","Chikara"
222409,"Herath","Arve"
404483,"Riexinger","Herb"
475679,"Akazan","Arve"
261261,"Luan","Isaac"
268155,"Kropf","Genki"
53408,"Flowers","Moheb"
282997,"Chenney","Masato"
68903,"Argence","Anestis"
400889,"Cummings","Owen"
277057,"Kavraki","Waiman"
254548,"Mondadori","Gao"
71437,"Puoti","Hironoby"
37965,"Heiserman","Stafford"
444275,"Lukaszewicz","Neelam"
257435,"Krybus","Bangqing"
254319,"Paludetto","Abdelghani"
10185,"Sidhu","Duro"
95943,"Luit","Guozhong"
76643,"Bojadziev","Poorav"
429554,"Backhouse","Vishwani"
275734,"Fordan","Tomofumi"
411376,"Restivo","Patricio"
264735,"Peac","Tomofumi"
253435,"Papastamatiou","Oscal"
239760,"Codenie","Arie"
78833,"Anick","Chuanyi"
286857,"Horswill","Shridhar"
12448,"Salverda","Honglan"
448809,"Radhakrishnan","Muneo"
64662,"Hebert","Pohua"
21606,"Radhakrishnan","Lena"
268215,"Birjandi","Alair"
451603,"Merkl","Aris"
231692,"Collette","Christoper"
13404,"Halevi","Luerbio"
427913,"Backhouse","Ute"
261391,"Caine","Shmuel"
208325,"Snedden","Juichirou"
69834,"Hettesheimer","Xiping"
84051,"Taubman","Kirk"
57557,"Baja","Mack"
71708,"Viele","Ult"
107427,"Hebden","Premsyl"
294943,"Gimbel","Aamod"
248240,"Honglei","Kitty"
16378,"Zobel","Ashish"
477714,"Wossner","Jayesh"
438722,"Tibblin","Steve"
447663,"Hegner","Anneli"
400923,"Ellozy","Jiang"
298410,"Khasidashvili","Arie"
422452,"Krzyzanowski","Phule"
71031,"Willoner","Mayuri"
449893,"Huhdanpaa","Tse"
436950,"Laurillard","Rafols"
275898,"Angelopoulos","Jessie"
61277,"Kakkar","Koichi"
272530,"Hashii","Yagil"
100127,"Impagliazzo","Gad"
425886,"Solares","Kirk"
200855,"Rodiger","Berthier"
16217,"Busillo","Phule"
97490,"Conti","Kokou"
266808,"Narahari","Edwin"
215684,"Krider","Zvonko"
17629,"Winter","Mostafa"
68838,"Pauthner","Nalini"
446119,"Zuberek","Nahid"
80937,"Jiang","Chikako"
40827,"Bouloucos","Yinghua"
233195,"Matzov","Breannda"
298559,"Liedekerke","Fumiyo"
209980,"McAlpine","Persi"
440725,"Angel","Fayez"
71954,"Detkin","Gian"
25908,"Nations","Sachio"
273325,"Rohrbach","Shir"
407672,"Grabner","Akemi"
264467,"Bondorf","Abdelwaheb"
452456,"Ranze","Valdiodio"
418534,"Stafford","Roded"
90936,"Yavatkar","Xinglin"
62801,"Kadhim","Kerhong"
233599,"Vesel","Chenyi"
462222,"Shumilov","Kazuhiro"
442799,"Litvinov","Katsuyuki"
474869,"Peron","Danae"
201826,"Cichocki","Dines"
48215,"Msuda","Bartek"
85131,"Naudin","Pintsang"
100251,"Gihr","Shridhar"
34049,"Brookner","Tadanori"
81287,"Weiland","Mohan"
205141,"Wallrath","Ashish"
12766,"Molberg","Shuji"
57665,"Whittlesey","Eldridge"
440315,"Hitomi","Martien"
282895,"Rabejac","Jenwei"
32132,"Juneja","Bikash"
473598,"Sooriamurthi","Zissis"
452737,"Comellas","Elliott"
100534,"Luga","Aamer"
288516,"Middleton","Fumitake"
449266,"Parascandalo","Basim"
106255,"Furedi","Luigi"
427204,"Collavizza","Sajjan"
261982,"Swan","Poorav"
227912,"Turnbull","Cathie"
45405,"Clemencon","Changho"
444456,"Delgrande","Ekawit"
29296,"Lunt","Kwan"
403622,"Roccetti","Rimon"
401931,"Rabehasaina","Yongmao"
434995,"Yoshimura","Mads"
427781,"Usdin","Luise"
299072,"Merks","Masali"
294707,"Pietrzykowski","Divier"
250947,"Luff","Radhakrishnan"
240744,"Ratnakar","Yakkov"
201189,"Petereit","Tadahiro"
48271,"Oberman","Tamiya"
408162,"Garnier","Hisao"
23201,"Katalagarianos","Oldrich"
415430,"Provine","Bluma"
72454,"Valtorta","Anoosh"
42072,"Basawa","Xiaoqiang"
98877,"Varker","Rasiah"
25201,"Kandlur","Barton"
460857,"Dayana","Arfst"
227739,"Bazzichi","Yagil"
29951,"Plump","Giri"
76470,"Esteva","Pranav"
83235,"Wilfing","Sanjay"
22444,"Trelles","Kwee"
265726,"Esposito","Zhiguo"
45158,"Marshall","Chenxi"
24555,"Zschoche","Satoru"
88539,"Azadmanesh","Stella"
49751,"Birnbaum","Genevieve"
17061,"Gomatam","Zhigen"
201370,"Lanphier","Aran"
80765,"Berendt","Feipei"
77201,"Butner","Kiyotoshi"
296057,"Rabejac","Eishiro"
223504,"Koprowski","Sibyl"
262112,"Daescu","Felicidad"
240203,"Picaronny","Arve"
423715,"Condotta","Tayeb"
251285,"Serov","Weiwu"
80744,"Bauknecht","Badri"
413897,"Litzkow","Fuqing"
273606,"Barbanera","Arno"
227702,"Morrey","Zhonghua"
473231,"Pehl","Jordanka"
446792,"Laventhal","Nahum"
207334,"Beutelspacher","Vidya"
449215,"Trumbly","Arvind"
296455,"Babb","Ipke"
422528,"Kieras","Sham"
239915,"Aingworth","Taizo"
68123,"Rissland","Shakhar"
447091,"Perfilyeva","Suzette"
89925,"Bellone","Cullen"
83596,"Gils","Sajjan"
19059,"Picci","Cullen"
231955,"Kaltofen","Maha"
470497,"Reinhard","Unal"
60473,"Weedon","Shounak"
75170,"Sherertz","Frederique"
93203,"Zizka","Danel"
80901,"Wissmann","Kazuhisa"
204117,"Nooteboom","Jessie"
76736,"Perl","Juichirou"
218731,"Diderrich","Youjian"
40461,"Ohori","Jagoda"
479070,"Ozeri","Valery"
210456,"Berendt","Yefim"
465759,"Azumi","Parto"
228439,"Erev","Raimond"
440325,"Sullins","Douadi"
48118,"Cardazo","Jahangir"
37337,"Straney","Mahendra"
404103,"Strehl","Younwoo"
58917,"Kragelund","Leon"
461814,"Giveon","Udaiprakash"
285657,"Jullig","Seongbae"
261202,"Nivat","Branimir"
62745,"Ramaiah","Ramalingam"
30017,"Usdin","Rasikan"
259930,"Malabarba","Isamu"
67845,"Back","Xuejun"
103037,"Malabarba","Gro"
105900,"Chinin","Chenxi"
267667,"Kaiserswerth","Irena"
100104,"Lieberherr","Sibyl"
34839,"Kermarrec","Henk"
63312,"Litecky","Yuriy"
58180,"Babu","Sanjoy"
276015,"Serot","Nathalie"
257764,"Broomell","Huiqun"
274735,"Haldar","Noritoshi"
71066,"Basart","Domenick"
421917,"Weiland","Sverrir"
280461,"Chenoweth","Miyeon"
38237,"Kamble","Honglan"
476125,"Crelier","Manohar"
413049,"Fairtlough","Eran"
245955,"Wroclawski","Tiina"
427982,"Jumpertz","Froduald"
209137,"Greenaway","Ulf"
476099,"Massonet","Zhenbing"
447712,"Lores","Mariusz"
288142,"Heystek","Shay"
292657,"Wossner","Udaiprakash"
46115,"Thimonier","Xiadong"
251150,"Teitelbaum","Shigehiro"
62628,"Griswold","Steen"
402652,"Toyoshima","Zhigen"
100166,"Peek","Shichao"
235791,"Escriba","Marke"
405548,"Homond","Christoper"
85731,"Baba","Weiwu"
109560,"Hoogerwoord","Ymte"
221177,"Schreiter","Yoshimitsu"
452463,"Langford","Emran"
219146,"Back","Steve"
101023,"Winter","Marjo"
453441,"Tibblin","Ortrud"
203824,"Schahn","Rasikan"
463279,"Klyachko","Hugo"
252366,"Shokrollahi","Shao"
212262,"Mellouli","Bernt"
410954,"Bugrara","Henk"
19629,"Matzke","Stepehn"
413185,"Rattan","Elrique"
225327,"Kalloufi","Vishwani"
14081,"Fontet","Alain"
251364,"Moehrke","Bogdan"
51520,"Bierman","Goh"
44040,"Valiente","Yakkov"
47265,"Birke","Chikako"
104135,"Servi","Yaghout"
102686,"Parhami","Josyula"
31103,"Szilard","Gilbert"
416045,"Serre","Wanqing"
457021,"Perng","Werner"
296069,"Sinitsyn","Margo"
81669,"Seiwald","Neelam"
440357,"Sidou","Eberhardt"
67966,"Kropp","Ortrun"
62003,"Milicic","Murthy"
449237,"Beutelspacher","Conal"
238477,"Lores","Tonny"
248235,"Pell","Ranga"
403194,"Bierman","Kirk"
35233,"Tasistro","Pradeep"
214617,"Chvatal","Eric"
456556,"Ghemri","Gay"
296756,"Neimat","Xiadong"
278215,"Zaccaria","Ottavia"
441563,"Billawala","Goo"
19662,"Mundy","Kagan"
55559,"Pocchiola","Shmuel"
458541,"Daescu","Vivian"
10836,"Leivant","Jianhua"
212342,"Kaelbling","Tetsurou"
108525,"Clouatre","Hironobu"
275353,"Crelier","Zhaofang"
27600,"Pargas","Hiroyasu"
476013,"Solares","Zejun"
444534,"Badr","Yolla"
71037,"Mitina","Mihalis"
205717,"Thorelli","Shem"
449666,"Rajcani","Stafford"
100195,"Rusmann","Pasqua"
249281,"Narahari","Kellyn"
222266,"Straney","Ziva"
440298,"Lichtner","Xiahua"
38951,"Rijckaert","Terresa"
263884,"Piazza","Charlene"
109697,"Cyne","Remco"
463346,"Pramanik","Satoru"
477669,"Masamoto","Mong"
412491,"Peres","Ziyad"
12080,"Feinberg","Panayotis"
471435,"Atrawala","Remko"
262208,"Holburn","Mrinalini"
447008,"Cooman","Zsolt"
445654,"Hertweck","Shietung"
232233,"Lanteri","Mohd"
261894,"Versino","Nechama"
104846,"Shackell","Munehiro"
85010,"Pileggi","Duangkaew"
454655,"Garnick","Kaijung"
40177,"Fortenbacher","Wilmer"
413570,"Mellouli","Foong"
79609,"Hoogerwoord","Domenico"
270142,"DuBourdieux","Xuejun"
437857,"Ventosa","Christoper"
419065,"Manderick","Arvind"
404416,"Fiebach","Wilmer"
442256,"Baca","Khalil"
433255,"Yetim","Leah"
90347,"Nanard","Mari"
294101,"Kohling","Alenka"
259529,"Edelhoff","Angel"
420499,"Picaronny","Alenka"
106127,"Luit","Basil"
81386,"Schusler","Abdelghani"
44936,"Piveteau","Frazer"
106344,"Siochi","Vishu"
82385,"Biran","Sanjai"
255752,"Viele","Bernd"
459473,"Uhrik","Tokuyasu"
433851,"Peot","Rimli"
470642,"Teitelbaum","Lein"
283461,"Businaro","Kazuhide"
446071,"Danner","Rasiah"
429626,"Michaeli","Shao"
97838,"Tramer","Monique"
18735,"Swiss","Guiseppe"
237255,"Collette","Dipayan"
106580,"Birta","Lene"
467093,"Hennings","Gritta"
461365,"Khasidashvili","Yuqun"
266294,"Rajala","Gaurav"
403407,"Demir","Boriana"
225615,"Clouatre","Zhonghui"
271745,"Denny","Kinh"
33216,"Thombley","Zdislav"
73866,"Pappas","Aris"
458284,"Bage","Hatsukazu"
296858,"Mellouli","Harngdar"
274264,"Siepmann","Rosli"
50078,"Badache","Kamakshi"
27066,"Ishibashi","Isamu"
228776,"Pintelas","Przemyslawa"
277376,"Unno","Indrajit"
37460,"Wursthorn","Bedrich"
436817,"Birge","Ferdinand"
430286,"Thorelli","Masaru"
106890,"Demian","Mingdong"
72128,"Randt","Sungwon"
477636,"Leijenhorst","Abdelwaheb"
269636,"Genther","Bedrich"
240551,"Xiaoshan","Pohua"
212289,"Bruckman","Lena"
454887,"Lorin","Odinaldo"
476745,"Sewelson","Stella"
462485,"Reutenauer","Yakichi"
443427,"Roisin","Yonghong"
410024,"Garigliano","Reinhard"
224259,"Binding","Mingsen"
220824,"Czap","Waiman"
444985,"Verspoor","Giap"
244320,"Miake","Werner"
47048,"Cooke","Ziva"
102289,"Simkin","Jaber"
47540,"Siochi","Toney"
465045,"Barinka","Jouni"
16647,"Gadepally","Zhiwei"
18958,"Norsworthy","Mabo"
267989,"Janocha","Yishai"
295983,"Boissier","Yongmin"
430445,"Papsdorf","Sangeeta"
32691,"Simmen","Ghassan"
274253,"Vrecion","Yagil"
88932,"Debuse","Amstein"
37040,"Nergos","Leaf"
82789,"Wursthorn","Cheong"
215175,"Leonhardt","Gritta"
222063,"Reinhart","Genta"
45138,"Karcich","Miomir"
54599,"Vidya","Jasminko"
48547,"Plesums","Kousuke"
289138,"Shinomoto","Sushant"
74306,"Juneja","Bernice"
262501,"Kaminger","Marco"
257035,"Laventhal","Nikolaos"
211893,"Baezner","Yuuichi"
55855,"Hertweck","Caolyn"
282984,"Picht","Weiwu"
453445,"Bernardeschi","Anneli"
78070,"Munck","Aleksander"
402658,"Marchesini","Gianluca"
219441,"Shokrollahi","Kamakshi"
421666,"Emmerich","Moheb"
469055,"Pettis","Bouchung"
19137,"Veeraraghavan","Uno"
226811,"Kavvadias","Isaac"
10444,"Rosis","Kazuhira"
463519,"Munch","Navid"
289083,"Constantine","Leni"
476731,"Erde","Garnik"
91891,"Peac","Mariusz"
79850,"Passino","Yucai"
478438,"Gente","Stafford"
273337,"Socorro","Xumin"
235090,"Velasco","Somnath"
203293,"Khasidashvili","Akeno"
409080,"Brobst","Theron"
29034,"Hasham","Sachem"
463002,"Taubenfeld","Lijie"
269007,"Hiyoshi","Huiqun"
234065,"Erol","Hironobu"
423562,"Fadgyas","Charmane"
46705,"Rusmann","Visit"
414912,"Plesums","Lokesh"
31919,"Toyoshima","Alejandro"
67846,"Escriba","Diederik"
400058,"Kopetz","Rosita"
65581,"Samarati","Mario"
260554,"Erdi","Yongmao"
49615,"McAffer","Ennio"
400362,"Luders","Josyula"
262191,"Bernatsky","Herbert"
474571,"Zyda","Guiseppe"
267469,"Nishimukai","Itzchak"
298297,"Shanbhogue","Nagui"
238162,"Goldhammer","Janalee"
465784,"Wolniewicz","Georgy"
286306,"Schlegelmilch","Sreekrishna"
235907,"Gerteisen","Francesca"
108797,"Brickell","Arto"
83965,"Pramanik","Leif"
16956,"Bennet","Tetsurou"
474584,"Mandell","Adly"
250483,"Rusmann","Hyuckchul"
94859,"Vasanthakumar","Stella"
427106,"Pettis","Nalini"
428676,"Roisin","Jungsoon"
66987,"Uhrig","Michaela"
106289,"Gulik","Shigeichiro"
96407,"Veccia","Hidde"
433883,"Straney","Narain"
404664,"Bultermann","Ulf"
451988,"Apsitis","Amabile"
457801,"Antonakopoulos","Abdulla"
34347,"Claffy","Yechezkel"
79133,"Fadgyas","Oscar"
297157,"Pell","Ramalingam"
79299,"Koblick","Torsten"
242338,"Peng","Nishit"
94104,"Azadmanesh","Mohua"
84462,"Krogh","Alain"
71511,"Baer","Sreekrishna"
466275,"Denis","Gor"
293985,"Nilsson","Marin"
442626,"Rusmann","Marjo"
101133,"Heuter","Val"
58567,"Scallan","Eric"
474896,"Garnick","Tua"
412436,"Staylopatis","Demin"
51391,"Hofstetter","Udo"
202964,"Baja","Danny"
26391,"Kermarrec","Baoqiu"
286143,"Botman","Atreye"
222670,"Rothe","Kokou"
101777,"Verspoor","Nidapan"
81738,"Fritzsche","Mart"
18163,"Rosis","Bowen"
475528,"Honglei","Mantis"
477308,"Brandsma","Alejandra"
213533,"Encarnacion","Hyuncheol"
466029,"Snedden","Marin"
424481,"Tempesti","Kellyn"
43524,"Rassart","Denis"
68987,"Dayang","Sariel"
24995,"Penttonen","Bodo"
50520,"Isaak","Petter"
24022,"Dengi","Anwar"
418822,"Tomescu","Zsolt"
281176,"Botman","Yuuichi"
249869,"Hooghiemstra","Divier"
106246,"Vasanthakumar","Yinlin"
468628,"Lorcy","Herbert"
201933,"Ranst","Xianlong"
201105,"Herber","Shahaf"
249744,"Dengi","Rance"
404013,"Lunt","Angel"
450990,"Ramras","Randi"
61591,"Tsunoo","Owen"
75738,"Muhlberg","Guozhong"
70697,"Grospietsch","Naftaly"
410779,"Vesel","Fabrizio"
403200,"McClurg","Remco"
297225,"Smailagic","Berna"
15170,"Bale","Mana"
400478,"Lund","Rafols"
19708,"Biros","Ortrud"
61261,"Pocchiola","Ziya"
75277,"Demri","Arne"
33918,"Anger","Gunilla"
37743,"Veeraraghavan","Jeanne"
224457,"Strandh","Vugranam"
474868,"Fadgyas","Subir"
98663,"Segond","Serenella"
46201,"McConalogue","Nikolaus"
471862,"Kisuki","Masali"
460614,"Begiun","Frazer"
427519,"Decaestecker","Tadanori"
462641,"Linnainmaa","Lijia"
279206,"Marrevee","Venkatesan"
274421,"Lorho","Tsz"
465617,"Hempstead","Hideyuki"
52592,"Pesch","Fuqing"
13212,"Boyle","Thodoros"
45062,"Hammerschmidt","Aemilian"
469609,"Milicic","Mana"
26694,"Pillow","Conal"
281662,"Chvatal","Gio"
51420,"Copas","Satyanarayana"
476406,"Milicia","Arunachalam"
48888,"Baca","Bokyung"
447396,"Oberman","Kazuyasu"
203496,"Jansen","Siddarth"
441971,"Talmor","Lenore"
26750,"Denis","Baziley"
89997,"Kobuchi","Vojin"
28779,"Bottner","Fayez"
209595,"Werthner","Ronghao"
79190,"Servi","Tsuneo"
51995,"Roccetti","Zhongwei"
416884,"Sanella","Stafford"
19419,"Bernardeschi","Palash"
232695,"Setiz","Perry"
14241,"Ranze","Zhonghui"
250569,"Ranum","Niteen"
409385,"Speel","Jolita"
466178,"Lipner","Mario"
263763,"Douceur","Dmitri"
218126,"Emden","Gennadi"
255016,"Coorg","Goetz"
416668,"Portugali","Barton"
107012,"Ertl","Martine"
15284,"Hiraishi","Maja"
452464,"Jording","Siddarth"
438044,"Penn","Shalesh"
237950,"Spinelli","Golgen"
419945,"Farrow","Ramya"
246596,"Hitomi","Kerhong"
415922,"Berstel","Jahangir"
449074,"Trelles","Mechthild"
407565,"Backhouse","Shuky"
224420,"Berendt","Karoline"
25415,"Sommen","Billur"
461336,"Harnett","Shigehito"
203089,"Litecky","Martins"
432273,"Larfeldt","Subhrajyoti"
65922,"Boudaillier","Zhenbing"
205873,"Copas","Margo"
104712,"Impagliazzo","Abdulla"
409964,"Peot","Shuky"
16908,"Iisaku","Eben"
238825,"Sankaranarayanan","Hauke"
419332,"Ranai","Ioana"
425741,"Fontan","Hiroyasu"
479619,"Ligten","Anoosh"
216187,"Billawala","JoAnna"
461174,"Tagansky","Brewster"
423226,"Szmurlo","Tadahiro"
200068,"Moffat","Gurbir"
468840,"Nitsch","Sarita"
476543,"Brlek","Herbert"
431068,"Edelhoff","Mary"
283667,"Demri","Junichi"
402568,"Pollock","Xiping"
254975,"Nitta","Nikolaus"
291686,"Ranum","Masaki"
21049,"Solares","Zdislav"
253608,"Lamba","Mary"
427091,"Cherinka","Udi"
481847,"Saoudi","Kiyotoshi"
221514,"Bergere","Arunachalam"
109963,"Tagansky","Bodo"
100891,"Snedden","Nahum"
55659,"Legleitner","Dannz"
457034,"DeMori","Nakhoon"
435562,"Ashish","Shuho"
84761,"Kalefeld","Subbu"
416243,"Ruther","Kazuhide"
413585,"Llado","Mingdong"
459347,"Baca","Martijn"
91459,"Narahara","Teiji"
454966,"Goodrum","Genta"
454742,"Kadhim","Torsten"
415066,"Sridhar","Sanjai"
268152,"Rissanen","Shmuel"
259241,"Setiz","Becky"
226828,"Whitcomb","Filipe"
211731,"Karcich","Peternela"
478864,"Huhdanpaa","Shugo"
459221,"Swift","Toshiko"
97731,"Bakhtari","Cordelia"
40915,"Nivat","Odysseas"
93284,"Schaar","Arumugam"
284285,"Karnin","Giap"
269470,"Braunschweig","Basem"
242523,"Rande","Behnaam"
472570,"Kitai","Amabile"
420794,"Schrooten","Temple"
36178,"Valette","Bernt"
296495,"Wegerle","Marsja"
424924,"Portugali","Urs"
476450,"Unni","Ulises"
209620,"Schaad","Ziya"
19857,"Boreale","Taisook"
442363,"Spieker","Zhiwei"
417830,"Androutsos","Geoff"
405588,"Harbusch","Yechiam"
402181,"Flasterstein","Persi"
215436,"Angiulli","Yurii"
23812,"Gronowski","Constantine"
103031,"Heemskerk","Gor"
275069,"Candan","Ger"
458562,"Perri","Candida"
11427,"Iisaka","Haldun"
464368,"Cooman","Brigham"
439922,"Rosti","Fei"
247950,"VanScheik","Shen"
28373,"Bhattacharjee","Steen"
216791,"Rabejac","Qingxiang"
41903,"Ravishankar","Adamantios"
428008,"Fasbender","Gao"
260145,"Rajcani","Lihong"
16105,"Tetzlaff","Alper"
475476,"Bennis","Jahangir"
298019,"Emiris","Gift"
288189,"Tischendorf","Thodoros"
41177,"Anandan","Jolita"
92887,"Oxenboll","Kazuhiro"
75096,"Himler","Faiza"
47775,"Kobuchi","Florian"
50640,"Spataro","Akeno"
233528,"Pesch","Sanjai"
49399,"Gargeya","Ranan"
97449,"Mitsuhashi","Wayne"
258897,"Guerreiro","Kotesh"
208064,"Iisaku","Avishai"
258595,"Baumann","Sadun"
233583,"Denos","Nimmagadda"
30946,"Penttonen","Adit"
471796,"Shanbhogue","Khun"
463251,"Range","Hatim"
89414,"Schreiter","Percy"
454554,"Remmele","Maria"
30461,"Jervis","Badri"
21445,"Hanratty","Kwok"
214820,"Kilgour","Foong"
12036,"Ratzlaff","Mads"
286195,"Hofting","Karlis"
47537,"Hinsberger","Limsoon"
471615,"Halloran","Pranas"
423807,"Rikino","Barry"
259572,"Besselaar","Khoa"
474448,"Tchuente","Mechthild"
23952,"Oehlmann","Valdiodio"
289789,"Viele","Berthier"
453970,"Stassinopoulos","Taegyun"
236153,"Qiwen","Khedija"
206789,"Wrigley","Alassane"
33515,"Alblas","Hidekazu"
266794,"Reeken","Genevieve"
280056,"Axelband","Jungsoon"
103539,"Poulakidas","Jingling"
77215,"Alencar","Mingsen"
11715,"Albarhamtoshy","Arnd"
422282,"Naumovich","Radoslaw"
233951,"Hiraishi","Anestis"
55473,"Katalagarianos","Danny"
447035,"Suppi","Charmane"
404853,"Comyn","Jagoda"
45603,"Peres","Sushant"
418854,"Dulin","Peer"
99831,"Juneja","Alper"
94277,"Conde","Nobuyoshi"
286417,"Hooghiemstra","Weiwu"
224170,"Hettesheimer","Mohamadou"
453015,"Pesch","Cordelia"
408575,"Fendler","Ramachenga"
241397,"Ritcey","Dipankar"
240008,"Candan","Kasidit"
270795,"Diderrich","Domenico"
260991,"Bharadwaj","Chuanti"
208097,"Gide","Amstein"
270036,"Callaway","IEEE"
96178,"Perri","Mountaz"
49884,"Skogmar","Jayson"
238632,"Baba","Leon"
208094,"Kaiserswerth","Kousuke"
10232,"Auria","Marko"
220399,"Coullard","Adas"
238305,"Valiente","Constantine"
94775,"Kilgore","Moie"
436732,"Erman","Sadok"
210757,"Demri","Isamu"
22076,"Ertl","Mingzeng"
288037,"Preusig","Terresa"
286369,"Chaudhuri","Sangeeta"
83135,"Shigei","Elrique"
45546,"Lanphier","Gopalakrishnan"
12698,"Paciorek","Arunas"
257267,"Rodier","Kwangsub"
451864,"Lorho","Toshimori"
216801,"Vasanthakumar","Heon"
292051,"Jansen","Heeju"
13660,"McConalogue","Ziya"
439317,"Litzkow","Kendra"
252977,"Solovay","Lobel"
254466,"Mukaidono","Honesty"
214868,"Marsiglia","Murthy"
63603,"Garrabrants","Marin"
282368,"Barbanera","Dietrich"
67802,"McClurg","Kiam"
57667,"Chinen","KayLiang"
473125,"Herbst","Vasilis"
437849,"Erbe","Elrique"
64501,"Syrotiuk","Perla"
403959,"Androutsos","Aleksander"
201867,"Ginneken","Gonzalo"
411223,"Hashii","Dung"
47285,"Uhrik","Tsutomu"
299330,"Isaak","Raimond"
65892,"Plesums","Manibrata"
234537,"Zlotek","Berry"
463063,"Ellozy","Serge"
14273,"Benveniste","Atreye"
69854,"Sichman","Mabry"
99532,"Picco","Percy"
437234,"Sgarro","Gil"
456095,"Birta","Toshimi"
409244,"Chachaty","Parviz"
290488,"Baek","Parto"
295933,"Karlin","Kannan"
476713,"Salvesen","Zongyan"
405847,"Danner","Fay"
86604,"Vakili","Feipei"
33455,"Merlo","Shounak"
212504,"Asmuth","Feiyu"
236101,"Feinberg","Wilmer"
298978,"Basagni","Irena"
57424,"Magliocco","Jaques"
72110,"Begiun","Sachin"
65966,"Macedo","Jessie"
434363,"Ghelli","Zita"
235181,"Polajnar","Duangkaew"
427152,"Lung","Arunachalam"
291534,"Paciorek","Akhilish"
230834,"Navazio","Shietung"
222993,"Peac","Satoru"
91093,"Luders","Josyula"
59832,"Biran","Brewster"
430045,"Stille","Toong"
75186,"Miyakawa","Filipp"
446017,"Brickell","Nalini"
63159,"Denna","Persi"
409314,"Chimia","Gilbert"
403038,"Facello","Mitsuyuki"
432974,"Pauthner","Hinrich"
281760,"Cronau","Fumiyo"
441641,"Bakhtari","Candida"
11120,"Curless","Masato"
51294,"Pell","Tetsushi"
231475,"Vitiello","Youjian"
261187,"Demri","Akeel"
223668,"Tanemo","Kotesh"
53140,"Swick","Xiong"
271108,"Seuren","Alejandro"
245183,"Macedo","Spyrose"
222890,"Varman","Lenore"
227290,"Krone","Nirmal"
280844,"Rahimi","Jeane"
474456,"Heydon","Martine"
22571,"Speel","Shem"
219761,"Lupu","Moss"
31997,"Delgrande","Rosella"
289076,"Schueller","Manu"
247968,"Zweizig","Pintsang"
15418,"Neimat","Gianluca"
211520,"Setia","Saeed"
454198,"Murrill","Guenter"
108959,"Zumaque","Huan"
283829,"Niizuma","Along"
281458,"Biron","Niranjan"
81534,"Leijenhorst","Leaf"
225837,"Ballarin","Shuichi"
287979,"Chiola","Valeska"
87803,"Lally","Tonny"
23864,"Brookman","Roded"
40160,"Passino","Oldrich"
80340,"Knightly","Licheng"
478434,"Ligten","Noritoshi"
258084,"Setia","Juichirou"
219073,"Sadowsky","Gen"
402856,"Ginesta","Freyja"
61416,"Milicic","Lijia"
459834,"Dratva","Yongmao"
439902,"Munoz","Feixiong"
468414,"Deyuan","Nikolaos"
439257,"Pluym","Khedija"
204648,"Hambrick","Uli"
201722,"Denos","Collette"
99767,"Lorho","Haldon"
15659,"Buchter","Armond"
250694,"Pleszkun","Olivera"
417570,"Karcich","Xiaocheng"
98890,"Alpay","Erez"
432187,"Merro","Feipei"
92537,"Nitsch","Abdulla"
25878,"Shumilov","Munir"
478639,"Rotem","Shigenori"
412251,"Nannarelli","Zito"
464484,"Takanami","Naraig"
446218,"Swiss","Jeong"
209323,"Perng","JiYoung"
23097,"Morrey","Kerhong"
428630,"Orsini","Jenwei"
29261,"Kopetz","Paraskevi"
18019,"Setiz","Mads"
55776,"Herber","Filipe"
96060,"Ginesta","Geoff"
81881,"Schmiedel","Goo"
20272,"Pokrovskii","Kristen"
87219,"Danley","Maik"
29367,"Birch","Vitali"
293622,"Chappelet","Mitsuyuki"
444405,"Buescher","Shmuel"
295522,"Jonsson","Shaowen"
27139,"Matzat","Piyush"
81343,"Nilsson","Basant"
23525,"Biran","Nirmal"
10807,"Zallocco","Munehiro"
416319,"Chimia","Duro"
80727,"Remmers","Margo"
67847,"Baranowski","Nevio"
476032,"Selenyi","Kamakshi"
253988,"Jiang","Maya"
205182,"Fargier","Filipp"
277612,"Flowers","Lokesh"
200911,"Pews","Iara"
464659,"Birta","Masako"
216895,"Jeong","Sumali"
101226,"Litzkow","Aral"
272645,"Leuchs","Luigi"
447423,"Vandervoorde","Morrie"
241307,"Kermarrec","Rance"
421588,"Pintelas","Hisao"
410788,"Kavraki","Marl"
87119,"Leuchs","Sachin"
435521,"Yurek","Shigehito"
255517,"Schade","Niranjan"
263354,"Caine","Emdad"
215644,"Angot","Surveyors"
427841,"Schaad","Shaz"
220059,"Kobuchi","Hironoby"
273210,"Mapelli","Roselyn"
243478,"DasSarma","Ekawit"
278197,"Lund","Radhakrishnan"
404261,"Gniady","Jeanne"
89064,"Buescher","Dinah"
38117,"Hiraishi","Stevo"
404279,"Luby","Chaosheng"
242204,"Grabner","Kien"
245992,"Stanger","Moto"
212987,"Kornyak","Maik"
420418,"Farrar","Eben"
216760,"Zeilberger","Shigeu"
97037,"Janocha","Seshu"
297675,"Kavraki","Garnet"
472513,"Birta","Sanjoy"
214714,"Honiden","Anwar"
107154,"Erev","Arlette"
51507,"Gubsky","Khalid"
45165,"Erva","Mahmut"
459750,"Ernst","Danai"
418420,"Flanders","Vasiliy"
59677,"Penz","Xumin"
68040,"Kugler","Xuejia"
23110,"Holburn","Danny"
408175,"Ratzlaff","Kwangho"
69584,"Ozeki","Golgen"
13414,"Hofstetter","Nevio"
410411,"Cronan","Elrique"
107885,"Mersereau","Khalid"
293701,"McClurg","Mooi"
202925,"Gerlach","Vesna"
400742,"Ranst","Kristina"
78103,"Pillow","Cheong"
218960,"Zweizig","Qiwen"
100878,"Crouzet","Yucai"
66578,"Ghelli","Ingemar"
406543,"Birdsall","Petter"
81686,"Montresor","Nevio"
77133,"Genin","Shahab"
292879,"Gubsky","Xudong"
433704,"Verspoor","Jaewon"
44758,"Wilfing","Xumin"
299613,"Ibel","Malu"
90973,"Kading","Izaskun"
213098,"Christ","Martijn"
14036,"Schaad","Bogdan"
201341,"Vural","Augustine"
279559,"Cronan","Jasminko"
407419,"Pietracaprina","Xiahua"
228379,"Benveniste","Woody"
418416,"Szilard","Mitsuyuki"
215737,"Remmers","Avishai"
231622,"Einsfeld","Hein"
464373,"Deyuan","Saeed"
445028,"Lakshmanan","Mohamadou"
41964,"Strooper","Mantis"
410117,"Beausoleil","Fumiyo"
102788,"Benveniste","Magdalena"
30466,"Giaccio","Sumant"
27785,"Mukaidono","Feipei"
37638,"Manderick","Marin"
82199,"Pramanik","Jingling"
464461,"Murillo","Huai"
226897,"Munro","Adly"
459057,"Curless","Val"
452044,"Marchesini","Vincent"
406758,"Brandsma","Nevio"
231834,"Luck","Kwangho"
274041,"Lamma","Dzung"
82614,"Segond","Hiroyasu"
440805,"Ritcey","Uri"
428342,"Nooteboom","Nirmal"
45871,"Rubsam","Reinhold"
285381,"Callaway","Jinya"
269640,"Auyong","Mostafa"
223256,"McConalogue","Gila"
429110,"Argence","Isamu"
218108,"Camurati","Douadi"
31665,"Slaats","Sanjoy"
87543,"Luks","Kwan"
29638,"Quadeer","Gino"
438067,"Walstra","Chenye"
295272,"Chaudhury","Panayotis"
86909,"Tchuente","Miomir"
410857,"Lamba","Anestis"
250680,"Meszaros","Candida"
418785,"Billingsley","Susanna"
106518,"Viele","Ferdinand"
78649,"Lorys","Gino"
239909,"Fujisawa","Murthy"
280149,"Demeyer","Sushant"
227051,"Kavraki","Bluma"
223684,"Flasterstein","Temple"
64011,"Isaak","Xuejun"
402280,"Trumbly","Zeydy"
428514,"Khamsi","Otilia"
271936,"Moffat","Ennio"
18166,"Murthy","Yucai"
97074,"Awdeh","Takushi"
456767,"Schreiter","Tetsurou"
15644,"Terekhov","Zhiguo"
100521,"Bernardinello","Constantijn"
77487,"Bach","Kamakshi"
18038,"Otillio","Yechezkel"
455170,"Schusler","Sumali"
253584,"Koblitz","Wanqing"
65059,"Schurmann","Zhenbing"
290301,"Cannane","Gad"
215813,"Dulay","Mikhail"
444163,"Gente","Uriel"
431948,"Carrere","Naftaly"
250860,"Picht","Shigeo"
102442,"Schneeberger","Gita"
22564,"Sooriamurthi","Jiafu"
204697,"Azuma","Parviz"
49976,"Peternell","Miyeon"
454595,"Majewski","Mabry"
249953,"Rosen","Ronnie"
87011,"Bashian","Danco"
462890,"Peak","Jinya"
223552,"Syang","Lihong"
79894,"Cheshire","Udi"
453133,"Terekhov","Mani"
248838,"Thummel","Debaprosad"
418913,"Zhang","Jaewon"
91142,"Imataki","Gad"
245302,"Zucker","Kazuhito"
461639,"Wroclawski","Subhash"
414306,"DiGiano","Theron"
239840,"Sury","Petter"
56946,"Casley","Gian"
69373,"Chandrasekhar","Haldun"
92981,"Raoux","Gurbir"
82889,"Farrag","Arif"
35509,"Journel","Nikolaus"
243184,"Zongker","Hilari"
219529,"Brender","Takahira"
205235,"Itschner","Willard"
28185,"Babb","Xinglin"
82061,"Byoun","Oscar"
480720,"Assaf","Pramod"
17545,"Mitchem","Marjo"
247320,"Heemskerk","Jiang"
450363,"Gluchowski","Zita"
101114,"Leuchs","Jinpo"
285632,"Vickson","Mack"
106356,"Raney","Phillip"
401380,"Giveon","Shakhar"
288672,"Jayawardene","Heejo"
74934,"Driscoll","Kazuyasu"
15023,"Dredge","Sumant"
229150,"Munos","Piyawadee"
38085,"Keohane","Anoosh"
240444,"Badr","Jeong"
415565,"Sessa","Insup"
481357,"Plumb","Oguz"
216737,"Waschkowski","Marla"
37522,"Nitto","Aiman"
250197,"Schlegelmilch","Lansing"
294665,"Erde","Ottavia"
101280,"Malinowski","Qingxiang"
215230,"Fiutem","Visit"
413557,"Suppi","Lenore"
70490,"Waeselynck","Zvonko"
422585,"DasSarma","Jovan"
425814,"Thisen","Xiaoqiang"
249099,"Krybus","Mads"
435699,"Foote","Marie"
250661,"Junot","Shahaf"
28620,"Thorensen","Irene"
451212,"Jeansoulin","Masako"
424019,"Rajala","Garnik"
72322,"Ladret","Haldun"
29247,"Laurillard","Manibrata"
224409,"Hiraishi","Khalil"
214489,"Showalter","Chuanti"
408892,"Rosar","Nitsan"
93596,"Tetzlaff","Yaghout"
465470,"Llado","Caolyn"
460131,"Hambrick","Adly"
28878,"Sudkamp","Gino"
78414,"Conia","Anneli"
267497,"Porotnikoff","Sanjit"
237725,"Velardi","Nathalie"
235988,"Nyanchama","Masadi"
234575,"Himler","Roselyn"
217711,"Swick","Karlis"
64098,"Weiland","Armond"
448795,"Brlek","Jolita"
289751,"Porotnikoff","Phuoc"
408747,"Christianini","Munenori"
96122,"Onuegbe","Muzhong"
278503,"Codenie","Eirik"
276392,"Detkin","Dmitry"
224013,"Trystram","Torsten"
25489,"Carrera","Heon"
14686,"Deville","Oldrich"
403975,"Zschoche","Taegyun"
202354,"Siochi","Jeong"
256149,"Hiltgen","Tonia"
401955,"Peak","Marie"
284058,"Morrin","Paddy"
223037,"Miara","Denis"
89022,"Orlowski","Atilio"
427276,"Zultner","Lidong"
287936,"Comte","Valeska"
26278,"Trachtenberg","Zorica"
430311,"Suri","Somnath"
429836,"Kilgour","Arumugam"
297792,"Oberman","Adas"
46728,"Munck","Faiza"
22607,"Mateescu","Cedric"
75428,"Steenbeek","Lene"
220755,"Stassinopoulos","Kokou"
85352,"Taubenfeld","Fumitaka"
424055,"Bottner","Tesuya"
248702,"Fujisaki","Naftaly"
13384,"Ghemri","Nectarios"
236301,"Rahier","Jixiang"
28737,"Casperson","Erzsebet"
41199,"Ouhyoung","Brewster"
416582,"Onuegbe","Yishay"
71631,"Sidhu","Nadjib"
230480,"Bernini","Udo"
101999,"Nicolson","Abdelaziz"
449719,"Ranka","Kristin"
38328,"Muhlberg","Richard"
433562,"Gruenwald","Chrisa"
84881,"Biron","Vidya"
214084,"Porotnikoff","Mountaz"
295900,"Akiyama","Zhonghui"
231151,"Varman","Jessie"
276375,"DuBourdieux","Arnould"
75125,"Potthoff","Tooru"
231249,"Birrer","Eran"
290651,"Lagarias","Otilia"
459047,"Felcyn","Isamu"
296696,"Peek","Manibrata"
92075,"Portugali","Luerbio"
73443,"Fordan","Irena"
53225,"Sidou","Deniz"
25523,"Openshaw","Atreye"
428680,"Falck","Eberhardt"
419976,"Antonakopoulos","Kwangsub"
448613,"Tzvieli","Ger"
475077,"Ouhyoung","Claude"
298194,"Chimia","Xuejia"
278645,"Setia","Marko"
268680,"Ashish","Selwyn"
203654,"Jeong","Xiong"
24405,"Pluym","Shaowei"
275094,"Casley","Horward"
234432,"Jansch","DAIDA"
472655,"Schahn","Nahum"
67094,"Jonsson","Samphel"
59633,"Weedon","Nobuyoshi"
422220,"Kamble","Fabrizio"
454532,"Marletta","Kamran"
65748,"Gimarc","Masoud"
21093,"Worfolk","Zdislav"
299412,"Veeraraghavan","Arfst"
462562,"Acton","Navin"
409284,"Lorcy","Alejandro"
478586,"Jansch","Poorav"
263036,"Morrin","Along"
14966,"Underwood","Zhanqiu"
47503,"Litecky","Irena"
292493,"Sridhar","Sham"
15495,"Rotem","Sven"
461237,"Stifter","Subhada"
452801,"Daescu","Marlo"
66461,"Hertweck","Salvador"
42161,"Landherr","Sanjiv"
466861,"Rousseau","Claudi"
464864,"Schmittgen","Shen"
14888,"Barriga","Temple"
264380,"Spell","Koichi"
97121,"Lindqvist","Kristina"
49848,"Geffroy","Miomir"
269347,"Molenkamp","Aiman"
211997,"Decleir","Sachio"
78896,"Einsfeld","Xumin"
473703,"Baar","Steve"
64902,"Stanger","Lidong"
59178,"Khalid","Satosi"
260688,"Polupanov","Idoia"
462170,"Thorelli","Vivian"
460563,"Birjandi","Zhongwei"
237836,"Xiaoshan","Kolar"
211336,"Mawatari","Huan"
109939,"Magalhaes","Hercules"
450647,"Improta","King"
53196,"Merlo","Elvia"
280077,"Keohane","Qunsheng"
106371,"Ratzlaff","DAIDA"
80360,"Beetstra","Weijing"
254693,"Zlotek","Filipp"
22381,"Openshaw","Uma"
23405,"Sewelson","Tse"
77230,"Varman","Hyuncheol"
99358,"Jiang","Lubomir"
12685,"Openshaw","Siamak"
445412,"Ratzlaff","Odinaldo"
419810,"Szmurlo","Chiradeep"
406839,"Koprowski","Rildo"
246992,"Rothenberg","Sanjeeva"
467594,"Akiyama","Reinhard"
79799,"Pietrzykowski","Boriana"
430049,"Katzenelson","Mamdouh"
243086,"Kumaresan","Rosalie"
278611,"Matzat","Dung"
226962,"Rosen","Aemilian"
248048,"Pena","Herb"
83070,"Whittlesey","Hisao"
444825,"Thisen","Kristinn"
407605,"Asser","Hatsukazu"
425230,"Matheson","Mohit"
455047,"Luders","Subhankar"
434402,"Bazelow","Huiqun"
94550,"Gimbel","Udi"
428304,"Greenaway","Tadahiro"
45516,"Ginesta","Yonghong"
449596,"Ernst","Shigeu"
434781,"Rosay","Guozhong"
436695,"Frolund","Aral"
429890,"Zaumen","Gopalakrishnan"
87923,"Hambrick","Rosine"
10568,"Poulakidas","Gao"
82978,"Herbst","Geoffry"
70538,"Benveniste","Pascal"
429297,"Acton","Becky"
220119,"Basagni","Kauko"
431626,"Karlin","Mads"
240961,"Gimarc","Yuriy"
284225,"Pulkowski","Val"
220585,"Rullman","Vidar"
478483,"Imataki","Chandrasekaran"
246804,"Miculan","Takahito"
106673,"Bahl","Tesuro"
10493,"Haraldson","Maris"
35157,"Picci","Elliott"
263278,"Dayang","Constantino"
206278,"Kriebel","Pantung"
446272,"McClure","Arne"
65620,"Merkl","Radhia"
50204,"Beutelspacher","Mayuko"
234098,"Ulupinar","Saddek"
221284,"Minakawa","Chanjung"
102662,"Kolinko","Aiman"
32193,"Szmurlo","Margareta"
478120,"Trachtenberg","Paloma"
471755,"Peak","Ayonca"
406224,"Boudaillier","Jouni"
14528,"Bondorf","Poornachandra"
455573,"Azumi","Adil"
48412,"Melski","Aimee"
64817,"Luks","Bartek"
89066,"Bamford","Mads"
445417,"Bugrara","Giri"
242222,"Schueller","Yongmin"
432876,"Rijsenbrij","Neelam"
237733,"Plotkin","Marit"
410476,"Kropp","Radhia"
423195,"Koblick","Munehiko"
35034,"Szemeredi","Barton"
401521,"Tokunaga","Honglan"
461270,"Mawatari","Mrinalini"
291116,"Pocchiola","Berni"
283136,"Suessmith","Minghong"
470052,"Middleton","Serge"
423118,"Fraisse","Gererd"
15878,"Peris","Chrisa"
424150,"Middleton","Gro"
230675,"Hasenauer","Shao"
471434,"Improta","Masaru"
246271,"Muchinsky","Doohun"
87208,"Schreiter","Gio"
237192,"Yoshimura","Navin"
51911,"Chiodo","Miomir"
51090,"Roccetti","Xiaopeng"
33185,"Landherr","Uri"
20667,"Khalil","Ramachenga"
271927,"Vesel","Gino"
441401,"Erman","Shimshon"
420891,"Melichar","Teruyuki"
284368,"Sudbeck","Tonia"
229650,"Kilgour","Kristian"
71686,"Schicker","Licheng"
61806,"Eiron","Amalendu"
453244,"Pusterhofer","Pranay"
417406,"Ducloy","Tokuyasu"
84717,"Attimonelli","Zhongwei"
81332,"Peck","Stamatina"
463338,"Falco","Tran"
426870,"Pavlopoulou","Gao"
54293,"Sanella","Yongdong"
446018,"Suomi","Oscar"
284294,"Eastman","Gonzalo"
430365,"Pramanik","Marko"
106349,"Deverell","Xiaopeng"
296151,"Swick","Nishit"
454001,"Kieras","Danny"
268183,"Bednarek","Yefim"
26076,"Matzen","Ipke"
226473,"Spelt","Kamran"
41848,"Cronan","Jagoda"
103147,"Selenyi","Neelam"
282530,"Radhakrishnan","Heping"
404932,"Woycyznski","Baziley"
289241,"Baezner","Demin"
419441,"Lores","Taiji"
256653,"Gronowski","Phillip"
226541,"Rehfuss","Eishiro"
459553,"Hasenauer","Moie"
79961,"Luks","Rosalyn"
27678,"Pocchiola","Dante"
70694,"Belinskaya","Tesuya"
71946,"Kuzuoka","Khalil"
13479,"Besselaar","Youjian"
408800,"Baik","Hideo"
405191,"Bennet","Uli"
80291,"Flowers","Sashi"
233179,"Mandelberg","Tzvetan"
39806,"Rosenbaum","Shuzo"
211933,"Sewelson","Sven"
89042,"Billingsley","Aamod"
15912,"Cichocki","Piyawadee"
242479,"Gulak","Abdulah"
59317,"Taneja","Shirish"
57775,"Swiss","Ziva"
32339,"Strooper","Rasikan"
25585,"Valette","Serge"
24815,"Basagni","Kristin"
71304,"Billawala","Xuejun"
439285,"Ranai","Kensyu"
442671,"Ushiama","Marie"
449877,"Rosis","Zhiguo"
289151,"Dulay","Udaiprakash"
254022,"Trachtenberg","Noritoshi"
65607,"Hitomi","Panayotis"
255873,"Zaiane","Takanari"
261477,"Sigstam","Godehard"
251206,"Brizzi","Goetz"
101172,"Schoegge","Nevio"
242337,"Hiyoshi","Ymte"
54123,"Bahk","Kien"
443558,"Billawala","Falguni"
81760,"Krichel","Jeanna"
406584,"Oaver","Gianluca"
216892,"Murthy","Hugh"
27052,"Lupu","Mabo"
270099,"Rosaz","Krister"
52596,"Ranon","Hugh"
59301,"Morrow","Marco"
481633,"Orlowska","Zhigen"
294591,"Schiettecatte","Premsyl"
39779,"Zambonelli","Baziley"
428125,"Zielinski","Sadun"
57710,"Kumaresan","Dayanand"
442412,"Orlowski","Breannda"
217398,"Taneja","Pranay"
86084,"Pepe","Laurentiu"
78822,"Broomell","Erzsebet"
453769,"Besselaar","Stella"
257302,"Steinauer","Breannda"
82660,"Sudbeck","Chaosheng"
230623,"Bashian","Narain"
413919,"Nergos","Shushma"
266892,"Neimat","Herb"
25699,"Gecsel","Chanjung"
451463,"Zedlitz","Gita"
81143,"Vural","DAIDA"
416392,"Deville","Paris"
401587,"Ratzlaff","Jaber"
252728,"Melton","Visit"
93993,"Sidou","Odoardo"
478969,"Tokunaga","Byong"
44254,"Kropp","Zine"
245297,"Pileggi","Dmitry"
98221,"Bolotov","Jeanna"
52773,"Rissland","Shounak"
217532,"Schahn","Duri"
61672,"McDermid","Xiaoshan"
469831,"Savasere","Changho"
272783,"Kulisch","Babette"
471489,"Iisaku","Aamod"
292436,"Gammage","Ult"
27334,"Awdeh","Raimond"
73094,"DiGiano","Hatsukazu"
462016,"Danner","Taiji"
405717,"Perly","Cathie"
54508,"Tsukuda","Bilhanan"
104710,"Trogemann","Munenori"
415365,"Negoita","Dipankar"
204393,"Taubenfeld","Marsal"
91384,"Jansen","Zongyan"
53959,"Stellhorn","Christoph"
244481,"Masand","Stepehn"
102743,"Vakili","Moto"
405234,"Asser","Barry"
16763,"Baja","Yishai"
475842,"Zeidenstein","Prodip"
415905,"Dayang","Reuven"
404033,"Delgrossi","Mori"
202252,"Demos","Nitsan"
83800,"Wroclawski","Tamiya"
464938,"Lamparter","Valdiodio"
458082,"Busillo","Marla"
454172,"Demri","Huan"
88880,"Senzako","Lena"
429382,"Schwabacher","Domenico"
214734,"Boudaillier","Mitsuyuki"
208503,"Cooke","Jixiang"
97653,"Foote","Zhiguo"
477190,"Aloisi","Fan"
213035,"Nitsche","Shuichi"
431723,"Ulupinar","Magdalena"
85070,"Czap","Tsvetan"
69521,"Woycyznski","Bedir"
447032,"Otillio","Guttorm"
400183,"Docker","Leucio"
15836,"Sewelson","Christophe"
86948,"Swan","Rosita"
294850,"Peot","Toshimo"
294071,"Selenyi","Peer"
49233,"Shobatake","Nikolaus"
410662,"Luon","Piyush"
285045,"Schrift","Bouchung"
222396,"Lunt","Djenana"
109571,"Zeidenstein","Serap"
256563,"Pargas","Aimee"
42946,"Murillo","Randi"
264325,"Reutenauer","Mack"
27302,"Sankaranarayanan","Eishiro"
21638,"Winter","Yucai"
258987,"Anguita","Baruch"
241476,"Itzfeldt","Jinxi"
267734,"Jahnichen","Mona"
80545,"Haddadi","Seongbae"
30513,"Limongiello","Eric"
433502,"Pero","Bikash"
262877,"Matzov","Vidya"
19198,"Remmele","Moty"
14778,"Trystram","Bernd"
88201,"Maraist","Leaf"
216620,"Coors","Lein"
72593,"Casley","Chinhyun"
467787,"Ferriere","Xiaoqiang"
41302,"Validov","Naftaly"
283635,"Porenta","Alejandra"
78657,"Iivonen","Kiyomitsu"
242778,"Peron","Jenwei"
203742,"Poehlman","Vishv"
71835,"Kornyak","Miomir"
57448,"Baaleh","Along"
214781,"Hiyoshi","Phillip"
287460,"Ossenbruggen","Sandeepan"
452792,"Bade","Dmitry"
93227,"Katiyar","Constantine"
247558,"Oxenboll","Chriss"
19160,"Jervis","Tetsurou"
53958,"Olano","Marla"
21566,"Demos","Angel"
250953,"Pluym","Jinxi"
34249,"Shinomoto","Jinxi"
245752,"Merli","Sasan"
224076,"Gide","Gonzalo"
51441,"Kobara","Jovan"
458955,"DasSarma","Zvonko"
242002,"Blokdijk","Thanasis"
422414,"Seuren","Diederik"
463257,"Wossner","Tomoyuki"
453916,"Speek","Shichao"
95999,"Murillo","Owen"
27797,"Botman","Kazuhisa"
101257,"Badache","Berto"
41662,"Fontan","Hideyuki"
458758,"Kemmerer","Divine"
427808,"Noriega","Brigham"
467905,"Oxenboll","Lubomir"
445715,"Schurmann","Shooichi"
109617,"Benzmuller","Murthy"
434786,"Broder","Tremaine"
271449,"Suppi","Guther"
236659,"DuBourdieux","Mamdouh"
274109,"Thambidurai","Inderjeet"
57262,"Yavatkar","Steve"
448016,"Tsukune","Ymte"
439457,"Radivojevic","Tooru"
262459,"Welham","Masako"
452561,"Kroll","Baoqiu"
401577,"Mapelli","Harngdar"
232778,"Simmen","Amstein"
27212,"Coors","Alois"
475831,"Orlowski","Shir"
249481,"Sabnani","Naftaly"
36384,"Quaggetto","Cordelia"
423810,"Eldridge","Utz"
55595,"Vidya","Otmar"
48325,"Rajaraman","Anneke"
33572,"Fargier","Zita"
67662,"Beutelspacher","Ibibia"
270198,"Lubachevsky","Fabrizio"
65527,"Swab","Kousuke"
451893,"Bottner","Sven"
249296,"Narahari","Dmitry"
208209,"Matzat","Kersti"
454036,"Leijenhorst","Leif"
69993,"Silva","Anwar"
26905,"Markovitch","Fatemeh"
67506,"Verhoeff","Collette"
100989,"Motley","Shir"
227695,"DasSarma","Saeed"
436559,"Pusterhofer","Muzhong"
424921,"Mikschl","Marco"
200535,"Isard","Vugranam"
104155,"Angel","Toshimori"
74692,"Krupka","Shaibal"
245689,"Smailagic","Billur"
98664,"Felcyn","Kendra"
407320,"Valette","Danil"
35094,"Passino","Berhard"
245425,"Schieder","Licheng"
56012,"Schlegelmilch","Lucien"
235716,"Streit","Mari"
13553,"Cusworth","Masato"
50694,"Middleton","Sadun"
433706,"Goodrum","Hatem"
478340,"Gimarc","Ingemar"
461861,"Marsiglia","Aron"
440624,"Vesna","Nikolaus"
264362,"Spell","Huai"
216748,"Jervis","Salvador"
99550,"Hebert","Tsvetan"
408723,"Undy","Hercules"
281840,"Denos","Doohun"
423224,"Stemann","Venkatesan"
458193,"Dayana","Sajjad"
40245,"Bael","Yucai"
426769,"Birrer","Visit"
216528,"Iivonen","Randi"
61212,"Stassinopoulos","Berni"
450104,"Waleschkowski","Marit"
256389,"Usdin","Gilbert"
406364,"Litvinov","Phule"
82662,"Falster","Adit"
242022,"Morrow","Turgut"
267973,"Butterworth","Kirk"
247327,"Itzigehl","Navid"
429067,"Morrow","Kwan"
421990,"Lorin","Sariel"
78491,"Marciano","Chanjung"
266247,"Herbst","Zijian"
452685,"Osgood","Gurbir"
266531,"Veevers","Syozo"
86256,"Dulay","Gift"
294234,"Kirkerud","Adam"
86418,"Peac","Subbu"
38028,"Driscoll","Martins"
109643,"Ratzlaff","Faiza"
93208,"Marzano","Genta"
278316,"Farris","Arie"
269268,"Steinauer","Khatoun"
34879,"Anguita","Tsutomu"
247955,"Boyle","Hinrich"
19026,"Arlazarov","Zhongwei"
451039,"Mawatari","Idoia"
262447,"Denna","Jasminko"
29780,"Egerstedt","Caolyn"
433485,"Mersereau","Arne"
244708,"Lindenbaum","Barton"
211791,"Compeau","Bikash"
229984,"Danlos","Kankanahalli"
475434,"Cardazo","Chirstian"
440790,"Sewelson","Zine"
446345,"Muhling","Josyula"
69040,"Klyachko","Licheng"
473297,"Ouhyoung","Supot"
244961,"Baer","Miquel"
254001,"Ranta","Caolyn"
429521,"Badache","Moty"
282152,"Lenart","Zine"
212714,"Akiyama","Dipayan"
37831,"Salinas","Nirmal"
432148,"McClure","Basim"
430401,"Gien","Jaques"
93321,"Nivat","Masako"
436785,"Jakobus","Genki"
77027,"Xiaoshan","IEEE"
457979,"Vidya","Vidar"
80485,"Beznosov","Pragnesh"
87274,"Gide","Hilari"
465930,"Maraist","Stevo"
266207,"Chaudhury","Aran"
459372,"Nannarelli","Make"
229478,"Kampfer","Shaibal"
440608,"Kragelund","Kiyokazu"
101605,"Heijenga","Aria"
434905,"Schwabacher","Arvind"
214934,"Kruskal","Hongzue"
12759,"Kuszyk","LiMin"
408419,"Frezza","Chuanti"
215581,"Gulak","Karoline"
28052,"Smeets","Yuqun"
280406,"Perng","Georgi"
438659,"Juneja","Arve"
65635,"Vecchi","Gully"
58407,"Mandell","Tuval"
15729,"Baalen","Tse"
17334,"Luby","Ayonca"
247600,"Mullainathan","Dietrich"
16780,"Shinomoto","Jeane"
50787,"Makrucki","Shooichi"
48507,"Luiz","Oscal"
27469,"Fandrianto","Gro"
221171,"Glinert","Eldridge"
426650,"Lund","Uzi"
95409,"Heydon","Mats"
239898,"Hooghiemstra","Elrique"
69054,"Kobuchi","Saniya"
237546,"Clemencon","Guttorm"
456009,"Pulkowski","Mihalis"
440792,"Chinin","Rutger"
233427,"Rusmann","Cristinel"
290985,"Takanami","Geraldo"
473166,"Erde","Masamitsu"
34776,"Stellhorn","Gilbert"
244642,"Petereit","Mooi"
232657,"Basawa","Shir"
401270,"Halevi","Almudena"
95993,"Lunn","Alejandra"
87836,"Versino","Patricia"
101735,"Masand","Shigeu"
466457,"Isaac","Odoardo"
23260,"Bolotov","Takahito"
53925,"Dalton","Tadanori"
448045,"Perly","Chinya"
417813,"Uchoa","Cristinel"
218081,"Wrigley","Persi"
276399,"Alameldin","Geoffrey"
107693,"Bharadwaj","Kenton"
83514,"Pappas","Shaz"
476771,"Coney","Naftali"
264609,"Deverell","Bernt"
464520,"Velardi","Chinya"
457283,"Mansanne","Reinhold"
37694,"Peng","Moni"
442896,"Matzen","Maja"
12903,"Salverda","Radhika"
279171,"Riexinger","Yolla"
218592,"McDermid","Shalesh"
80991,"Schreiter","Marco"
412135,"Falck","Ung"
96181,"Weisert","Mabo"
227317,"Ventosa","Parviz"
206401,"Sewelson","Kwangyoen"
39966,"Beidas","Utpal"
39141,"Breugel","Kristin"
11947,"Lortz","Kiyomitsu"
105979,"Servieres","Hilari"
215525,"Perry","Nakhoon"
90078,"Champarnaud","Susuma"
47153,"Rotem","Premsyl"
240261,"Jiafu","Hisao"
30899,"Keirsey","Dannz"
203545,"Back","Shem"
452936,"Kropatsch","Matt"
217346,"Leivant","Aluzio"
82903,"Bennis","Zhonghua"
428550,"Koyama","Masako"
15763,"Narahari","Barun"
85004,"Chaudhury","Xuedong"
101045,"Talmor","Kiam"
45676,"Berendt","Luise"
287639,"Bage","Gro"
12716,"Theuretzbacher","Angel"
448716,"Przulj","Lobel"
296769,"Randt","Pantung"
15347,"Paciorek","Przemyslawa"
73949,"Birch","Gian"
107315,"Dengi","Jessie"
47116,"Rosar","Oscar"
259861,"Meriste","Diederik"
232311,"Erva","Jaideep"
429097,"Genther","Shigenori"
271946,"Hempstead","Susanta"
212040,"Lunt","Bangqing"
220652,"Desikan","Mabry"
452486,"Bierbaum","Kyoichi"
281742,"Fiutem","Remzi"
417638,"Ranai","Sushant"
59981,"Merle","Rosita"
223974,"Yetto","Khue"
291385,"Anandan","Khun"
461658,"Heuter","Takahira"
211571,"Pehl","Takahira"
23946,"Streit","Carrsten"
252888,"Swab","Candido"
25185,"Chiodo","Zine"
406440,"Parveen","Moty"
447086,"Gill","Rosli"
203055,"Gladwell","Xudong"
293960,"Besselaar","Fay"
465356,"Rajaraman","Apostol"
427933,"Engelmann","Gladys"
246051,"Niizuma","Jaber"
251453,"Braccini","Marlo"
481218,"Vural","Xiaocheng"
284569,"Navazio","Miquel"
96278,"Deyuan","Dipankar"
43504,"Hanratty","Ingemar"
97360,"Gill","Mabo"
96428,"Mellouli","Zeydy"
216250,"Zweizig","Jaana"
251499,"Chimia","Basem"
466209,"Fujisaki","Chikako"
289465,"Griswold","Filipp"
223274,"Vigier","Boriana"
108876,"Masada","Mona"
106117,"Mayerwieser","Bezalel"
203164,"Rikino","Alagu"
101739,"Koyama","Hisao"
434636,"Rijckaert","Tua"
20232,"Conti","Pasqua"
239941,"Eugenio","Tristan"
209921,"Maquelin","Gully"
481477,"Marciano","Taegyun"
12146,"Garnick","Urs"
480612,"Comyn","Minghong"
442880,"Attimonelli","Guoxiang"
240294,"Decleir","Zhigen"
46661,"Ulupinar","Huiqun"
447200,"Frolund","Alagu"
83553,"Radivojevic","Guttorm"
237036,"Mahmud","JiYoung"
202698,"Danlos","Danil"
267936,"Christianini","Arra"
464331,"Kriebel","Armond"
257296,"Pocchiola","Prasadram"
75678,"Thorensen","Hilari"
254132,"Badache","Djelloul"
468524,"Bellone","Geraldo"
218007,"Benaini","Radoslaw"
88809,"Basawa","Arne"
68996,"Tyugu","Kwangsub"
43681,"Yoshizawa","Abdelwaheb"
444647,"Schmiedel","Yurij"
421572,"Munch","Jacqueline"
260088,"Aloisi","Frazer"
479044,"Matheson","Conrado"
257024,"Parhami","Kwee"
201267,"Kavraki","Aiichiro"
97608,"Rodier","Janche"
457137,"Iivonen","Kagan"
418165,"Pehl","Kauko"
50083,"Waymire","Patricio"
477791,"Zweizig","Valdiodio"
265880,"Eugenio","Lokesh"
454400,"Vecchi","Gen"
283362,"Smailagic","Mrinalini"
63589,"Beerel","Nidapan"
469005,"Thibadeau","Shaw"
266637,"Gien","Youpyo"
246966,"Piazza","Ulf"
41637,"Chinal","Zita"
297152,"Hartvigsen","Fumiyo"
428930,"Pelc","Herb"
50096,"Androutsos","Hyuckchul"
14396,"Gubsky","Charmane"
437300,"Luef","Khun"
295978,"Piancastelli","Shugo"
229229,"Plavsic","Taizo"
49698,"Rikino","Lucien"
448584,"Swiss","Eben"
242931,"Gadepally","Ewing"
210308,"Chiodo","Maik"
205450,"Lung","Feiyu"
14187,"Peot","Susuma"
219391,"Nittel","Collette"
268897,"Camurati","Radhika"
207615,"Miake","Bedir"
33317,"Quittner","Baoqiu"
219801,"Ohori","Elliott"
469691,"Puppe","Nidapan"
294618,"Emmart","Kazunori"
93926,"Cusworth","Claude"
282319,"Magliocco","Morrie"
461338,"Pusterhofer","Doohun"
445904,"Mellouli","Kiyotoshi"
88889,"Ishibashi","Hitofumi"
79753,"Thorelli","Fabrizio"
462461,"Whitcomb","Remko"
54878,"Guenter","Baziley"
44299,"Feldhoffer","Shih"
250364,"Preusig","Hugh"
244935,"Zedlitz","Arto"
242237,"Papsdorf","Hidde"
448217,"Fadgyas","Lucien"
34386,"Berztiss","Freyja"
417867,"Cheshire","Baziley"
405792,"Pintelas","Dharmaraja"
451110,"Schapire","Kamakshi"
215902,"Narahara","Martina"
41702,"Petereit","Adit"
461448,"McClurg","Luisa"
85946,"Baca","Zhiwei"
293651,"Quittner","Oldrich"
472394,"Busillo","Wonhee"
25285,"Castellani","Nagui"
219039,"Schrift","Mrinalini"
445982,"Driscoll","Mahendra"
81835,"Lakshmanan","Margo"
248692,"Taubenfeld","Nadjib"
20728,"Sessa","Billie"
100574,"Bennet","Lucien"
107278,"Tibblin","Sachar"
272332,"Schwartzburd","Mang"
47132,"Alvarado","Freyja"
475247,"Lorcy","Ennio"
451116,"Waterhouse","Marl"
246904,"Armand","Carrsten"
448983,"Heuter","Katsuo"
236554,"Hofmeyr","Xiaoshan"
431135,"Zuberek","Marsja"
297239,"Heping","Hyuckchul"
76257,"Bratten","Yannik"
477267,"Covnot","Feipei"
268182,"Edelhoff","Kenroku"
19311,"Nitto","Aleksandar"
460920,"Mitzlaff","Remzi"
423798,"Azulay","Khun"
260453,"Braunschweig","Elvis"
58556,"Soicher","Marlo"
476068,"Mungall","Geoff"
297511,"Perko","Xiadong"
451849,"Hennings","Charlene"
419092,"Lienhardt","Sergi"
62137,"Baalen","Rosalyn"
203990,"Suermann","Shaz"
47180,"Monarch","Tesuro"
105501,"Luca","Murthy"
235379,"Cronin","Parke"
205407,"England","Charmane"
278249,"Nitto","Constantijn"
69787,"Rajcani","Manu"
452005,"Jiang","Tokuyasu"
280358,"Schahn","Kensyu"
54120,"Farrar","Gritta"
227647,"Bodoff","Danai"
419701,"Eugenio","Bader"
86732,"Schach","Atreye"
45392,"Eiter","Sanjoy"
443626,"Collette","Akeno"
421673,"Maksimenko","Valeska"
277557,"Cairo","Subhash"
18443,"Swick","Florina"
233600,"Angiulli","Sergi"
108914,"Gerteisen","Arne"
223877,"Gomatam","Martine"
20763,"Shobatake","Garnet"
221547,"Menhoudj","Abdulla"
418154,"Lambe","Shichao"
226779,"Cyne","Neven"
270178,"Bale","Van"
480997,"Cooke","Yishay"
444738,"Gargeya","Takahira"
455754,"Cappello","Suebskul"
288222,"Mahnke","Kiam"
244608,"Ranka","Marco"
213859,"Hammerschmidt","Felicidad"
101599,"Swiler","Jouni"
58517,"Stentiford","Zita"
250933,"Muniz","Beshir"
444436,"Uchoa","Subhrajyoti"
279660,"Rajcani","Elrique"
56719,"Bondorf","Pranav"
465519,"Heiserman","Denny"
296113,"Lampe","Sashi"
257525,"Weisert","Chuanyi"
227947,"Jarecki","Remmert"
107337,"Gire","Martine"
52125,"Mitzlaff","Suebskul"
87227,"Ranon","Jaana"
458373,"Warwick","Arno"
53656,"Chappelet","Nagui"
418335,"Dalton","Kwok"
401367,"Bazzichi","Janalee"
81913,"Christianini","Berry"
407068,"Bail","Woody"
19269,"Hmelo","Mara"
474862,"Chinin","Youpyo"
471272,"Baik","Teiji"
436605,"Duclos","Piyawadee"
411557,"Gulla","Vugranam"
283226,"Rabehasaina","Takahiro"
88969,"Horswill","Hatem"
60040,"Copas","Muneo"
450114,"Erdmenger","Duro"
290395,"Percebois","Janalee"
11723,"Bauknecht","Halsur"
205601,"Journel","Augustine"
66636,"Litecky","Kish"
49666,"Hertweck","Udi"
40294,"Kushner","Ingemar"
16484,"Redmiles","Remko"
254841,"Kranzdorf","Morris"
290668,"Maccarone","Shigeaki"
275495,"Yamaashi","Shen"
100586,"Murillo","Arra"
273894,"Giaccio","Shalesh"
412451,"Fasbender","Herb"
469368,"Curless","Bikash"
444284,"Kusakabe","Along"
288841,"Merlo","Sajjad"
221618,"Schaad","Piyush"
56887,"Itschner","Fabrizio"
103124,"Dalton","Ult"
86488,"Swen","Shigeichiro"
401900,"Waymire","Moon"
92700,"Ventosa","Valdiodio"
291411,"Heyers","Masasuke"
43013,"Petersohn","Mechthild"
475641,"Azevdeo","Girolamo"
200242,"Munke","Xiadong"
274592,"Zhang","Kwan"
24774,"Facello","Uno"
282805,"Jarecki","Feiyu"
297063,"Zwicker","Kersti"
460817,"Worfolk","Ewing"
221802,"Zhang","Randi"
299972,"Larfeldt","Youngkon"
480150,"Androutsos","Munir"
296649,"Lodder","Atreyi"
11892,"Lorys","Tesuro"
435462,"Swab","Ranga"
267722,"Cangellaris","Baruch"
403929,"Warwick","Arunachalam"
407899,"Edelhoff","Jongsuk"
81831,"Erol","Mantis"
73795,"Katiyar","Herb"
239143,"Radwan","Subhada"
56890,"Rajaraman","Zvonko"
106388,"Emiris","Nikolaos"
34919,"Hegner","Jaana"
61421,"Kamber","Shahab"
53096,"Bala","Kerryn"
415802,"Rosti","Honesty"
105021,"Hertweck","Shigenori"
277074,"Melski","Toshimo"
410680,"Trogemann","Kenroku"
251008,"Rotem","Mari"
437634,"Boissier","Mingdong"
106651,"Bardell","Youpyo"
12325,"Randt","Alassane"
258164,"Stemann","Heather"
60290,"Veccia","Kensyu"
200778,"Gips","Pranav"
455872,"Azulay","Shmuel"
70938,"Hiraishi","Gritta"
402601,"Blokdijk","Remko"
440939,"Maliniak","Masako"
425513,"Schiper","Danel"
453542,"Serdy","Shuichi"
476047,"Gimbel","Khoa"
63695,"Schreiter","Howell"
448300,"Menhardt","Tse"
430288,"Matzat","Zito"
411692,"Gulak","Willard"
406891,"Perl","Leucio"
39751,"Joslin","Kristof"
45404,"Biros","Uzi"
298286,"Suermann","Jingling"
263267,"Duclos","Doohun"
37426,"Farrag","Masaki"
288493,"Cullers","Arif"
213714,"Crabtree","Panayotis"
422910,"Sundgren","Iara"
261745,"Rajala","Reinhold"
227555,"Remmele","Monique"
402541,"Weisert","Zsolt"
225914,"Schicker","Panayotis"
18473,"Anily","Mabhin"
53746,"Erva","Manu"
451102,"Kaltofen","Barton"
425986,"Riefers","Rafael"
445271,"Eldridge","Eran"
235204,"Masada","Stamatina"
464302,"Solares","Bluma"
269985,"Kriebel","Mingsen"
21550,"Driscoll","Zhongwei"
471315,"Rande","Gritta"
404187,"Hambrick","Siamak"
223814,"Montemayor","Billur"
433587,"Pell","Gill"
33721,"Mellouli","Stevo"
453477,"Perl","Pantung"
88649,"Linares","Parke"
280954,"Cappelletti","Raimond"
101938,"Orsini","Lucian"
30803,"Potthoff","Hailing"
95413,"Strandh","Sachem"
39488,"Apsitis","George"
82444,"Slobodova","Along"
481592,"Mundy","Tuval"
297169,"Rousseau","Vincent"
243439,"Sinicrope","Zengping"
248072,"Francisci","Mack"
443632,"Conia","Bernd"
246253,"Jansen","Neven"
80029,"Hofmeyr","Kenroku"
85827,"Schach","Basant"
466527,"Eterovic","Shawna"
247596,"Georgakopoulos","Jenwei"
24114,"Blokdijk","Yuguang"
298826,"Luft","Uma"
223488,"Asmuth","Edwin"
403198,"Basagni","Rajmohan"
54009,"Capobianchi","Golgen"
20588,"Ramsak","Bilhanan"
34097,"Haddadi","Srinidhi"
439179,"Lanteri","Yurii"
92830,"Ranon","Masami"
23769,"Baik","Abdelaziz"
59693,"Penz","Cedric"
427180,"Kitsuregawa","Itzchak"
296207,"Cincotta","Girolamo"
411999,"Gopalakrishnan","Fumitake"
237338,"Akaboshi","Rildo"
25944,"Rodite","Youssef"
255563,"Rande","Heon"
75542,"Stenning","Hitomi"
429906,"Billawala","Zhaofang"
417599,"Limongiello","Larisa"
258966,"Janocha","Xinan"
227987,"Harllee","Remzi"
36350,"Rossi","Yoshimitsu"
429122,"McDermid","Shigenori"
24589,"Borstler","Saniya"
464513,"Coombs","Chenye"
70857,"Molenaar","Shalesh"
200511,"Gilg","Duke"
274009,"Desikan","Christoph"
440239,"Reeker","Satoru"
480587,"Trystram","Tonia"
449122,"Alameldin","Marin"
239663,"Ibel","Conor"
282425,"Bonifati","Tua"
458038,"Azumi","Radhia"
216993,"Pardalos","Avishai"
453628,"Shihab","Yoshinari"
421309,"Stanger","King"
201358,"Erdmenger","Toshimitsu"
449304,"Bernardinello","Herb"
468107,"Harnett","Xiaoheng"
215995,"Brookner","Kerryn"
283622,"Alpay","Ohad"
435362,"Munoz","Aluzio"
298996,"Siksek","Geoff"
228662,"Luks","Kazuhira"
247326,"Schmezko","Weidon"
205513,"Kalafatis","Pranay"
97140,"Back","Marl"
271342,"Couchot","Surveyors"
421147,"Perin","Teiji"
53868,"Angelov","Jixiang"
213927,"Serdy","Neelam"
298615,"Eiron","Tonny"
102950,"Schauser","Atreye"
277851,"Steenbeek","Gill"
437085,"Cooman","Insup"
98883,"Snedden","Shai"
475803,"Zweizig","Tzvetan"
426955,"Ashish","Sanjai"
476218,"Linnainmaa","Baoqiu"
41295,"Maginnis","Marlo"
283015,"Cummings","Lucian"
401148,"Marrakchi","Hyuckchul"
440483,"Luks","Amalendu"
207879,"Keohane","Marc"
52520,"Lovengreen","Tianruo"
295109,"Berstel","Mandell"
38810,"Roccetti","Pohua"
105441,"Haldar","Abdelghani"
402891,"Thambidurai","Basant"
95976,"Pews","Remko"
452135,"Jansen","Mori"
80404,"Vakili","Heon"
455055,"Malabarba","Val"
46488,"Byoun","Zhanqiu"
77899,"Pokrovskii","Falguni"
407398,"Azuma","Uwe"
80325,"Gruenwald","Bingning"
200585,"Krohn","Rosita"
406656,"Beausoleil","Susuma"
68314,"Katzenelson","Hitomi"
63307,"Herber","Sugwoo"
220552,"Dulli","Bernice"
63809,"Ponthieu","Adamantios"
267370,"Vilarrasa","Gal"
50135,"Hebert","Clyde"
410294,"Fendler","Khedija"
207868,"Kalsbeek","Girolamo"
456901,"Grabner","Josyula"
244072,"Demke","Chiranjit"
461482,"Pollock","IEEE"
479018,"Lambe","Narain"
101434,"Mitsuhashi","Gaurav"
65215,"Garnham","Joydip"
455009,"Birta","Udaiprakash"
259302,"Speckmann","Bernice"
234194,"Pettey","Jungsoon"
28958,"Wossner","Angel"
449979,"Trumbly","Mayuko"
80985,"Baaz","Bedrich"
97817,"Onuegbe","Thodoros"
242738,"Rando","Srinidhi"
94446,"Luke","Tomoyuki"
449307,"Pepe","Dines"
413549,"Henseler","Jouko"
89379,"Bisiani","Akeel"
67923,"Dayang","Paddy"
278568,"McAlpine","Hugo"
73999,"Krzyzanowski","Susanna"
69675,"Przulj","Masami"
36219,"Minakawa","Vivian"
440555,"Demos","Ulf"
435185,"Ullian","Frederique"
283953,"Raczkowsky","Szabolcs"
96618,"Gajiwala","Syozo"
273218,"Picci","Adel"
290845,"Lambe","Magy"
212427,"Impagliazzo","Abdelghani"
210857,"Serot","Denis"
289712,"Brookner","Karsten"
69474,"Syrotiuk","Heather"
282067,"Picci","Holgard"
223977,"Rossi","Greger"
58906,"Passafiume","Xumin"
252940,"Zallocco","Pragnesh"
421341,"Rassart","Shrikanth"
235736,"Lores","Bouchung"
473931,"Zumaque","Shaz"
212120,"Schneeberger","Sailaja"
63055,"Falco","Aleksandar"
423984,"Karcich","Zorica"
237450,"Haraldson","Mircea"
208689,"Barvinok","Hideo"
237253,"Bisiani","Jianhao"
210435,"Waymire","Xudong"
462063,"Pelc","Lech"
55859,"Jahnichen","Sachio"
252533,"Swiler","Zejun"
295125,"Wrigley","Limsoon"
103375,"Fioravanti","Khue"
78497,"Dulay","Edwin"
259670,"Eastman","Arumugam"
418562,"Khamsi","Owen"
434748,"Karlin","Moty"
222923,"Hmelo","Valeri"
27243,"Garigliano","Fumiya"
442163,"Hiltgen","Vasilii"
11197,"Fordan","Tadahiro"
258088,"Dahlbom","Xuejia"
103807,"Plesums","Pascal"
87425,"Junet","Theirry"
426039,"Snyers","Fabrizio"
248854,"Birdsall","Alper"
202647,"Kusalik","Shaowei"
271901,"Gecseg","Zine"
474586,"Wrigley","Masamitsu"
421697,"Iwayama","Marko"
446570,"Rabejac","Nakhoon"
470494,"Argence","Fabrizio"
219209,"Keohane","Ute"
290806,"Kroft","Dung"
108849,"Klerer","Georg"
94817,"Zielinski","Radhakrishnan"
75734,"Kavanagh","Alois"
463337,"Hennings","Miquel"
297275,"Leijenhorst","Rosli"
222545,"Conde","Baruch"
210272,"Krichel","Taisook"
206548,"Herbst","Nidapan"
276211,"Kawashimo","Augustine"
210543,"Terwilliger","Zhensheng"
206668,"Rabejac","Jaana"
91110,"Velardi","Ayonca"
286877,"Halloran","Yinghua"
70945,"Zwicker","Sugwoo"
426174,"Gips","Youjian"
200894,"Pusterhofer","Idoia"
447458,"Hanratty","Hitomi"
261058,"Conry","Hsiangchu"
59039,"Gornas","Martijn"
30840,"Demeyer","Luise"
67337,"Parascandalo","Alain"
289107,"Luef","Holgard"
243514,"Braunschweig","Subhankar"
67575,"Sundgren","Fatemeh"
275874,"Penttonen","Zongyan"
87792,"Kambil","Radoslaw"
428352,"Erez","Nikolaus"
403070,"Beidas","Aemilian"
210226,"Eiron","Tokuyasu"
36007,"Coullard","Radhika"
453833,"Narlikar","Richara"
440810,"Kampfer","Jaewoo"
100203,"Mayerwieser","Mayuri"
450059,"Porenta","TRUE"
443894,"Prochazka","Geraldo"
73319,"Fontan","Zhiwei"
466395,"Gist","Alain"
265921,"Pelz","Hauke"
54600,"Maquelin","Mahendra"
202254,"Waeselynck","Haldon"
426077,"Mandelberg","Goncalo"
78888,"Lung","Shimshon"
295590,"Hutter","Reuven"
430429,"Noriega","Goetz"
39002,"Peek","Wojceich"
292859,"Engelmann","Mikhail"
222054,"Sherertz","Chinho"
90356,"Krychniak","Serenella"
469723,"Couchot","Kellyn"
434056,"Millington","Arfst"
24807,"Garnham","Valeri"
440413,"Renear","Godehard"
278629,"Wossner","Rosine"
272662,"Zhiwei","Murthy"
421531,"Schauser","Shim"
206857,"Leijenhorst","Emran"
275763,"Mapelli","Arch"
272625,"Roccetti","Hitomi"
259863,"Siegrist","Jovan"
415157,"Ananiadou","Insup"
292402,"Juneja","Pranay"
288533,"Siprelle","Elvis"
23070,"Jeong","Heejo"
207134,"DuCasse","Boalin"
50139,"Mullainathan","Genki"
446600,"Radwan","Yuguang"
277198,"Zielinski","Sukumar"
216057,"Sichman","Khaled"
64353,"Legleitner","Sachin"
478075,"Stavenow","Alexius"
270223,"Luft","Navid"
221572,"Siprelle","Shan"
446234,"Zielinski","Rafail"
419078,"Bolotov","Shiv"
238572,"Keohane","Shin"
96547,"Vanwelkenhuysen","Jeong"
204663,"Argence","Eldridge"
469054,"Senzako","Pradeep"
47131,"Yoshizawa","Tsutomu"
94061,"Conde","Kazuhisa"
434264,"Bamford","Chiranjit"
227821,"Uhrik","Branimir"
205015,"Chachaty","Basim"
31830,"Ossenbruggen","Angel"
245356,"Varker","Ranan"
256385,"Candan","Goetz"
441405,"Birta","Wojceich"
269924,"Berstel","Francoise"
21304,"Cardazo","Serge"
409779,"Huttel","Frazer"
299738,"Wossner","Luerbio"
269043,"Kaltofen","Phillip"
59182,"Hockney","Susanne"
453869,"Badache","Chinya"
246165,"Spinelli","Hironobu"
246101,"Sherertz","Karoline"
213969,"Bratsberg","Tomoyuki"
60830,"Papastamatiou","Zvonko"
247370,"Sgarro","Navin"
68116,"Constantine","Shigeaki"
61636,"Engberts","Gil"
403979,"Morrin","Xinglin"
400605,"Stenning","Berthier"
265152,"Otillio","Subhrajyoti"
207435,"Lindenbaum","Satosi"
417160,"Benaini","Chandrasekaran"
459617,"Pollacia","Sangeeta"
222824,"Coorg","Kazuhito"
83574,"Masamoto","Gonzalo"
414234,"Borovoy","Tamiya"
412439,"Berztiss","Shaowen"
263972,"Bael","Kamakshi"
220653,"Flanders","Guenter"
266219,"Coullard","Abdelwaheb"
443759,"Comte","Branimir"
473648,"Wilfing","Mokhtar"
223796,"Bouloucos","Remco"
435763,"Luca","Fabrizio"
84263,"Henseler","Jackson"
243318,"Perfilyeva","Sachem"
11150,"Garigliano","Geraldo"
73793,"Gomatam","Xudong"
459669,"Nishimukai","JiYoung"
414671,"Feinberg","Salvador"
266933,"Piveteau","Djelloul"
218534,"Theuretzbacher","Huai"
474088,"Muhlberg","Dmitry"
213144,"Luon","Patricio"
101085,"Begiun","Byong"
421967,"McDermid","Fumitake"
25999,"Krybus","Snehasis"
241811,"Brickell","Arunachalam"
227771,"Einsfeld","Zhenbing"
36056,"Schaar","Mingsen"
471116,"Rodite","Remco"
277317,"Conte","Hyuckchul"
202709,"Anguita","Gay"
240210,"Mundy","Uma"
226748,"Pietrzykowski","Vojin"
44302,"Zolotykh","Nishit"
53582,"Bauknecht","Bilhanan"
450910,"Bodoff","Niranjan"
477298,"Denny","Zengping"
258331,"Neiman","Chuanti"
468342,"Birge","Golgen"
234824,"Ertl","Masako"
403104,"Parfitt","Vasilis"
45256,"Puppo","Berry"
260918,"Edelhoff","Gaetan"
446410,"Ishibashi","Marek"
219462,"Uludag","Quingbo"
241676,"Kawashimo","Taizo"
286008,"Ozery","Shigeu"
280964,"Hettesheimer","Vidya"
297285,"Brodie","Alagu"
455164,"Wilfing","Khosrow"
27851,"Terlouw","Valeska"
259733,"Eiter","Aiman"
467587,"Gargeya","Giri"
443432,"Hebert","Sangeeta"
479913,"Mellouli","Takushi"
443303,"Fadgyas","Nadjib"
206334,"Gajiwala","Supot"
12537,"Gonthier","Avishai"
64406,"Chepyzhov","Wayne"
267137,"Matteis","Piyush"
260492,"Bolotov","Saniya"
55362,"Picht","Boriana"
456966,"Rissanen","Kiam"
467524,"Pearson","Youngkon"
405095,"Benzaken","Aiichiro"
101316,"Mandell","Carrsten"
92231,"Rikino","Mana"
246327,"Rattan","Shahar"
230868,"Poulakidas","Zengping"
255700,"Ghalwash","Paloma"
50294,"Cronan","Arto"
212266,"Schwartzburd","Hailing"
262519,"Knightly","Jamaludin"
37350,"Rassart","Hidefumi"
284817,"Fioravanti","Ghassan"
101555,"Erez","Lihong"
253503,"Brendel","Tsz"
240860,"Hooghiemstra","Kwangho"
56135,"Bade","Heping"
104312,"Hettesheimer","Suzette"
79733,"DeMori","Lobel"
290448,"Hofstetter","Tomokazu"
476115,"Boissier","Fuqing"
401357,"Liesche","Weiru"
431538,"Jeong","Dzung"
246713,"Shrader","Mamdouh"
238499,"Picht","Tristan"
454616,"Castellani","Avishai"
438172,"Marakhovsky","Haldon"
279972,"Gecsei","Jianhua"
62595,"Akazan","Shietung"
60441,"Capobianchi","Yakkov"
422802,"Fortenbacher","Maris"
268851,"Gustavson","Toshiko"
33356,"Crelier","Cullen"
250598,"Itschner","Kristinn"
247013,"Versino","Jaewon"
273555,"Standera","Ortrun"
74037,"Dechter","Taizo"
63376,"Peir","Kiyotoshi"
11360,"Schach","Fen"
424895,"Randt","Nechama"
479293,"Bage","Chandrasekaran"
429423,"Servi","Mabhin"
406868,"Bratten","Noritoshi"
265420,"Glinert","Bader"
71896,"Zobel","Magdalena"
454623,"Eiter","Bernice"
107309,"Erde","Siddarth"
457174,"Veldwijk","Masako"
70883,"Munoz","Manton"
17482,"Bottner","Basant"
266570,"Ranka","Weiye"
53226,"Koyama","Yurij"
75822,"Dayang","Unal"
51640,"Munro","Remco"
67244,"Gomatam","Zita"
31557,"Kalafatis","Denny"
409836,"Senzako","Guozhong"
241396,"Bail","Ayakannu"
230845,"Rodier","Maja"
71964,"Rosca","Sampalli"
414835,"McDermid","Rosalie"
57447,"Schieder","Herbert"
422923,"Sullins","Chikako"
284195,"Bouloucos","Mona"
404678,"Larfeldt","Emran"
64101,"Matzat","Sorina"
288802,"Champarnaud","Hideyuki"
99693,"Muhlberg","Gurbir"
465382,"Heijenga","Conrado"
260917,"Gruenwald","Mantis"
21951,"Swen","Sailaja"
73863,"Aloisi","Somnath"
457481,"Wursthorn","Lena"
269092,"Kavvadias","Bernice"
60846,"Chelton","Phule"
30302,"Sankaranarayanan","Amstein"
424860,"Siepmann","Steen"
70873,"Callaway","Kiam"
55085,"Dratva","Dekang"
406847,"Crouzet","Alexius"
288398,"Schiper","Hitofumi"
280236,"Vingron","Sadegh"
270513,"Serna","Harngdar"
426926,"Fioravanti","Khalil"
82611,"Akiyama","Mabo"
51875,"Ferriere","Xiaoqiang"
284957,"Rusmann","Evgueni"
414069,"Ramsay","Pasqua"
446553,"Baaz","Chikako"
11057,"Vural","Adly"
260087,"Hiraishi","Jianhao"
208746,"Schaaf","Hatsukazu"
221882,"Aloia","Sahrah"
79121,"Greibach","Satoru"
47427,"Gerteisen","Divier"
203578,"Codenie","Vojin"
83421,"Speel","Neelam"
426710,"Narahari","Gaetan"
452096,"Foong","Jahangir"
12296,"Garnier","Kendra"
427539,"Ebeling","Divine"
14621,"Wixon","Souichi"
264727,"Tyugu","Taisook"
96076,"Kruskal","Taegyun"
41960,"Pavlopoulou","Make"
469885,"Suomi","Insup"
262557,"Barriga","Rosalie"
428448,"Schrift","Gen"
232279,"Speek","Mechthild"
281971,"Desikan","Horward"
10864,"Spieker","Elliott"
240120,"Axelband","Uri"
427698,"Schapire","Siddarth"
69187,"Casley","Evgueni"
437395,"Thambidurai","Sumant"
220611,"Babb","Yuping"
109101,"Hennings","Xianlong"
427463,"Lund","Uzi"
263815,"Wiegley","Maik"
59218,"Millington","Jungsoon"
57881,"Demeyer","Giap"
403885,"Erman","Susanna"
418656,"Egerstedt","Aluzio"
32724,"Janocha","Alselm"
289475,"Liesche","Goo"
435934,"Luff","DeForest"
74957,"Ducloy","Berni"
430753,"Mitsuhashi","Hongzue"
209266,"Parascandalo","Willard"
85478,"Ghandeharizadeh","Ortrud"
447776,"Maliniak","Toney"
98267,"Zwicker","Lihong"
284113,"Birch","Greger"
293703,"Munawer","Serap"
27696,"Genther","Fen"
31266,"Compeau","Barna"
41602,"Perl","Evgueni"
452916,"Shinomoto","Rosalyn"
57661,"Ghalwash","Conrado"
45045,"Flowers","Giap"
460668,"Ranai","Mingsen"
103664,"Codenie","Xiaoqiu"
402918,"Denos","Behnaam"
271395,"Peak","Shuji"
101906,"Jording","Boutros"
477754,"Taubman","Parviz"
460031,"Cooke","Dekang"
236548,"Swiler","Nakhoon"
55797,"Ranft","Jaewon"
452687,"Wissmann","Moss"
411380,"Schwartzbauer","Berna"
474364,"Mawatari","Gad"
400220,"Zwicker","Jagoda"
273426,"Quaggetto","Akhilish"
39460,"Kroon","Kwangho"
77168,"Hofstetter","Mihalis"
45818,"Rabehasaina","Lenore"
403990,"Sidhu","Masato"
69959,"Honiden","Tsuneo"
466777,"Comte","Marit"
96230,"Slutz","Holgard"
285971,"Gimbel","Guenter"
11801,"Dayang","Tommaso"
12658,"Farris","Laurentiu"
432073,"Vendrig","Leif"
258790,"Narahara","Hidekazu"
242189,"Monkewich","Boalin"
287428,"Tiemann","Niteen"
426099,"Sherertz","Alair"
217250,"Akiyama","Hongzue"
12321,"Schicker","Heekeun"
244977,"Stafford","Luise"
415507,"Kolvik","Youjian"
220178,"Hoogerwoord","Geoffry"
449567,"Panienski","Danny"
66229,"Mayerwieser","Dannz"
214805,"Marshall","Arlette"
62833,"Callaway","Pramod"
16034,"Conta","Pramod"
448538,"Anger","Gunilla"
405583,"Reeker","Gretta"
61677,"Lanteri","Chuanti"
229355,"Stellhorn","Sajjan"
457576,"Luby","Toney"
237306,"Passafiume","Masoud"
22043,"DuCasse","Bogdan"
402151,"Rajaraman","Gennady"
104924,"Schurmann","Bernardo"
94462,"Lukaszewicz","Sadegh"
411700,"Yoshimura","Otmar"
288630,"Bresenham","Magdalena"
81127,"Seiwald","Chuanyi"
238479,"Pintelas","Yongmin"
234393,"Azumi","Shuky"
71231,"Gargeya","Matk"
455329,"Kornatzky","Radhia"
417691,"Coney","Boriana"
289051,"Bade","Mona"
63443,"Krider","Yoshinari"
14397,"Hardjono","Feixiong"
242641,"Yavatkar","Kamakshi"
95935,"Bolsens","Aran"
244852,"Cools","Shounak"
49343,"Rosch","Moni"
37577,"Narwekar","Mansur"
21565,"Callaway","Xiadong"
90851,"Baig","Kristen"
40984,"Ruther","Snehasis"
427079,"Ligten","Kazuyasu"
204970,"Bahl","Alois"
201090,"Babu","Susumu"
81134,"Iacovou","Toshimi"
289050,"Peltason","Tayeb"
30063,"Krybus","Krister"
470771,"Garnick","Reinhard"
91710,"Rohrbach","Tesuro"
207030,"Wuwongse","Alselm"
280815,"Plotkin","Haldun"
107901,"Honiden","Munir"
252317,"Erie","Murthy"
79378,"Lorho","Odinaldo"
436598,"Schlenzig","Leen"
241897,"Zongker","Patricio"
67512,"Constantine","Nigel"
421445,"Liesche","Danai"
278271,"Gammage","George"
52828,"Merey","Serenella"
61665,"Pouyioutas","Brigham"
289144,"Lammel","Berto"
437985,"Munke","Reuven"
264179,"Eldridge","Takahira"
439061,"Eiron","Kazunori"
261082,"Oskamp","Brigham"
226025,"Reutenauer","Poornachandra"
106444,"Wossner","Susanna"
88196,"Dulin","Francesca"
449940,"Pettis","Charlene"
279174,"Vitiello","Kirk"
69345,"Denos","Brigham"
200951,"Brender","Shalesh"
106712,"Pews","Hugh"
16918,"Shumilov","Ekawit"
239587,"Viele","Shichao"
266556,"Bernardeschi","Katsuo"
448709,"Cooke","Nahla"
258639,"Olano","Toshimo"
466189,"Shanbhogue","Weiwu"
87247,"Heping","Marie"
84695,"Kohling","Yuchang"
277638,"Sewelson","Manu"
200684,"Cullers","Srinidhi"
289898,"McConalogue","Manohar"
242172,"Wolniewicz","Munehiko"
13606,"Feldmann","Tuval"
60580,"Shihab","Aiichiro"
246800,"Grandbois","Bluma"
39871,"Stasinski","Torsten"
427783,"Alameldin","Gennady"
39095,"Linares","Jeane"
34679,"Soicher","Mayuri"
59148,"Schaar","Xiaopeng"
449655,"Backhouse","Thodoros"
295878,"Randt","Masato"
20187,"Chinen","Annemarie"
245414,"Bardell","Udi"
428963,"Braunschweig","Pintsang"
84548,"Argence","Ranga"
476135,"Ramsay","Ult"
89423,"Chiodo","Angus"
89389,"Poulakidas","Mayumi"
280862,"Sigstam","Leen"
17797,"Solares","Yefim"
108463,"Bamford","Tetsushi"
436895,"Wursthorn","Bluma"
16262,"Hatcliff","Tsuneo"
248995,"Kuszyk","Turgut"
232882,"Pepe","Zhigen"
278008,"Merle","Krassimir"
25518,"Milicic","Shiv"
238905,"Zielinski","Alain"
412778,"Gyorkos","Zeydy"
297232,"Saoudi","Lokesh"
22890,"Kroha","Rosli"
22572,"Debuse","Clyde"
239818,"Radivojevic","Phuoc"
206428,"Salinas","Phillip"
21311,"Smailagic","Niclas"
425751,"Brickell","Basem"
262544,"Zhang","Claude"
220642,"Srimani","Cathie"
403119,"Goodrum","Zhongwei"
100492,"Tibblin","Vincent"
102658,"Businaro","Xumin"
105178,"Pesch","Sadok"
446166,"Pero","Bedrich"
402865,"Peris","Persi"
211434,"Peng","Keung"
98076,"Claffy","Elrique"
442988,"Streit","Moheb"
46972,"Rahimi","Srinidhi"
270752,"Erde","Sandeepan"
480439,"Frijda","Kenton"
34794,"Silva","Aleksander"
38108,"Gustavson","Falguni"
42986,"Heydon","Shietung"
278842,"Lowrie","Marin"
284620,"Suri","Guther"
22406,"Bellmore","Vincent"
203905,"Eiter","Tru"
94274,"Gente","Dipankar"
90290,"Cyre","Masato"
271570,"Welham","Steen"
109186,"Keohane","Serge"
228685,"Zolotykh","Peer"
474216,"Uchoa","Kristof"
203156,"Crouzet","Cristinel"
73526,"Hiyoshi","Ger"
90529,"Hmelo","Gianluca"
464571,"Beausoleil","Larisa"
439258,"Ossenbruggen","Ashish"
272324,"Feinberg","Toshiko"
223276,"Mukaidono","Goo"
296517,"Sifakis","Prodip"
435603,"Fraisse","Nathalie"
69534,"Olano","Abdelkader"
11089,"Henders","Conal"
439910,"Reistad","Kitty"
401256,"Erva","Gennadi"
451049,"Melichar","Udo"
279441,"Takkinen","Sahrah"
49714,"Garrabrants","Kirk"
412485,"Gide","Michaela"
237716,"Ghazalie","Uriel"
479056,"Demian","Kasidit"
464523,"Koshiba","Berry"
437848,"Litzler","Aemilian"
101327,"Lieblein","Kristine"
22161,"Pezzoli","Kazuhito"
439983,"Peron","Jianwen"
271548,"Demizu","Kiyokazu"
76346,"Molenaar","Zhanqiu"
424995,"Bale","Jouni"
62334,"Aseltine","Uta"
51047,"Matteis","Seshu"
60183,"Ramsey","Gadiel"
204329,"Lamparter","Premsyl"
70257,"Saoudi","Kiyomitsu"
231920,"Talmor","Munenori"
473035,"Erdi","Kwangsub"
291132,"Czap","Kaijung"
279715,"Szmurlo","Xiping"
103118,"Petersohn","Sasan"
211279,"Munawer","Shiv"
223116,"Swen","Inderjeet"
429778,"Kavanagh","Moti"
233450,"Mahmud","Toshiki"
256410,"Landherr","Aimee"
292927,"Condotta","Hauke"
227084,"Dratva","Sajjad"
87628,"Alameldin","Sibyl"
39952,"Sudbeck","Otmar"
228080,"Brattka","Perla"
432161,"Miara","Maia"
279622,"Baaleh","Yefim"
283563,"Prenel","Jaber"
275120,"Aamodt","Jaideep"
217917,"Krzyzanowski","Stella"
400326,"Lores","Fabrizio"
298478,"Honglei","Giordano"
263176,"Kaminger","Yuqun"
37485,"Lyonns","Nidapan"
218714,"Karlin","Tsuneo"
460628,"Kaiserswerth","Nalini"
278789,"Leijenhorst","Bodo"
33269,"Trelles","Sugwoo"
449174,"Setia","Yuichiro"
70333,"Heuser","Mrinalini"
477312,"Ramalingam","Fay"
457366,"Barriga","Gennadi"
89901,"Akazan","Mariusz"
49823,"Krupka","Moon"
412057,"Rijckaert","Danai"
248508,"Schicker","Thodoros"
218146,"Hambrick","Manibrata"
98784,"Aumann","Arno"
422662,"Ulupinar","Masali"
440517,"Bashian","Armond"
18492,"Brickell","Turgut"
231877,"Aloia","Weijing"
277147,"Gaughan","Domenico"
448825,"Naudin","Mayumi"
266012,"Vieri","Satosi"
224305,"Baer","Jaideep"
247376,"Simmel","Selwyn"
467520,"Onuegbe","Xianlong"
18258,"Hiroyama","Matt"
260907,"Veevers","Paddy"
205918,"Ghandeharizadeh","Lihong"
86194,"Borovoy","Lubomir"
460393,"Kohling","Dmitri"
270894,"DuBourdieux","Mads"
105305,"Olano","Lijie"
428020,"Tiemann","Toshimitsu"
439811,"Olano","Kristin"
289533,"Kornyak","Gennady"
242549,"Bolotov","Hatsukazu"
432179,"Ohori","Dipayan"
476573,"Munoz","Toong"
274221,"Matzen","Aemilian"
75018,"Erdi","Spyrose"
74965,"Babu","Owen"
476905,"Wossner","Mohan"
235317,"Gerteisen","Sorina"
254753,"Grospietsch","Iara"
285169,"Gronowski","Marlo"
58224,"Gornas","Shugo"
24147,"Piancastelli","Tsutomu"
245903,"Schaaf","Shigeaki"
93932,"Parveen","Giap"
244148,"Heusch","Chikako"
229606,"Dulli","Manibrata"
473553,"Ratzlaff","Constantine"
437667,"Cannata","Fan"
279841,"Nishimukai","Shimshon"
77351,"Piveteau","Genta"
39059,"Steenbeek","Kirk"
244634,"Nooteboom","Martine"
457358,"Cunliffe","Xinyu"
260405,"Syang","Xiaocheng"
11579,"Merel","Jinxi"
260231,"DeMori","JiYoung"
451249,"Makrucki","Djelloul"
93991,"Pardalos","Sivanarayana"
428553,"Plotkin","Kerryn"
214204,"Glowinski","Alexius"
252368,"Rabehasaina","Chenyi"
469958,"Orlowska","Mikhail"
105964,"Rouquie","Baziley"
27525,"Jiang","Alejandra"
247691,"Oberman","Mechthild"
211373,"Kambil","Mikhail"
40031,"Orlowski","Luerbio"
249102,"Lamma","Aimee"
252480,"Bottner","Youjian"
281652,"Sridhar","Berni"
208364,"Codenie","Shigeo"
464491,"Osgood","Nadjib"
453514,"Aumann","Lobel"
101326,"Karunanithi","Lein"
41428,"Bierbaum","Shai"
62323,"Bardell","Sajjad"
479269,"Gelosh","Ult"
11269,"Slutz","Garnik"
17436,"Munawer","Chirstian"
255039,"Leaver","Chuanti"
290935,"Pero","Thanasis"
268084,"Leslie","Manibrata"
201885,"Tsukuda","Heng"
472365,"Schrift","Demin"
454315,"Matzel","Mingdong"
440309,"Masaki","Aral"
267619,"Lienhardt","Zengping"
107113,"VanScheik","Sushant"
54099,"Solares","Sanjeeva"
260651,"Bazzichi","Foong"
90002,"Krupka","Berhard"
84110,"Lores","Kazuhiro"
466306,"Oxman","Waiman"
261800,"Schrooten","Angel"
455922,"Iacovou","Moto"
259948,"Sichman","Bouchung"
403052,"Boyle","Tsz"
408033,"Greibach","Mahendra"
288813,"Noriega","Licheng"
235673,"Leonhardt","Danil"
448588,"Broder","Sukumar"
240209,"Sommer","Danil"
109379,"Rindone","Ramya"
411372,"Munch","Nahid"
100077,"Ebeling","Chinya"
38894,"Schach","Martijn"
220448,"Koblick","Marsha"
444314,"Siprelle","Premsyl"
242792,"Uludag","Hailing"
476546,"Denis","Syozo"
236065,"Khamsi","Yishay"
263860,"Erez","Navin"
10536,"Sambasivam","Yechiam"
251858,"Benzmuller","Elgin"
433916,"Muhlberg","Genta"
452751,"Erie","JiYoung"
248926,"Ozery","Mark"
28761,"Birdsall","Xiping"
86978,"Luks","Lunjin"
222885,"Basart","Jiafu"
37446,"Heusch","Sorina"
21673,"Llado","Shigehito"
29962,"Thebaut","Hideo"
430101,"Veeraraghavan","Dekang"
416076,"Junet","Kenton"
23208,"Merkl","Kousuke"
438164,"Linnainmaa","Bojan"
52625,"Papastamatiou","Heeju"
32607,"Valiente","Diederik"
464622,"Liesche","Minghong"
258930,"Mateescu","Constantijn"
424049,"Uhrik","Sanjoy"
409560,"Lorch","Chuanti"
409195,"Zultner","JiYoung"
16788,"Huttel","Hugh"
12800,"Hettesheimer","Tiina"
205187,"Schueller","Shaleah"
446934,"Sullins","Naraig"
430497,"Rissanen","Juyoung"
424466,"Gubsky","Hyuncheol"
282037,"Poulakidas","Wojceich"
214748,"Erbe","Marsal"
47089,"Guardalben","Radhia"
10355,"Cochrane","Satyanarayana"
43324,"Nyanchama","Oscar"
246497,"Shumilov","Billie"
10655,"Dalton","Remko"
457896,"Gaughan","Siddarth"
441411,"Olivero","Sadegh"
294119,"Albarhamtoshy","Oldrich"
461823,"dAstous","Bogdan"
292838,"Servi","Jaewoo"
281738,"Syrzycki","Khalil"
282961,"Coney","Guoxiang"
37580,"Georg","Alair"
465458,"Qiwen","Indrajit"
99602,"Pellegrinelli","Saeko"
277577,"Ruemmler","Arvin"
249468,"Ibel","Yakkov"
209948,"Dolinsky","Dekang"
280554,"Flanders","Yongqiao"
39331,"Tramer","Evgueni"
258011,"Berztiss","Ramya"
206928,"Lovengreen","Hinrich"
429900,"Munro","Mohan"
248852,"Kalloufi","Oldrich"
89887,"Munro","Zhonghui"
422371,"Worfolk","Achilleas"
11881,"Staelin","Arra"
408182,"Khamsi","Satoru"
407071,"Matheson","Cordelia"
89352,"Ramamoorthy","Mitchel"
10981,"Dulin","Sugwoo"
467260,"Zeidenstein","Vishv"
480686,"Keohane","Mingsen"
421698,"Billawala","Flemming"
75306,"Dayana","Aluzio"
470692,"Jumpertz","Aloys"
200093,"Kruskal","Mats"
438503,"Perko","Gully"
294779,"Valiente","Mountaz"
299552,"Onuegbe","Mark"
41750,"Shokrollahi","Shai"
206847,"Akazan","Luise"
228000,"Mahmud","Munehiko"
35353,"Nitta","Valdiodio"
289213,"Veldwijk","Jolita"
32842,"Bierman","Jolita"
271847,"Takanami","Valdiodio"
262383,"Gyorkos","Mingsen"
202658,"Decleir","Kamakshi"
104401,"Rosay","Kwun"
208464,"Narahara","Sanjeeva"
257424,"Oxman","Tomofumi"
278948,"Conde","Constantine"
270234,"Munck","Demos"
74372,"Cincotta","Gererd"
248272,"Orlowska","Yongmao"
462276,"Siegrist","Moto"
222656,"Gente","Aluzio"
258222,"Klerer","Arunachalam"
406275,"Shokrollahi","Izaskun"
439112,"Solares","Mitchel"
64107,"Zastre","Subhrajyoti"
19153,"Zedlitz","Subbu"
277122,"Heusch","Gay"
289747,"Casperson","Alagu"
418302,"Rassart","Patricia"
227220,"Gist","Amabile"
428617,"Stassinopoulos","Haldon"
252196,"Knightly","Kazunori"
241551,"Bail","Kerryn"
207327,"Luck","Anoosh"
66919,"Rotem","Subhankar"
18882,"Middleton","Gian"
269577,"Kriebel","Hideo"
244882,"Luft","Mingdong"
38012,"Beznosov","Quingbo"
279606,"Beerel","Mabhin"
457095,"Baba","Sastry"
430970,"Solares","Elzbieta"
80745,"Huttel","Rimli"
36381,"Auyong","Chrisa"
208077,"Journel","Gita"
62359,"Polupanov","Bartek"
204010,"Rindone","Shigehiro"
240928,"Unni","Shahaf"
433216,"Nanard","Weiye"
254416,"Manders","Adel"
471118,"Fetvedt","Weiwu"
49656,"Hutton","Tetsurou"
281016,"Yavatkar","Boriana"
105955,"Reistad","Bader"
67824,"Luga","Gunilla"
443039,"Pepe","Kristian"
71200,"Khalid","Gennadi"
434304,"Rathonyi","Younwoo"
201845,"Rosin","Vitali"
237554,"Benner","Muzhong"
105127,"Oxman","Gilbert"
29868,"Badr","Barun"
411185,"Marrakchi","Abdelkader"
27945,"Mansanne","Fumiyo"
282412,"Mersereau","Mabry"
13043,"Kobuchi","Keiichiro"
79457,"Sabnani","Zhensheng"
289018,"Hinsberger","Zongyan"
459880,"Strandh","Arvind"
91162,"Zeidenstein","Mabry"
288640,"Krone","Howell"
288331,"Varker","Edwin"
251812,"Suomi","Doohun"
245033,"Chinen","Xinglin"
278337,"Massonet","Fan"
263569,"Gips","Barun"
255759,"Bellone","Jianwen"
72894,"Aingworth","Mingzeng"
299536,"Baumann","Fun"
405428,"Stafford","Rance"
277500,"Nourani","Chiradeep"
442070,"Otillio","Rutger"
236216,"Uhrik","Salvador"
422977,"Shimshoni","Uri"
254807,"Camarinopoulos","Vidya"
221318,"Dusink","Soenke"
439867,"McClurg","Kwun"
480735,"Haddadi","Ayakannu"
78513,"Rosis","Kwangsub"
296856,"Weiland","Naraig"
435674,"Mandell","Sanjay"
481275,"Hebden","Abdelaziz"
431972,"Sankaranarayanan","Akeel"
280898,"Ratzlaff","Oguz"
88162,"Maksimenko","Indrajit"
428556,"Nannarelli","Jasminko"
89834,"Lieberherr","Guangming"
454785,"Babb","Aemilian"
210015,"Piancastelli","Dung"
16513,"Auria","Toney"
240900,"Moffat","Yaghout"
69961,"dAstous","Tremaine"
220742,"Tagansky","Rosella"
229917,"Morrey","Saeko"
12705,"Driscoll","Dung"
200041,"Linares","Vishwani"
282663,"Jahnichen","Sreenivas"
254449,"Koshiba","Ibibia"
253882,"Kolvik","Georgi"
424750,"Flanders","Huiqun"
238389,"Perfilyeva","Etsuo"
11212,"Peternell","Teruyuki"
80777,"Belinskaya","Xinglin"
29451,"Suppi","Tomoyuki"
11530,"Jarecki","Oscar"
294358,"Nilsson","Mamdouh"
69704,"Strandh","Uzi"
403112,"Laventhal","Toshimitsu"
464317,"Talmon","Shigehito"
36012,"Pews","Krisda"
430420,"Ertl","Dhritiman"
234888,"Bashian","Moss"
240258,"Bojadziev","Zsolt"
432621,"Kuzuoka","Kazuhiro"
411139,"Sevcikova","Muneo"
56453,"Assaf","Evgueni"
265571,"Marwedel","Hironoby"
226695,"Ishibashi","Shaowei"
210158,"Chenney","Sreekrishna"
52541,"Panangaden","Heather"
298264,"Kolvik","Adit"
219701,"Lund","Junichi"
79318,"Tetzlaff","Nectarios"
272637,"Greibach","Remzi"
420063,"Schneeberger","Harjit"
473639,"Chiola","Rasiah"
250994,"Karnin","Yucai"
235511,"Bisiani","Marco"
439138,"Stranks","Geoffry"
266680,"Lamba","Qingxiang"
95561,"Gyorkos","Nevio"
43468,"Katzenelson","Stepehn"
298227,"Merkl","Filipp"
448243,"Fraisse","Mack"
212307,"Kirkerud","Leni"
63714,"Pargas","Richara"
63071,"Hoogerwoord","Faiza"
283495,"Trogemann","JoAnne"
219329,"Heiserman","Holgard"
99784,"Cesareni","Yishai"
404654,"Cincotta","Lillian"
102599,"Setia","Aran"
79485,"Heystek","Christoph"
293882,"Malinowski","Alain"
93130,"Neimat","Kwun"
231494,"Ressouche","DAIDA"
207533,"Akazan","Faiza"
104251,"Kakkad","Reuven"
50989,"Llado","Bojan"
459843,"Aloia","Weidon"
93292,"Karunanithi","Kazuyasu"
80911,"Collette","Navid"
457670,"Journel","Gen"
226878,"Furedi","Abdulah"
27800,"Sommer","Baruch"
260177,"Francisci","Sanjoy"
279137,"Ullian","Chenye"
457602,"Bazzichi","Zhigen"
419867,"Hiltgen","Jovan"
461450,"Hinsberger","Xiaoshan"
281278,"Muhling","Aamod"
457921,"Hennebert","Hidde"
93634,"Chelton","Dietrich"
23362,"Yurek","Youjian"
441952,"Murrill","Manton"
420874,"Hiyoshi","Jinya"
223793,"Baaz","Naftali"
53694,"Riefers","Jeanne"
208333,"Isard","Martine"
63929,"Veldwijk","Munir"
404466,"Rosaz","Kristina"
298892,"Cannata","Alejandro"
400153,"Luce","Danai"
48913,"Facello","Danny"
51742,"Gulak","Nishit"
299957,"Murillo","Macha"
459435,"Ramsay","Georgy"
443799,"Kavraki","Zhonghui"
251931,"Fetvedt","Zeydy"
428327,"Straney","Leni"
421859,"Heyers","Renee"
28561,"Speek","Basem"
297835,"Simkin","Yaghout"
28742,"Lanzelotte","Gully"
434690,"Hammerschmidt","Zijian"
230572,"Gulak","Sudhanshu"
434779,"Czap","Yinghua"
211521,"Luft","Randy"
462025,"Bahk","Shem"
459377,"Hiyoshi","Jaber"
440464,"Naumovich","Kazuhiko"
409222,"Murrill","Jungsoon"
254483,"Parveen","Rosalyn"
60448,"Irland","Piyush"
12656,"Morton","Seshu"
440353,"Monarch","Sigeru"
200880,"Matheson","Francesca"
423601,"Mersereau","Charmane"
434978,"Parhami","Hitofumi"
418855,"Granlund","Piyawadee"
98354,"Vingron","Goncalo"
14429,"Koblick","Marek"
458787,"Brandsma","Katsuyuki"
436770,"Hellwagner","Mitchel"
472897,"Radwan","Sachar"
283949,"Kroft","Ioana"
48928,"Atchley","Shai"
444759,"Lortz","Weijing"
444583,"Pillow","Moss"
13632,"Brattka","Teiji"
275191,"Skafidas","Weicheng"
471507,"Junot","Heeju"
230099,"Fadgyas","Maia"
75810,"Christianini","Xumin"
215462,"Mansanne","Abdulah"
200205,"Henders","Shugo"
467490,"Nannarelli","Salvador"
253613,"Brender","Chaoyi"
67025,"Joslin","Yongqiao"
247538,"Verspoor","Fatemeh"
242651,"Millington","Kenroku"
217559,"Cappelli","Taizo"
22286,"Kalefeld","Gen"
268398,"Zastre","Mircea"
62455,"Plumb","Moty"
288793,"Takkinen","Wonhee"
235456,"Diderrich","Kristen"
212840,"Oxenboll","Oksana"
425843,"Masand","Tiina"
403146,"Itschner","Souichi"
287280,"Zeidenstein","Serge"
262777,"Millington","Kwan"
45649,"Peltason","Dinkar"
18688,"Pearson","Uli"
408506,"Pusterhofer","Emdad"
433469,"Ambroszkiewicz","Barna"
444290,"Gire","Harngdar"
220649,"Raczkowsky","Valdiodio"
464922,"Wixon","Shuzo"
414810,"Przulj","Bartek"
75473,"Chenney","Charlene"
407562,"Budinsky","Bodh"
246247,"Perin","Trygve"
405582,"Gonthier","Kinh"
11328,"Ferriere","Xiong"
467171,"Baak","Juyoung"
437995,"Hatcliff","Uli"
284490,"Szmurlo","Jayesh"
216448,"Pokrovskii","Sudhanshu"
480918,"Ghazalie","DAIDA"
227764,"Sigstam","Maik"
107822,"Kroll","Hatem"
242814,"Erde","Xinyu"
418511,"Valette","Heon"
477509,"Pocchiola","Salvador"
456771,"Munoz","Divine"
45767,"Kropf","Xiaopeng"
471247,"Muniz","Berni"
53028,"Rebaine","Shigeaki"
218228,"Auyong","Francesca"
71757,"Mukaidono","Christ"
107267,"Rosti","Roded"
98005,"Siprelle","Yechezkel"
266311,"Chinen","Heping"
269814,"Engelmann","Mart"
269063,"Berztiss","Alois"
79919,"Hofman","Jaana"
442737,"Butterworth","Heekeun"
271560,"Papastamatiou","Mohan"
56817,"Kalorkoti","Tru"
250481,"Passino","Zine"
247092,"Muntz","Mingsen"
29667,"Debuse","Sampalli"
20163,"Wossner","Arvind"
264235,"Ramalingam","Domenick"
26496,"Godskesen","Jayson"
460134,"Gyimothy","Mihalis"
221880,"Reutenauer","Bezalel"
463080,"Covnot","Nahum"
45987,"Olivero","Gila"
245240,"Danley","Van"
277806,"Dalton","Uzi"
469135,"Garnier","Bartek"
266727,"Lamba","Nathalie"
470456,"Oehlmann","Reuven"
72877,"Pappas","Ranga"
28026,"Huttel","Chiradeep"
425510,"Varker","Youssef"
42291,"Talmor","Girolamo"
44618,"Rothenberg","Shen"
88884,"Tsukuda","Woody"
245272,"Binding","Gennadi"
295649,"Hiroyama","Kyoichi"
428087,"Engelmann","Kwee"
203005,"Argence","Yuuichi"
425737,"Tchuente","Larisa"
293123,"Luck","Basem"
406502,"Docker","Akeel"
449862,"Kuszyk","Naftali"
429468,"Walston","Ennio"
37292,"Godskesen","Dante"
406439,"Usery","Bedir"
28849,"Tsukune","Youpyo"
204604,"Erman","Baoqiu"
78494,"Benzmuller","Snehasis"
46834,"Daescu","Tooru"
423122,"Ohori","Ramzi"
402193,"Matzat","Uinam"
77198,"Murtafg","Siamak"
455587,"Rosca","Izaskun"
83899,"Kenevan","Luise"
463074,"Morrey","Theron"
449378,"Flowers","Arne"
232682,"Fasbender","Kazuhiro"
406610,"Nanard","Nadjib"
31839,"Mundy","Demos"
407371,"Shackell","Radhakrishnan"
16789,"Salinas","Bluma"
14827,"Lortz","Wuxu"
244657,"Kavanagh","Chiranjit"
473828,"Leslie","Sariel"
412731,"Erva","Geoffrey"
76142,"Ambroszkiewicz","Nikolaos"
472389,"Vieth","Heeju"
215277,"Bach","Ewing"
441057,"Segond","Boaz"
80690,"Reghbati","Danae"
424506,"Ebeling","Aron"
242248,"Garnick","Nishit"
417665,"Strehl","Bader"
103760,"Krzyzanowski","Jayson"
425932,"Piancastelli","Saeed"
213246,"Besancenot","Masoud"
273831,"Farrar","Kousuke"
66152,"Takkinen","Aruna"
49027,"Cichocki","Paloma"
295648,"Perko","Aluzio"
21535,"Ramalingam","Filipp"
413944,"Mundy","Shooichi"
434998,"Pagter","Sedat"
285515,"Highland","Heeju"
243205,"Dolinsky","Tse"
99056,"Hertweck","Mads"
292444,"Gerlach","Leaf"
244811,"Polupanov","Akeel"
90446,"Yemenis","Anneli"
15605,"Tchuente","Gil"
43304,"Chiola","Otilia"
203611,"Herber","Zongyan"
84661,"Steinauer","Perla"
430436,"Quadeer","Chandrasekaran"
233468,"Landherr","Theron"
85087,"Krohn","Nalini"
225096,"Ritcey","Hatem"
456926,"Gimarc","Kinh"
420759,"Solovay","Raimond"
455427,"Anido","Ymte"
244562,"Muhling","Eldridge"
423595,"Gaughan","Ekawit"
12160,"Garrabrants","Aamer"
241662,"Deville","Arif"
424045,"Kugler","Stabislas"
443775,"Azadmanesh","Chuanyi"
219779,"Isaak","Cristinel"
78826,"Rabehasaina","Masali"
236941,"Gist","Youssef"
203035,"Zedlitz","Debaprosad"
17014,"Waterhouse","Sadun"
459412,"Zschoche","Insup"
69970,"Plessier","Utz"
226519,"Speel","Yongqiao"
93275,"Iisaka","Brewster"
283857,"Aamodt","Weiru"
456069,"Dahlbom","Jeanne"
85723,"Peir","Deniz"
473443,"Cheshire","Heng"
47720,"Eugenio","Renny"
91577,"Brendel","Elrique"
239202,"Malinowski","Oscal"
214960,"Koblick","Yolla"
35903,"Zeilberger","Arumugam"
264336,"Gunderson","Marsha"
441413,"Gladwell","Chinhyun"
435097,"Cappelli","Deborah"
242686,"Koblitz","Mart"
54597,"Luca","Ekawit"
218910,"Encarnacion","Aria"
28028,"Czap","Howell"
461168,"Kushner","Anestis"
23101,"Demeyer","Aksel"
446875,"Cincotta","Arve"
261535,"Vidal","Alenka"
80296,"Baez","Duro"
27151,"Taubman","Jacopo"
442897,"Dahlbom","Saniya"
261579,"Schapire","Zengping"
217026,"Engberts","Otmar"
57730,"Leijenhorst","Shuichi"
480670,"Penz","Sanjoy"
480646,"Auria","Elgin"
289339,"Antonisse","Shaowei"
49139,"Erni","Manibrata"
234942,"Merks","Shigeu"
449773,"Ghazalie","Kwangjo"
206603,"Koprowski","Kiyokazu"
438924,"Milicia","Frederique"
466779,"Pintelas","Garnet"
285568,"Sigstam","Fai"
19474,"Tasistro","Rasikan"
279134,"Lorch","Manu"
57625,"Mikschl","DAIDA"
48804,"Barbanera","Yonghong"
46384,"Millington","Rosalyn"
254263,"Cullers","Moon"
32996,"Mondadori","Pranjal"
15394,"Plessier","Limsoon"
266647,"Moffat","Domenick"
253668,"Maquelin","Maik"
400718,"Frolund","Aamer"
39858,"Hettesheimer","Waiman"
201311,"Trelles","Kiyomitsu"
101736,"Kading","Tayeb"
105624,"Hiraishi","Chuanti"
57567,"Pettit","George"
269883,"Lalonde","Valdiodio"
225836,"Sullins","Suzette"
203385,"Maginnis","Subhrajyoti"
400584,"Rabehasaina","Hyuncheol"
425220,"Anger","Xiadong"
479573,"Peris","Alenka"
252403,"Peral","Mohd"
203520,"Senzako","Yahiko"
224229,"Falck","Christfried"
253265,"Vakili","Jayesh"
249223,"Brendel","Ingmar"
30942,"Ranta","Henk"
25508,"Jenevein","Marla"
224576,"Rahier","Dung"
455041,"Ballarin","Goetz"
442885,"Shackel","Unal"
203826,"Bernardinello","George"
449564,"Farris","Sham"
473004,"Bardell","Arto"
446748,"Samarati","Gonzalo"
13661,"Kobara","Marsal"
244592,"Albarhamtoshy","Saeed"
429440,"Crabtree","Van"
277617,"Heyers","Hilary"
106304,"Cronau","Mats"
224122,"Majewski","Saeed"
271903,"Herath","Vivian"
257168,"Krybus","Masasuke"
467187,"Vigier","Leon"
448381,"Ibel","Mechthild"
260475,"Dusink","Gay"
208881,"Demri","Visit"
270720,"Jansen","Vitali"
419822,"Ritcey","Sushant"
216575,"Luit","Hongzue"
32773,"Bail","Werner"
286706,"Shiratori","Hideo"
407382,"Sadowsky","Moon"
215481,"Isard","Manton"
294211,"Sinitsyn","Aran"
400592,"Swist","Monique"
72554,"Kavanagh","Mokhtar"
201221,"Bouloucos","Taegyun"
40304,"Luan","Leon"
19134,"Bakhtari","Seongbin"
296569,"Lindenbaum","Gila"
245856,"Laventhal","Filipe"
246652,"Isard","Haldon"
15761,"Gulik","Ipke"
236077,"Parfitt","Dannz"
97511,"Teitelbaum","Nishit"
420959,"Grandbois","Sanjiv"
206630,"Stafford","Mansur"
56241,"Hutter","Morris"
49764,"Munos","Magdalena"
445748,"Francisci","Taisook"
239753,"Badr","Macha"
456378,"Gecsel","Adly"
231150,"Schaar","Jiong"
50150,"Murtafg","Xiong"
61805,"Gurbaxani","Faiza"
203092,"Luit","Samphel"
92914,"Vecchi","Murthy"
438500,"Ellozy","Siamak"
226590,"Kobuchi","Kamakshi"
454245,"Cincotta","Jagoda"
212178,"Lodder","Alagu"
201309,"Rosiles","Mandell"
108591,"Besancenot","Zorica"
20545,"Chaudhury","Woody"
37382,"Valtorta","Xuejun"
203044,"Trumbly","Arto"
427592,"Kleiser","Tomoyuki"
435552,"Siksek","Licheng"
258768,"Rodham","Subhada"
217084,"Camarinopoulos","Oddvar"
60238,"Claffy","Erzsebet"
257851,"Gadepally","Georgi"
436210,"Mungall","Chaitali"
237718,"Lally","Jaana"
474825,"Argence","Sigeru"
267016,"Papastamatiou","Hercules"
428062,"Byoun","Shirish"
286757,"Asrin","Janche"
61791,"Hedayat","Ravishankar"
52951,"Solares","Hauke"
228895,"Fontan","Ugo"
105256,"Karcich","Yuuichi"
271020,"Barinka","Jenwei"
237694,"Riefers","Munenori"
97406,"Jeong","Niranjan"
61303,"Sudbeck","Yuriy"
97677,"Poulakidas","Taegyun"
260012,"Liedekerke","Teruyuki"
109437,"Potthoff","Douadi"
426971,"Ellozy","Gro"
450590,"Hashii","Halsur"
213308,"Leijenhorst","Ramachenga"
453236,"Sudbeck","Jeane"
15813,"Callaway","Etsuo"
428090,"Ramamoorthy","Zhilian"
293198,"Flowers","Xinan"
61758,"Chandrasekhar","Licheng"
27976,"Makrucki","Becky"
457433,"McAffer","Masato"
106935,"Farrow","Kazuhiko"
264013,"Stifter","Baziley"
34077,"Sichman","Angel"
443002,"Perry","Lene"
248149,"Seiwald","Yuping"
213801,"Alameldin","Aruna"
76671,"Plessier","Ortrud"
407019,"Ghelli","Urs"
476701,"Gimarc","Guadalupe"
87711,"Dulay","Willard"
64252,"Desikan","Janche"
467247,"Ligten","Serenella"
427924,"Msuda","Brendon"
208301,"Famili","Stabislas"
254612,"Waleschkowski","Aiichiro"
68557,"Kamble","Yannis"
439146,"Lunt","Ronghao"
426665,"Chandrasekhar","Masanao"
91421,"Kakkar","Hercules"
220355,"Murillo","Kien"
467928,"Swift","Theirry"
73020,"Slaats","Kazuyasu"
56089,"Ventosa","Manibrata"
57259,"Fargier","Vivian"
273694,"Coombs","Monique"
214222,"Christianini","Conrado"
459008,"Muniz","Chaitali"
62214,"Strehl","Amabile"
227525,"Lunt","Mechthild"
224120,"Conte","Freyja"
260358,"Junet","Kolar"
233445,"Reghbati","Sahrah"
74870,"Cochrane","Roselyn"
38915,"Hanratty","Divine"
299996,"Peck","Georg"
238052,"Benaini","Gladys"
424666,"Lambe","Ingmar"
63676,"Siprelle","Eishiro"
233337,"Schneeberger","Eberhardt"
272538,"Hiroyama","Masoud"
296124,"Swift","Yuriy"
472357,"Lupu","Bingning"
428478,"Auria","Gay"
250612,"Backhouse","Hidekazu"
430465,"Kaelbling","Fei"
249407,"Uhrik","Chenye"
29642,"Conta","Gopalakrishnan"
444138,"Birch","Stamatina"
281602,"Vasanthakumar","Eirik"
481574,"Dymetman","Gal"
444008,"Stemann","Munehiko"
433167,"Manderick","Peer"
285117,"Demri","Nectarios"
267804,"Farrow","Akhilish"
225785,"Szilard","Takahira"
212129,"Sambasivam","DAIDA"
43377,"Mateescu","Froduald"
283705,"Kaltofen","Kayoko"
241635,"Narahara","Lidong"
438666,"Morrey","Udaiprakash"
70007,"Isaak","Toshimori"
23189,"Willoner","Marjo"
95096,"Furedi","Shir"
277306,"Covnot","Yunming"
207274,"Schusler","Guozhong"
235395,"Rettelbach","Utpal"
469682,"Rosch","Akemi"
96995,"Tomescu","Rimli"
432814,"Gecsei","Tuval"
36433,"Mikschl","Fumitaka"
61979,"Walston","Narain"
33111,"Talmon","Rutger"
298044,"Koshiba","Jaideep"
99891,"Dusink","Xiaoqiu"
419907,"Rajaraman","Tayeb"
243883,"Honiden","Zhigen"
254427,"Zaccaria","Fun"
92754,"Kushnir","Yucai"
481090,"Schaap","Sigeru"
479000,"Cherinka","Odoardo"
17173,"Cannard","Jamaludin"
71959,"Speer","Jianhua"
249444,"Junot","Jasminko"
231224,"Uludag","Bernd"
268148,"Bain","Kristof"
451662,"Kriebel","Garnet"
61193,"Kakkad","Shen"
424491,"Munoz","Caolyn"
269582,"Penn","Ramzi"
263320,"Oberman","Weiye"
285617,"Pettey","Mabry"
432448,"Hutton","Fayez"
87004,"Siochi","Anneke"
442718,"Crouzet","Tsz"
80580,"Baumann","Froduald"
259132,"Cheshire","Eric"
100704,"Mandelberg","Zhanqiu"
458694,"Schach","Marie"
20266,"Kakkad","Ekawit"
474688,"Harnett","Mariangiola"
459579,"Ermel","Hideyuki"
426528,"Basagni","Paraskevi"
294015,"Auyong","Gen"
462725,"Bressoud","Amstein"
278024,"Sridhar","Guangming"
246310,"Rosch","Sumali"
224491,"Schahn","Masako"
11441,"Aingworth","Marlo"
406604,"Aingworth","Danai"
264128,"Suomi","Guangming"
212469,"Bressoud","Goa"
452422,"Birdsall","Laurentiu"
267367,"Gihr","Giordano"
91665,"Danley","Aimee"
210883,"Kropf","Miquel"
80782,"Gerteisen","Danco"
462943,"Marchegay","Phuoc"
402526,"Mitsuhashi","Gilbert"
47886,"Reeker","TRUE"
79760,"Braunmuhl","Poornachandra"
58050,"Saoudi","Demin"
469203,"Reinhard","Sachem"
420098,"Pelc","Toong"
410522,"Bojadziev","Nidapan"
447619,"Ferriere","Xianlong"
417299,"Weisert","Paloma"
236226,"Levasseur","Mart"
211227,"Choobineh","Ebru"
71958,"Siprelle","Faiza"
439501,"Falco","Oscar"
239968,"Uhrik","Dietrich"
232029,"Honiden","Vasilii"
298463,"Roccetti","Lubomir"
49478,"Perna","Gor"
223677,"Horswill","Lidong"
38074,"Ritzmann","Marek"
18612,"Sevcikova","Nevin"
455326,"Baaz","Shaowen"
287348,"Snedden","Eckart"
24698,"Wixon","Aruna"
221476,"Cesareni","Murthy"
210585,"Foote","Mohammed"
412887,"Figueira","Angus"
276967,"Boguraev","Vidya"
40341,"Jeansoulin","Marsja"
19131,"Eickenmeyer","Remco"
448247,"Sadowsky","Christoph"
206002,"Beidas","Shooichi"
36213,"Nitto","Vidar"
96219,"Cappelletti","Maia"
431043,"Maraist","Mayuri"
213467,"Molenkamp","Turgut"
430814,"Buchter","Herb"
206394,"Furudate","Reinhold"
249873,"Apsitis","Ranga"
289587,"Diderrich","Chandrasekaran"
77337,"Gyimothy","Inderjeet"
294144,"Ermel","Takanari"
210558,"Sigstam","Bokyung"
20398,"Lemarechal","Kristinn"
452759,"Uehara","Kazuhide"
201372,"Kitai","Elgin"
406512,"Zaumen","Xiong"
220842,"Hooghiemstra","Shigehiro"
254982,"Jonsson","Yakkov"
245038,"Tiemann","Zejun"
78163,"Andreotta","Ult"
219557,"Collette","Dayanand"
92730,"Ruemmler","Junichi"
281469,"Journel","Rosalie"
457712,"Hennebert","Hyuckchul"
422362,"Oppitz","Reinhard"
230293,"Luke","Roddy"
202339,"Schaaf","Zine"
89243,"Schwartzburd","Dmitri"
46662,"Ernst","Uwe"
43603,"Garigliano","Sadun"
14142,"Beausoleil","Macha"
462037,"Calkin","Arvin"
248729,"Heyers","Bedrich"
86294,"Jumpertz","Heather"
46864,"Sooriamurthi","Ferdinand"
39456,"Malinowski","Bojan"
407094,"Solovay","Kwangho"
67725,"Mitchem","Bodh"
273034,"Sabnani","Shrikanth"
223322,"Morrey","Qiwen"
426305,"Arlazarov","Nitsan"
236338,"Rusmann","Peer"
208115,"Ritzmann","Huai"
242500,"Iisaku","Bingning"
98713,"Luit","Stabislas"
434677,"Gulla","Remzi"
49685,"Rosay","Qiwen"
454672,"Syang","Ulf"
45308,"Coullard","Toong"
462521,"Ibel","Eben"
51823,"Kohling","Serif"
242872,"Perez","Jungsoon"
286357,"Miculan","Shooichi"
282669,"Aumann","Gaetan"
55670,"Ranft","Ulf"
216388,"Duclos","Jasminko"
238033,"Biron","Breannda"
480762,"Luan","Aiman"
402586,"Gils","Ranan"
408929,"Gischer","Gao"
253950,"Cangellaris","Duangkaew"
97221,"Anick","Martina"
261490,"Kemmerer","Karoline"
437184,"Kabayashi","Jeane"
473309,"Peron","Basant"
282048,"Rouquie","Van"
279451,"Qiwen","Pasqua"
475334,"Hiltgen","Dietrich"
431610,"Shimshoni","Amalendu"
287819,"Gargeya","Shaw"
202196,"Kaelbling","Sergi"
477405,"Crelier","Kazuhisa"
429584,"Schaad","Bouchung"
410338,"Pauthner","Dekang"
243430,"Stifter","Maia"
242477,"Trumbly","Eirik"
460213,"Lindenbaum","Almudena"
92898,"Ghazalie","Gil"
454203,"Honiden","Kiyokazu"
254432,"Isaak","Changho"
244188,"Lanteri","Yuping"
45192,"Zultner","Sanjay"
448408,"Gerlach","Slavian"
35165,"Demri","Martins"
67013,"Rajaraman","Odinaldo"
73663,"Camurati","Domenick"
433812,"Templeman","Bojan"
101140,"Bottner","Shahar"
224685,"Cronau","JoAnna"
98431,"Vural","Tzvetan"
76493,"Oxman","Mansur"
42596,"Reghbati","Navin"
454575,"Nivat","Parto"
31132,"Ghalwash","Barna"
407085,"Przulj","Vugranam"
206701,"Llado","Giri"
295102,"Heinisuo","Vojin"
255781,"Coors","Sanjoy"
206405,"Valtorta","Carrsten"
231766,"Nannarelli","Rimli"
297720,"Murtagh","Angus"
455475,"Ferriere","Mads"
231416,"DasSarma","Mokhtar"
104359,"Beetstra","Howell"
409162,"Narwekar","Nevio"
285648,"Lieberherr","Hilary"
449816,"Lanzelotte","Mariangiola"
281229,"Furedi","Xinan"
242781,"Jarecki","Aris"
95658,"Luce","Georgi"
246495,"Sifakis","Hideo"
256276,"Schnabel","Sedat"
272565,"Decaestecker","Basant"
219415,"Kowalchuk","Hsiangchu"
260294,"Munoz","Yonghoan"
79157,"Borstler","Sampalli"
440562,"Skogmar","Chikako"
428004,"Prenel","Weiye"
62747,"Yeung","Kwok"
22750,"Farrow","Dmitry"
467804,"Merli","Billie"
233827,"Reinhart","Piyush"
265644,"Unni","Percy"
425895,"Pintelas","Goh"
434207,"Douceur","Bowen"
408369,"Rajala","Bangqing"
11797,"Thambidurai","Chenxi"
200780,"Ramras","Heon"
460120,"Kitai","Shuichi"
242039,"Douceur","Zine"
215864,"Detkin","Mihalis"
288450,"Klerer","Baziley"
221682,"Ghazalie","Qunsheng"
88738,"Heiserman","Abdulla"
299223,"Raczkowsky","Qunsheng"
70510,"Erva","Zdislav"
70689,"Kavraki","Beshir"
433602,"Hanabata","Chirstian"
237623,"Woycyznski","Supot"
19979,"Schwartzbauer","Nahum"
290939,"Feldhoffer","Gio"
79016,"Lipner","Quingbo"
472799,"Gruenwald","Shay"
299108,"Argence","Mayumi"
33977,"Cyre","Mack"
446941,"Lodder","Kerryn"
436812,"Katiyar","Francesca"
220722,"Slaats","Claudi"
257313,"Bain","Chuanti"
76454,"Czaja","Yuchang"
58242,"Bahk","Moto"
26108,"Binkley","Toshimo"
88199,"Talmon","Baruch"
472186,"Janetzko","Dung"
289845,"Kuszyk","Sanjit"
52782,"Orlowska","Janche"
431301,"Hammerschmidt","Sangeeta"
235384,"Zeilberger","Mohamadou"
94909,"Acton","Gal"
477469,"Auyong","Yefim"
471154,"Pulkowski","Lenore"
479781,"Budinsky","Alain"
104371,"Gunderson","Utz"
242068,"Solovay","Masadi"
456826,"Brandsma","Richard"
467529,"Braunmuhl","Zhaofang"
62706,"Hiyoshi","Matk"
283546,"Showalter","Subhankar"
221029,"Thummel","Yechiam"
19940,"Einsfeld","Reinhard"
45044,"Zaccaria","Sachin"
74891,"Kavvadias","Lorien"
296600,"Muhling","Jiann"
281416,"Kuzuoka","Sadun"
57821,"Bolotov","Alejandra"
248225,"Pargas","Val"
293157,"Schapire","Jolita"
41682,"Ecklund","Alselm"
244340,"Zultner","Yaghout"
417621,"Spinelli","Premal"
201362,"Luck","Pradeep"
297753,"Schauser","Danco"
44186,"Vesel","Kendra"
473436,"Backhouse","Hsiangchu"
272842,"Lamparter","Renny"
236420,"Sommer","Uta"
405278,"Frijda","Chenyi"
235133,"Taneja","Arch"
206576,"Chepyzhov","Chenxi"
67497,"Rosay","Marsal"
62421,"Brodie","Persi"
266928,"Ranon","Randy"
227612,"Kalafatis","Alejandro"
107240,"Khalil","Ennio"
406205,"Plotkin","Divine"
260923,"Thisen","Arvin"
417090,"Schaaf","Takahira"
219565,"Madeira","Sverrir"
211125,"Osgood","Alassane"
96556,"Penn","Guttorm"
25830,"Janocha","Janalee"
298077,"Berztiss","Marek"
264220,"Plump","Rosine"
105096,"Ramsay","Ioana"
468237,"Lieblein","Basil"
264164,"Edelhoff","Tsvetan"
257079,"Wiegley","Serap"
239635,"Ruemmler","Arnd"
201247,"Luks","Minghong"
277319,"Bressoud","Qingxiang"
481487,"Bugrara","TRUE"
424805,"Zallocco","Jacqueline"
79943,"Alpin","Kwee"
480711,"Assaf","Srinidhi"
441614,"Brattka","Owen"
264601,"Spataro","Indrajit"
251456,"Raney","Tua"
102601,"Bugrara","Arvin"
67099,"Mayerwieser","Goo"
452234,"Karunanithi","Remco"
290825,"Heystek","Zhigen"
268932,"Parfitt","Christ"
262742,"Akazan","Shuichi"
84088,"Sichman","Sarita"
78745,"Peris","Subbu"
287005,"Beutelspacher","Menkae"
425266,"Deverell","Sanjai"
65600,"Mahmud","Jinxi"
98289,"Benner","Nakhoon"
259460,"Gecsei","Vasilis"
298512,"Babu","Remko"
448800,"Irland","Lene"
410442,"Stemann","Conor"
267532,"Krohn","Yuuichi"
82203,"Billawala","Koichi"
22871,"Heijenga","Kitty"
62098,"Sommer","Breannda"
279356,"Zambonelli","Elliott"
61642,"Murtha","Lucien"
290868,"Mayerwieser","Giap"
264611,"Schaaf","Atilio"
10214,"Ciolek","Tadahiko"
263206,"Plavsic","Zita"
219580,"Wursthorn","Frazer"
472374,"Montemayor","Xuedong"
293079,"Gecsei","Saeko"
428068,"Binkley","Boguslaw"
448273,"Mungall","Kirk"
94871,"Chenney","Kasidit"
219412,"Schlumberger","Bernardo"
84579,"Montemayor","Frederique"
289411,"Swiler","Genki"
420767,"Baalen","Dung"
255078,"Kornyak","Gaurav"
41728,"Rahimi","Shigehito"
219916,"Arlazarov","Kagan"
85376,"Dalphin","Kien"
19700,"Kitai","George"
273688,"Lienhardt","Kish"
103511,"Hettesheimer","Randy"
72529,"Butterworth","Keung"
475239,"Caine","Takahito"
16367,"Siksek","Shuji"
294822,"Michaeli","Florian"
203956,"Ishibashi","Make"
284715,"Malinowski","Christ"
23300,"Schauser","Froduald"
447815,"Gronowski","Mountaz"
108912,"Schurmann","Ute"
287013,"Asmuth","Heng"
471505,"Debuse","Amalendu"
243136,"Gilg","Ortrun"
212335,"Ressouche","Valter"
431198,"Prenel","Gill"
21409,"Yoshimura","Hongzhu"
12497,"Penz","Stein"
76147,"Halloran","Christophe"
463247,"Rassart","Reuven"
463605,"Vuskovic","Heping"
76677,"Bratten","Yahiko"
77566,"Nanard","Sanjit"
26305,"Junot","Ortrud"
95449,"Sankaranarayanan","Taizo"
75134,"Cullers","Rimli"
275448,"Felder","Yongqiao"
236248,"Docker","Eirik"
217397,"Simkin","Eckart"
99958,"McFarlin","Leif"
204145,"Lindenbaum","Navid"
58875,"Chelton","Keiichiro"
230220,"Cronau","Filipp"
41008,"Paciorek","Heather"
447295,"Shihab","Waiman"
463889,"Greenaway","Abdulla"
230260,"Willoner","Vincent"
88652,"Yeung","Rosine"
417543,"Borovoy","Roselyn"
65544,"Verhaegen","Fox"
474469,"Ushiama","Sreekrishna"
219413,"Improta","Shigehito"
213836,"Gruenwald","Kshitij"
419222,"Dratva","Giao"
50995,"Bala","Ugo"
477855,"Wallrath","Masoud"
458108,"Uhrik","Sachin"
289871,"Ecklund","Perla"
449091,"Parascandalo","Van"
48510,"Savasere","Shih"
235943,"Denos","Nevin"
471795,"Ritzmann","Bilhanan"
27369,"Chinen","Cedric"
272418,"Versino","Golgen"
88485,"Ranai","Fumino"
93515,"Jenevein","Insup"
40107,"Tsunoo","Basil"
260059,"Ozery","Chaitali"
17796,"Impagliazzo","Alejandro"
442149,"Bodoff","Utpal"
472763,"Ramsey","Oscal"
427174,"Boreale","Danai"
411716,"Basart","Koldo"
259017,"Schueller","Siddarth"
99983,"Laurillard","Shaz"
272033,"Rassart","Leif"
298407,"Poujol","Sungwon"
77718,"Erie","Kristen"
477426,"Saoudi","Lubomir"
78498,"Yamaashi","Anoosh"
11964,"Norsworthy","Tzu"
442862,"Dayang","Munehiro"
62963,"Sethi","Basem"
242541,"Ligten","Kyoichi"
67460,"Wolniewicz","Susumu"
250212,"Mateescu","Poorav"
209983,"Garnham","Kiam"
203769,"Lukaszewicz","Dzung"
66002,"Shobatake","Bernice"
433914,"Heuter","Dmitri"
268676,"Senzako","Kamran"
231817,"Nyanchama","Geoffry"
44690,"Schurmann","Kensyu"
222128,"Alvarado","Isaac"
11483,"Mateescu","Zine"
91091,"Luca","Kwun"
472466,"Genther","Oldrich"
460803,"Linares","Zita"
79080,"Schrooten","Shunichi"
433671,"Markovitch","Mohit"
400018,"Chachaty","Aral"
236466,"Krohn","Yinghua"
45744,"Bahi","Zhensheng"
292227,"Bennet","Ekawit"
438082,"Birta","Shigeu"
274635,"Azadmanesh","Mara"
263324,"Valiente","Emdad"
221590,"Sudkamp","Shooichi"
204319,"Covnot","Demin"
66261,"Serna","Baruch"
56673,"Bahi","Bokyung"
27304,"Rodham","Mandell"
224285,"Erman","Nigel"
439224,"Stamatiou","Denis"
31520,"Kilgour","Shaowei"
10330,"Bellmore","Kasturi"
441357,"Tchuente","Arif"
448783,"Crabtree","Parto"
438162,"Erdmenger","Mabry"
415707,"Antonakopoulos","Fumitaka"
47426,"Perng","Shichao"
281385,"Oxenboll","Georgi"
424111,"Menhoudj","Yagil"
69281,"Weisert","Martijn"
471866,"Pietrzykowski","Zito"
256419,"Radivojevic","Bader"
103399,"Parfitt","Goa"
268661,"Zaccaria","Mohammad"
462282,"Morton","Adly"
87067,"Spieker","Barton"
80770,"Cummings","Feixiong"
240068,"Broder","Kerryn"
260224,"Fontet","Yannis"
217279,"Rubsam","Anoosh"
260331,"Matteis","Niteen"
292316,"Siepmann","Shrikanth"
98983,"Lung","Yonghong"
439397,"Bennet","Serif"
233946,"Thebaut","Toshiko"
57904,"Litvinov","Youjian"
255229,"Benaini","Rasikan"
209297,"Gronowski","Chaoyi"
418835,"Bruckman","Oguz"
449533,"Gini","Mohamadou"
258448,"Munoz","Akemi"
16071,"Eiron","Bedir"
84788,"Gyorkos","Yongqiao"
32743,"Kamble","Hongzhu"
464398,"Carrera","Yinlin"
27818,"Lindqvist","Hatsukazu"
12415,"Sluis","Uri"
252574,"Soloway","Jeong"
60727,"Deverell","Basim"
270956,"Spelt","Manohar"
264929,"Esteva","Yuichiro"
271852,"Fiutem","Zdislav"
41938,"Chappelet","Dung"
33114,"Bach","Fun"
424946,"Benzmuller","Gian"
425834,"Oxman","Jayesh"
417689,"Levasseur","Genevieve"
104450,"Zeleznik","Guther"
243613,"Parveen","Gudjon"
218183,"Papastamatiou","Zsolt"
43342,"Koyama","Munehiro"
250226,"Hainaut","Bikash"
44484,"Gelosh","Pasqua"
27366,"Hennebert","Nakhoon"
298040,"Ramsey","Geoffry"
75465,"Cromarty","Murthy"
479794,"Pardalos","Mostafa"
13419,"Leivant","Bouchung"
80415,"Feinberg","Mohammad"
25207,"Broder","Basil"
286034,"Stafford","Kensei"
278696,"Melichar","Mara"
14826,"Radivojevic","Pohua"
252274,"Masada","Toshimori"
83883,"Underwood","Alselm"
416585,"Moffat","Tsvetan"
60780,"Heyers","Gal"
454565,"Maquelin","Utpal"
245964,"Tsunoo","Gio"
218651,"Eugenio","Shai"
43390,"Weisert","Greger"
63249,"Journel","Marl"
244791,"Olivero","Kauko"
405351,"Flowers","Nectarios"
292153,"Kowalchuk","Guenter"
42571,"Vilarrasa","Shahab"
450616,"Pocchiola","Kiyotoshi"
200011,"Baranowski","Shahar"
252576,"Junet","Boaz"
288210,"Taubman","Insup"
97051,"Kitsuregawa","Aamod"
465251,"Kampfer","Serap"
100059,"Perfilyeva","Kristinn"
102949,"Erde","Bader"
267467,"Ramsak","Billur"
64387,"Werthner","Monique"
475264,"Speek","Phillip"
456351,"Schaar","Minghong"
400729,"Remmers","Shuji"
101957,"Egerstedt","Kerhong"
60651,"Velardi","Along"
417275,"Middleton","Mohammed"
61210,"Rehfuss","Itzchak"
443960,"Ligten","Shigehito"
207303,"Cromarty","Sedat"
427489,"Akazan","Torsten"
296161,"Camurati","Parke"
252714,"Lienhardt","Hsiangchu"
245974,"Lichtman","Kenroku"
36585,"Aamodt","Menkae"
231605,"Gien","Thodoros"
222317,"Cannard","Rafols"
16233,"Baba","Sushant"
455380,"Zyda","Herb"
13303,"Rissanen","Koldo"
17660,"Ramsay","Chandrasekaran"
256719,"Rissland","Moto"
226308,"Merks","Shahab"
413275,"Zielinski","Kellie"
261483,"Hooghiemstra","Janche"
284274,"Basawa","Jackson"
276184,"Swick","Mari"
470646,"Bale","Siamak"
454148,"Reghbati","Keiichiro"
237388,"Pelz","Tamiya"
201178,"Conta","Kristof"
93038,"Michaeli","Chenyi"
437115,"Cairo","Steve"
283149,"Grabner","Fatemeh"
480330,"Jansch","Georgy"
473954,"Bugrara","Kristin"
423489,"Menhardt","Bingning"
468759,"Berendt","Tesuro"
417119,"Snedden","Manton"
206056,"Munck","Juyoung"
59457,"Raoux","Gopalakrishnan"
26086,"Beutelspacher","Turgut"
427699,"Haldar","Siamak"
440544,"Zschoche","Dharmaraja"
277795,"Wossner","Oksana"
439955,"Kumaresan","Zhiguo"
206135,"Coors","Lillian"
69382,"Junot","Macha"
67125,"Rindone","Jayson"
266328,"Underwood","Maik"
87251,"Molenaar","Theirry"
223892,"Birch","Abdulah"
38569,"Kropf","Gully"
449709,"Gyimothy","Janche"
207005,"Reeken","Masadi"
52641,"Emiris","Ugo"
278217,"Anido","Neven"
269162,"Bolsens","Djelloul"
254203,"Milicic","Rutger"
243026,"Nergos","Kwangyoen"
77324,"Isaac","Gila"
270548,"Schueller","Boutros"
453815,"Hoogerwoord","Odoardo"
96764,"Siochi","Wanqing"
406323,"Viele","Kayoko"
412157,"Mamelak","Zhilian"
77121,"Orsini","Miomir"
220975,"Laventhal","Jacopo"
42557,"Makrucki","Adin"
37086,"Prampolini","Jaewoo"
410733,"Passafiume","Gill"
39143,"Salverda","Flemming"
426609,"Rahier","Xiaoheng"
292124,"Schach","Lijia"
448268,"Peak","Phillip"
413950,"Ozery","Lalit"
298136,"Pena","Morris"
92124,"Szilard","Leah"
265993,"Erez","Kagan"
290737,"Colorni","Abdulah"
94534,"Navazio","Deborah"
279541,"Felder","Tsutomu"
454068,"Bellmore","Angel"
440673,"Erie","Genta"
20969,"Baik","Francesca"
105778,"Desikan","Aloke"
78424,"Bierbaum","Falguni"
99050,"Krichel","Stevo"
440997,"Schapiro","Manton"
73415,"Pillow","Renny"
45112,"Nilsson","Kwangho"
421639,"Pelz","Arun"
222762,"Swiss","Sivanarayana"
255717,"Walstra","Hein"
241926,"Debuse","Matk"
70180,"Cichocki","Renee"
66188,"Rijckaert","Kwangjo"
202338,"Bahr","Piyawadee"
244488,"Cyne","Changho"
201388,"Baca","Dharmaraja"
33340,"Lamma","Gila"
281106,"Gerteisen","Mohd"
277526,"Nittel","Jinpo"
205586,"Cappello","JoAnne"
295708,"Malabarba","Rosine"
22291,"Lores","Rayond"
418928,"Pehl","Lunjin"
201542,"Wixon","Leen"
102910,"Calkin","Subhankar"
279746,"Baca","Yolla"
481434,"Mondadori","Magy"
296197,"Gihr","Masami"
297104,"Marrevee","Barun"
246934,"Biros","Baziley"
228239,"Schrooten","Jaana"
97885,"Edelhoff","Seshu"
208291,"Kavanagh","Constantijn"
433477,"Horswill","Aran"
63458,"Heyers","Syozo"
407184,"Sury","Kasidit"
402215,"Boguraev","Susanta"
25715,"Rikino","Sudhanshu"
441009,"Zucker","Hyuckchul"
22191,"Fontan","Udo"
445401,"Fendler","Toshimo"
465323,"Chaudhury","Marl"
465681,"Peral","Stevo"
247346,"Peyn","Shan"
445381,"Solovay","Heekeun"
426824,"Mawatari","Gopalakrishnan"
51322,"Danlos","Aleksander"
479952,"Colorni","Shalesh"
78046,"Gniady","Shuichi"
28064,"Senzako","Jaewon"
11663,"Trumbly","Maria"
225089,"Kroft","Tru"
267773,"Farris","Arif"
231366,"Gimarc","Kerryn"
223754,"Nyrup","Mrinalini"
46149,"Plessier","Doohun"
264448,"Underwood","Sachin"
244999,"Schaft","Yaghout"
449395,"Coorg","Georg"
68373,"Ozeki","Yaghout"
22115,"Zhang","Khosrow"
16502,"Honiden","Brigham"
19728,"Ramsey","Candido"
13770,"Koyama","Eirik"
225287,"Decleir","Ronnie"
404751,"Luke","Sreenivas"
297387,"Klassen","Valdiodio"
228343,"Cochrane","Sudhanshu"
45083,"Belinskaya","Narain"
40271,"Decaestecker","Shigeaki"
226407,"Levasseur","Jianhui"
96238,"Kadhim","Valdiodio"
259498,"Randt","Honglan"
75471,"Simmen","Karoline"
28477,"Gaughan","Chriss"
276849,"Strandh","Paraskevi"
282386,"Binkley","Masadi"
215812,"Wroclawski","Mandell"
109618,"Shokrollahi","Muzhong"
279387,"Atrawala","Arfst"
72443,"Shigei","Dulce"
424689,"Llado","Nitsan"
481607,"Ozery","Tze"
52889,"Backhouse","Rance"
267538,"Preusig","Haldon"
45419,"Plesums","Yechiam"
10504,"Varker","Xiong"
277503,"Gomatam","Eberhardt"
208825,"Lubachevsky","Yongdong"
261417,"Hennings","Sibyl"
273632,"Schahn","Mariusz"
73700,"Goodrum","Karlis"
221066,"Takanami","Paraskevi"
405935,"Thimonier","Saddek"
39474,"Kilgore","Zorica"
267888,"Muniz","Kayoko"
217525,"Bazzichi","Leszek"
103213,"Thorensen","Harjit"
438339,"Katiyar","Susanta"
215640,"Pardalos","Ravishankar"
34934,"Salinas","Mansur"
36333,"Maraist","Masadi"
459741,"Perin","Kaijung"
479507,"Srimani","Phule"
61297,"Ranst","Xumin"
223642,"Quaggetto","Wojceich"
222614,"Bugaenko","Vitaly"
404467,"Swiss","Shao"
246671,"Vanwelkenhuysen","Anestis"
47234,"Savasere","Lansing"
273933,"Parfitt","Sreenivas"
288440,"Bael","Shim"
67755,"Garigliano","Lech"
234544,"Peroz","Marsja"
73403,"Peng","Oscal"
221024,"Luan","Rosine"
74913,"Warwick","Dzung"
54105,"Peck","Hidefumi"
476012,"Vigier","Leaf"
54030,"Mitsuhashi","Vidya"
460944,"Bruckman","Chikara"
421789,"Szilard","Mingdong"
269591,"Simmen","Marie"
67807,"Ramalingam","Zissis"
59212,"Jeong","Koldo"
453905,"Swift","Martina"
23763,"Gopalakrishnan","Jacqueline"
22411,"Braunmuhl","Mansur"
239893,"Rijsenbrij","Kiyotoshi"
28204,"Binding","Rasiah"
70276,"Schwaller","Weiwu"
53950,"Remmele","Odinaldo"
436973,"Dulin","Muzhong"
295483,"Raoux","Deborah"
437232,"Murtafg","Sanjit"
285559,"Boguraev","Sanjai"
465296,"Muntz","Candida"
441218,"Yetto","Dharmaraja"
255747,"Swiss","Mohammed"
12567,"DasSarma","Horward"
208361,"Maraist","Jeanna"
60489,"Rebaine","Syozo"
11055,"Neiman","Shaleah"
233698,"Kitai","Nevin"
448568,"Servieres","Takahito"
265500,"Conti","Shunichi"
229960,"Bale","Mack"
98557,"Penttonen","Mayuri"
83147,"Cincotta","Taizo"
74386,"Dayang","Navid"
20964,"Erez","Clyde"
419373,"Sambasivam","Nadjib"
48261,"Hopewell","Bodh"
66620,"Kisuki","Surveyors"
51705,"Parascandalo","Huiqun"
245175,"Nitsch","Arunas"
231443,"Olivero","Atreyi"
465226,"Rajala","Shigehito"
88751,"Portugali","Haldun"
65941,"Dulay","Shuzo"
435304,"Matzen","Thanasis"
28493,"Silva","Ebbe"
434873,"Famili","Gio"
102555,"Manderick","Gregory"
221764,"Luce","Kyoichi"
448576,"Bellmore","Matk"
78764,"Farrag","Yishai"
16205,"Radivojevic","Kerhong"
409211,"Rosca","Vitali"
282706,"Chleq","Kagan"
270657,"Georgatos","Jayesh"
109819,"Anily","Tadanori"
271448,"Viele","Sachio"
33328,"Osgood","Dipankar"
218340,"Fujisawa","Dipayan"
106976,"Narwekar","Nirmal"
40455,"Rubsam","Weidon"
458384,"Bashian","Rutger"
430817,"Zhiwei","Iara"
445306,"Taubman","Arvind"
480216,"Babu","Lucian"
432749,"Heemskerk","Miomir"
86176,"Gunderson","Hyuncheol"
281678,"Junet","Doohun"
437185,"Rikino","Sanjay"
476737,"Katzenelson","Kristinn"
253720,"Dalphin","Debatosh"
274097,"Sadowski","Lene"
287033,"Pettey","Pradeep"
226838,"Morrey","Leen"
73194,"Castellani","Perry"
57759,"Braunschweig","Xuejia"
404367,"Lupu","Shrikanth"
40421,"Zhiwei","Toshimi"
217713,"Maliniak","Eran"
464969,"Braunmuhl","Candido"
254246,"Thebaut","Marl"
31749,"Lowrie","Gopalakrishnan"
446452,"Speel","Shahid"
24849,"Wendorf","Lijie"
76307,"Solares","Valeska"
208078,"Varley","Fusako"
51044,"Baer","Sorina"
280316,"Staelin","Gladys"
208212,"Lagarias","Bangqing"
42124,"Kopetz","Selwyn"
213043,"Frezza","Jacqueline"
468865,"Muhlberg","Vincent"
261770,"Terekhov","Arup"
230634,"Mahnke","Gurbir"
20572,"Axelband","Vishv"
421774,"Chleq","Brewster"
92314,"Hutter","Chinho"
467603,"Karunanithi","Marla"
474982,"Vieth","Gil"
233609,"Asrin","Jacopo"
89189,"Deyuan","Aiichiro"
292614,"Perko","Mori"
232484,"Taubman","Naftaly"
296203,"Maquelin","Douadi"
409158,"Navazio","Owen"
406985,"Anger","Xiaobin"
405307,"Yoshizawa","Guenter"
472827,"Asmuth","Greger"
453362,"Parascandalo","Yucel"
415800,"Bratsberg","Otilia"
272568,"Pero","Guoxiang"
26948,"Kropp","Morris"
11048,"Demke","Jaques"
477203,"Vigier","Kshitij"
271542,"Jayawardene","Yunming"
101916,"Sabnani","Koichi"
39631,"Simmel","Jiafu"
95538,"Gill","Mircea"
51767,"Kaiser","Boguslaw"
211845,"Nanard","Rosita"
105673,"Wilharm","Juichirou"
88709,"Waeselynck","Aamer"
443038,"Poujol","Douadi"
414533,"Rullman","Denis"
81238,"Hemaspaandra","Katsuyuki"
65095,"Falster","Munenori"
252561,"Standera","Shmuel"
264736,"Attimonelli","Insup"
473655,"Trumbly","Sailaja"
232507,"Gimbel","Uinam"
270899,"Bellone","Indrajit"
73497,"Huhdanpaa","Sibyl"
239802,"Isard","Elvis"
106216,"Dredge","Moti"
283364,"Bresenham","Larisa"
62036,"Rothenberg","Hongzhu"
292914,"Borovoy","Radhia"
255756,"Trachtenberg","Piyawadee"
60250,"Perfilyeva","Arunas"
27451,"Hennebert","Fayez"
260613,"Marletta","Stevo"
96695,"Itschner","Maha"
221264,"Juneja","Jeane"
226690,"Thorensen","Jungsoon"
400047,"Panienski","Uriel"
84821,"Vieri","Magy"
237340,"Negoita","Aris"
81136,"Ruemmler","Gift"
461406,"Bolsens","Horward"
280820,"Pepe","Aiman"
271756,"Lorie","Kiyokazu"
465164,"Schmiedel","Martina"
403132,"Ranft","Sverrir"
205879,"Zastre","Guther"
221002,"Thorensen","Niteen"
456927,"Comellas","Kensei"
227840,"Alpin","Berry"
253642,"Leaver","Fuqing"
44320,"Skrikant","Kien"
281007,"Negoita","Otmar"
233490,"Ebeling","Zorica"
423163,"Ecklund","Mitsuyuki"
53197,"Narahari","Khalid"
17251,"DasSarma","Tristan"
295761,"Highland","Honglan"
53416,"Gist","Oddvar"
418662,"Lagarias","Masali"
255033,"Bojadziev","Zhaofang"
475757,"Mayerwieser","Tommaso"
61428,"Feinberg","Oldrich"
438682,"Spataro","Tadanori"
273415,"Aumann","Kazuhiro"
481022,"Kaelbling","Jianwen"
37587,"Pfau","Mahendra"
50254,"Servi","Aiman"
246536,"Morrey","Zorica"
414964,"Stifter","Florian"
39031,"Schiettecatte","Yagil"
259611,"Marrakchi","Shuichi"
229184,"Shimshoni","Goo"
47479,"Anguita","Mats"
478660,"Ozeki","Shridhar"
433806,"Hmelo","Conor"
217621,"Moehrke","Otmar"
108461,"Sury","Aral"
258771,"Staudhammer","Jeanna"
26463,"Coorg","Vugranam"
473063,"Kulisch","Kshitij"
451419,"Luke","Lokesh"
450757,"Shobatake","Stafford"
471995,"Anick","Nathalie"
406462,"Iwayama","Leaf"
422343,"Diderrich","Lubomir"
410830,"Ossenbruggen","Vishu"
232110,"Hebden","Changho"
104238,"Desikan","Shao"
286721,"Melton","Dzung"
276578,"Luff","Sibyl"
468142,"Cappelli","Arun"
400745,"Pelc","Itzchak"
424162,"Kaminger","Anneke"
34169,"Polajnar","Mang"
473728,"Cardazo","Gladys"
467952,"Malinowski","Khaled"
266185,"Perl","Kazuhiro"
109606,"Pouyioutas","Gita"
43692,"Francisci","Weicheng"
37308,"Beerel","Iara"
408952,"Peir","Gianluca"
451668,"Osgood","Collette"
444030,"Denos","Denny"
233918,"Chaudhury","Mitchel"
419301,"Trogemann","Subhash"
480858,"Zlotek","Yoshinari"
209647,"Rabejac","Arun"
90764,"Akiyama","Mingzeng"
428402,"Remmele","Stein"
467687,"Ramsey","Hatsukazu"
250049,"Mukaidono","Emdad"
27615,"Hutton","Tokuyasu"
404505,"Poujol","Billur"
407197,"Massonet","Rimon"
436496,"Soloway","Chenye"
43095,"Giaccio","Pramod"
429421,"Karlin","Dipankar"
210078,"Ranka","Siddarth"
100007,"Bernardinello","Zine"
432031,"Matzat","Adamantios"
39360,"Alameldin","Xiaobin"
474067,"Birjandi","Yannis"
480992,"Shimshoni","Krister"
479867,"Anandan","Akemi"
298152,"Garnham","Barry"
455603,"Borstler","Berhard"
85093,"Covnot","Nectarios"
457770,"Nitsch","Ute"
414828,"Hutton","Cullen"
433790,"Rusmann","Prodip"
68933,"Leaver","Danae"
268195,"Weisert","Neven"
99400,"Decaestecker","Hitomi"
11849,"Homond","Chenye"
37877,"Kampfer","Erzsebet"
39932,"Esposito","Berthier"
296762,"Panienski","Faiza"
413011,"Barinka","Khue"
480037,"Weiland","Mahendra"
462760,"Baja","Chenye"
10398,"Escriba","Shooichi"
412737,"Beilner","Pantung"
215042,"Hebert","Rajmohan"
420772,"Kulisch","Domenick"
85734,"Marakhovsky","Zeydy"
21897,"Kavanagh","Sampalli"
12890,"Casley","Neven"
269192,"Akiyama","Ung"
204833,"Skafidas","Edwin"
40541,"Curless","Sorina"
20264,"Isard","Zvonko"
274048,"Snyers","Susanna"
261640,"Peres","Youpyo"
248595,"Kalloufi","Chaitali"
16889,"Pardalos","Arve"
268593,"Orlowski","Sudharsan"
96697,"Farrar","Jaideep"
437226,"Ramamoorthy","Nikolaos"
96380,"Yamaashi","LiMin"
480794,"Delgrange","Hinrich"
91552,"Szilard","Xiaocheng"
449229,"Marchesini","Takanari"
414494,"Staudhammer","Narain"
267131,"Ebeling","Berhard"
445459,"Uehara","Petter"
243965,"Azadmanesh","Jaber"
30410,"Menyhert","Feiyu"
12798,"Beeson","Lillian"
274397,"Wendorf","Rimli"
263420,"Bael","Hausi"
460200,"Schaft","Yurij"
297290,"Yamaashi","Huican"
448398,"Speel","Kankanahalli"
105576,"Wilharm","Gor"
243744,"Munos","Kokou"
467323,"Chandrasekhar","Nitsan"
416742,"Pietrzykowski","Hidekazu"
267266,"Ashish","Hiroyasu"
31424,"Lamparter","Dulce"
290442,"Kragelund","Djenana"
90592,"Pettis","Boalin"
406202,"Plotkin","Vitaly"
24187,"Coullard","Aemilian"
205351,"Aingworth","Duangkaew"
466165,"Gimbel","Mori"
42491,"Prochazka","Tetsushi"
238660,"Cooley","Kannan"
206565,"Perko","Goo"
249141,"Gewali","Jamaludin"
460027,"Kamber","Ohad"
294966,"Esposito","Mrinalini"
466629,"Marchegay","Hailing"
405878,"Yemenis","Genta"
76474,"Argence","Zito"
266839,"Savasere","Sashi"
83704,"Landherr","Yinlin"
48060,"Leuchs","Ziya"
31220,"Lund","Radoslaw"
279020,"Gischer","Ronnie"
217561,"Ananiadou","Kiyotoshi"
427824,"Hennings","Chinho"
23496,"Bale","Shigenori"
480887,"Chepyzhov","Kien"
273174,"Butner","Berna"
454239,"Oehlmann","Aemilian"
442345,"Brobst","Kazuhira"
426483,"Gammage","Sachem"
436828,"Tramer","Yonghoan"
94884,"Rodiger","Sudhanshu"
60326,"Antonakopoulos","Gudjon"
295057,"Olano","Itzchak"
59955,"Rullman","Malu"
478250,"Rissland","Ranan"
26772,"Luft","Nigel"
232877,"Gluchowski","Shai"
291183,"Limongiello","Mart"
90105,"Docker","Rosita"
421625,"Besancenot","Renny"
424616,"Roison","Xiaoqiu"
411249,"Takkinen","Yurij"
404202,"Rosay","Elzbieta"
296036,"Bernatsky","Teiji"
91893,"Sullins","Holgard"
19242,"Demri","Kenroku"
95442,"Luef","Zejun"
413513,"Renear","Arno"
272223,"Oberman","Mikhail"
75611,"Backhouse","Olivera"
55572,"Rothenberg","Nishit"
468033,"Hellwagner","Limsoon"
434384,"Babb","Greger"
406304,"Francisci","Kauko"
271921,"Asmuth","Nakhoon"
235875,"Asrin","Valter"
419866,"Ghazalie","Shridhar"
452049,"DuBourdieux","Kersti"
423338,"Rosiles","Chuanti"
35566,"Hardjono","Augustine"
248982,"Perelgut","Brigham"
475423,"Eiter","Leni"
218552,"Bratsberg","Boriana"
26053,"Szmurlo","Heekeun"
408167,"Demizu","Greger"
437672,"Weisert","Maris"
437930,"Detkin","Ziva"
67698,"Kusakari","Baocai"
256144,"Wrigley","Phuoc"
52612,"Stenning","Sachin"
242357,"Bouloucos","Yechezkel"
75022,"Qiwen","Kellie"
59363,"DuCasse","Lein"
87749,"Penz","Susumu"
260355,"Shiratori","Dietrich"
241064,"Pettis","Nechama"
473113,"Angelov","Toshimitsu"
420754,"Krupka","Khalil"
407033,"Slaats","King"
56983,"Bamford","Sajjan"
55989,"Tzvieli","Dharmaraja"
286864,"Lienhardt","Larisa"
262799,"Frezza","Herbert"
53977,"Unno","Alper"
70624,"Setiz","Siddarth"
65006,"Zambonelli","Tzu"
47593,"Awdeh","Christfried"
27597,"Garigliano","Fai"
290175,"Rosen","Radhia"
248007,"Kushnir","Divine"
287380,"Lorcy","Huican"
204689,"Copas","Hairong"
294169,"Huxford","Herb"
73381,"Foote","Magy"
433489,"Bahi","Pranjal"
236165,"Pargaonkar","Khoa"
103358,"Legleitner","Takushi"
454880,"Ranst","Jagoda"
430239,"Segond","Jinya"
437902,"Ranai","Mechthild"
415834,"Kenevan","Dannz"
466626,"Benzaken","Tsutomu"
424037,"Langford","Sumant"
105609,"Taubenfeld","Leon"
417423,"Esteva","Chinya"
54164,"Penz","Sahrah"
24460,"Lanphier","Yinghua"
415452,"Lalonde","Shahab"
103474,"Decleir","Alagu"
285257,"Nyanchama","Youssef"
243821,"Guting","Masoud"
477397,"Cannard","Barna"
82969,"Bamford","Ghassan"
104002,"Passino","Subbu"
57450,"Lagarias","Shridhar"
462432,"Morris","Tonny"
24279,"Hinsberger","Krister"
278901,"Talmor","Morrie"
207501,"Lipner","Florina"
260459,"Shanbhogue","Zhaofang"
215386,"Iacovou","Oddvar"
104904,"Valtorta","Ugo"
82827,"Suri","Chikako"
72865,"Muhling","Ronnie"
61439,"Pesch","Jiafu"
16855,"Berztiss","Sashi"
69219,"Redmiles","Shuky"
474543,"Kropf","Giri"
107807,"Granlund","Narain"
58086,"Karlin","Mechthild"
443685,"Levergood","Janalee"
276669,"Deville","Ottavia"
61157,"McConalogue","Shim"
285955,"Coors","Paraskevi"
41103,"Sudkamp","Christfried"
258512,"Farrow","Teunis"
463013,"Chartres","Masasuke"
91812,"Guting","Anyuan"
89515,"Valtorta","Vincent"
291415,"Herbst","Shalesh"
257367,"Pileggi","Jianhua"
97347,"Copas","Anestis"
232464,"Kropf","Odysseas"
30663,"Sigstam","Gurbir"
19025,"Prenel","Urs"
471910,"Massonet","Jeong"
270279,"Ghazalie","Maria"
267763,"Spataro","Bokyung"
433210,"Lorho","Aiichiro"
289966,"Stafford","Berna"
272504,"Ramaiah","Kwan"
93852,"Srimani","Elliott"
25683,"Fandrianto","Gregory"
441280,"Stanger","Mohd"
81007,"Rande","Mototsugu"
274408,"Wroclawski","Frazer"
470197,"Gerlach","Parviz"
62402,"Heusch","Naraig"
418150,"Bojadziev","Huican"
205870,"Heiserman","Paloma"
68267,"Collavizza","Kwan"
41091,"Niizuma","Jessie"
294044,"Terkki","Perry"
95851,"Garnick","Manu"
99920,"Candan","Cullen"
48002,"Buchter","Richard"
265996,"Karnin","Shooichi"
228589,"Leivant","Juyoung"
76707,"Erva","Kwun"
440485,"Wolniewicz","Taiji"
285708,"Juneja","Abdelkader"
91940,"Tanemo","Manohar"
43624,"Pesch","Tokuyasu"
421502,"Merle","Brewster"
297657,"Hennings","Uno"
434131,"Kriebel","Sachem"
232889,"Yetim","Oscal"
289353,"Winter","Nikolaos"
443584,"Kobuchi","Tooru"
264002,"Muchinsky","Dinah"
299114,"Thisen","Emran"
290667,"Vandervoorde","Mingsen"
299893,"Danecki","Bedrich"
422702,"Candan","Rosalyn"
237211,"Lorcy","Xudong"
234311,"Haddadi","Fusako"
70901,"Knightly","Yonghoan"
20537,"Rando","Chrisa"
402778,"Setlzner","Kinh"
55879,"Uludag","Feixiong"
262770,"Kermarrec","Odysseas"
297774,"Melton","Mohua"
203136,"Gihr","Akeel"
10644,"Benaini","Pranas"
441443,"Assaf","Tsvetan"
451578,"Maksimenko","Ranga"
404676,"Cardazo","Elvis"
68139,"Straney","Tonny"
290269,"Mapelli","Sanjit"
473103,"Marchegay","Florian"
42641,"Czap","Otmar"
17462,"Lortz","Shaleah"
439539,"Kusalik","Luisa"
253570,"Barinka","Remzi"
25466,"Herber","Chiranjit"
467304,"Deville","Akeel"
430668,"Rahimi","Rance"
258580,"Ressouche","Yoshimitsu"
401791,"Ibel","Shalesh"
414194,"Whittlesey","Akhilish"
291613,"Coors","Rance"
253615,"Karunanithi","Nigel"
77697,"Marchegay","Tsz"
51716,"Takkinen","Dannz"
61280,"Kushnir","Anyuan"
11897,"Setlzner","Cordelia"
453945,"Luit","Christ"
418460,"Antonakopoulos","Turgut"
268368,"Norsworthy","Khalil"
49729,"Pulkowski","Wayne"
284385,"Marletta","Xiaocheng"
290436,"Karlin","Chenxi"
297026,"Schaar","Niranjan"
204597,"Salinas","Xiaobin"
438324,"Binding","Heeju"
42486,"Mitchem","Mitchel"
465859,"Erva","Sariel"
265936,"Kawashimo","Fun"
228768,"Madeira","Erez"
252023,"Pleszkun","Kwangsub"
288827,"Heering","Yurii"
284208,"Salinas","Satyanarayana"
455494,"Assaf","Moie"
266849,"Asmuth","Gill"
236524,"Wissmann","Almudena"
291895,"Smailagic","Manibrata"
20895,"Jarecki","Adit"
431453,"Ernst","Demos"
79186,"Soloway","Maris"
28604,"Kirkerud","Rafols"
473043,"Redmiles","Yuchang"
222938,"Rohrbach","Jouko"
467239,"Brobst","Danco"
247869,"Heusch","Anestis"
228632,"Figueira","Mats"
223749,"Griswold","Branimir"
459270,"Rajaraman","Greger"
424263,"Schoegge","Martins"
97027,"Georgatos","Mountaz"
285584,"Tischendorf","Vishu"
56723,"Coorg","Seongbin"
477618,"Denna","Naftaly"
265850,"Kolinko","Berni"
432821,"Nyanchama","Sugwoo"
97271,"Comte","Avishai"
83144,"Sooriamurthi","Kwun"
75593,"Merkl","Arnould"
52795,"Plotkin","Jiang"
244388,"Perin","Tonny"
36330,"Frolund","Xinyu"
477162,"Ebeling","Sastry"
97563,"Gomatam","Thanasis"
254938,"Leivant","Angel"
29596,"Lueh","Geoff"
90390,"Kadhim","Marko"
267304,"Axelband","Jordanka"
256723,"Nitsch","Shaunak"
229902,"Asmuth","Yinghua"
441960,"Hopewell","Manohar"
226699,"Bolsens","Zsolt"
80965,"Ghazalie","Sampalli"
443569,"Hiyoshi","Haldun"
258033,"Gubsky","Denny"
203937,"Radhakrishnan","Kwok"
90319,"Peral","Uinam"
438216,"Szmurlo","Frazer"
448937,"Passafiume","Wonhee"
269378,"Puppo","Joydip"
231750,"Siepmann","Arvind"
444756,"Varker","Nahid"
299522,"Ohori","Tua"
446586,"Bakhtari","Weiyi"
49379,"Masand","Mahmut"
48241,"Claffy","Tetsushi"
64583,"Swab","Kazunori"
38280,"Farris","Lunjin"
462266,"Matzat","Kellyn"
465436,"Copas","Basem"
403456,"Peroz","Moni"
259332,"Kilgore","Feiyu"
27472,"Birjandi","Manohar"
214251,"Vidal","Zorica"
434815,"Jansen","Stevo"
225209,"Eickenmeyer","Shuji"
246581,"Benzmuller","Zhanqiu"
461872,"Rodham","Xiaopeng"
442801,"Veevers","Kristine"
441834,"Kusakabe","Lunjin"
468632,"Genin","Nobuyoshi"
297270,"Zucker","Masoud"
263938,"Beetstra","Goo"
442397,"Garnick","Ghassan"
481364,"Klassen","Kazunori"
467909,"Birge","Marlo"
235724,"Bellmore","Malu"
17963,"Gecsel","Danil"
414004,"Kaiser","Shigenori"
232497,"Rosin","Feixiong"
287076,"Harnett","Almudena"
460488,"Munch","Kaijung"
25970,"Lorin","Mantis"
295083,"Yetto","Zhigen"
403708,"Talmon","Naftali"
475163,"Litzkow","Douadi"
76756,"Barvinok","Nectarios"
72699,"Gips","Percy"
25659,"Rissland","Yishay"
453952,"Callaway","Constantino"
35242,"Flasterstein","Ingmar"
72208,"Chiodo","Stepehn"
408621,"Jiang","Masaru"
440999,"Pepe","Baruch"
450825,"Demizu","Jiann"
459925,"Mawatari","Alagu"
85155,"Lichtman","Bikash"
215882,"Hammerschmidt","Mong"
101587,"Puppo","Hironobu"
100488,"Luce","Kayoko"
232476,"Asser","Toshimori"
472669,"Lemarechal","Kellyn"
234147,"Brizzi","Heon"
239021,"Foong","Christ"
472873,"Validov","Jiang"
431398,"Antonakopoulos","Takanari"
416196,"Cannane","Angus"
214331,"Docker","Morris"
38641,"Rosaz","Zeljko"
104029,"Pagter","Alper"
237208,"Thombley","Zejun"
421152,"Schrift","Shuichi"
243871,"Kilgore","Chanjung"
234325,"Awdeh","Gio"
434203,"Farrel","Goh"
103986,"Tempesti","Kenroku"
480550,"Khasidashvili","Caolyn"
100879,"Bojadziev","Yucai"
56433,"Himler","Richara"
52041,"Koshino","Maris"
83132,"Vitiello","Guangming"
292445,"Begiun","Billur"
36408,"Benner","Aloys"
19524,"Rosis","Emran"
276509,"Bala","Weicheng"
41404,"Isaak","Marco"
479245,"Heuser","Hatsukazu"
39063,"Lorho","Shaowei"
17030,"Ramsey","Uzi"
100741,"Ginesta","Serif"
477816,"Zwicker","Serge"
53906,"Bennet","Younwoo"
448789,"Ranai","Lucian"
35934,"Dymetman","Jaewon"
403889,"Fiebach","Muzhong"
57471,"Ciolek","Karlis"
298624,"Alpay","Rafols"
92076,"Kushner","Qingxiang"
75015,"Pappas","Yannik"
245031,"Malabarba","DAIDA"
211537,"Nergos","Guozhong"
447931,"Jeong","Martijn"
408247,"Stenning","Tamiya"
417662,"Halloran","Tuval"
415363,"Shackell","Conal"
412162,"Pettis","Sedat"
96619,"Bratten","Rasikan"
250141,"Chenney","Brewster"
204882,"Pappas","Jianwen"
277269,"Chleq","Piyush"
94876,"Karlin","Djenana"
427985,"Warwick","Adel"
280326,"Karlin","Tooru"
22296,"Petersohn","Leni"
253080,"Molenkamp","Nalini"
68605,"Jumpertz","Yakkov"
233153,"Brodie","Huan"
69790,"Leslie","Werner"
67980,"Heemskerk","Shigeichiro"
421073,"Sullins","Kish"
232050,"Weedon","Tomoyuki"
271893,"Godskesen","KayLiang"
401307,"Bala","Abdelkader"
218161,"Solovay","Chuanyi"
444071,"Hasham","Shaibal"
103056,"Talmon","Sarita"
275109,"Chelton","Berry"
75208,"Georgatos","Kazuhito"
45219,"Polupanov","Lalit"
424062,"Slaats","Masami"
47746,"Budinsky","Elzbieta"
461089,"Huhdanpaa","Marsha"
58466,"Roisin","Cullen"
234454,"Schonegge","Pohua"
272655,"Skrikant","Dines"
25784,"Zeleznik","Valeska"
97870,"Socorro","Leah"
473597,"Kalafatis","DAIDA"
406492,"Lung","Feiyu"
443473,"Marquardt","Vitaly"
255490,"Hempstead","Arne"
38248,"Mahnke","Jaroslava"
90954,"Serra","Spyrose"
66718,"Rothenberg","Jianwen"
414188,"Juneja","Taizo"
273129,"Whitcomb","Sumant"
25328,"Schmittgen","Youssef"
435166,"Awdeh","Shahid"
266870,"Bernatsky","Kristinn"
78210,"Danley","Valter"
34674,"Lundstrom","Harjit"
432902,"Trelles","Bedir"
233398,"Streng","Boalin"
21907,"Crooks","Ziva"
459665,"Zucker","Almudena"
463185,"Rosay","Yahiko"
480987,"Constantine","Perry"
259446,"Selvestrel","Matk"
57610,"Vecchi","Khaled"
108185,"Schaar","Uri"
50569,"Sommer","Fox"
277070,"Wissmann","Danae"
271789,"Aamodt","Valeri"
480653,"Serot","Etsuo"
432365,"Slaats","Basim"
216580,"Facello","Susuma"
85335,"Pulkowski","Huai"
427527,"Sidje","Shridhar"
74969,"Alencar","Florian"
53829,"England","Candido"
259038,"Koprowski","Mihalis"
243041,"Cannata","Adhemar"
478905,"Iwayama","Gilbert"
236895,"Vecchi","Yoshinari"
299947,"Tiemann","Slavian"
86504,"Maliniak","Sverrir"
43174,"Aamodt","Mariusz"
443346,"Biros","Alair"
262079,"Koshino","Florina"
39777,"Pusterhofer","Shuho"
27397,"Pepe","Bojan"
57886,"Kawashimo","Fuqing"
65773,"Thiran","Jaana"
28379,"Sury","Taegyun"
416368,"Pelc","Abdelaziz"
103827,"Staudhammer","Shen"
470910,"Wolniewicz","Mircea"
250724,"Zykh","Naraig"
289077,"Szmurlo","Werner"
411499,"Stentiford","Leif"
252825,"Cannard","Premsyl"
480045,"Denis","Foong"
415403,"Masand","Uri"
101698,"Christ","Danco"
435585,"Dredge","Shalesh"
420259,"Boguraev","Qunsheng"
107821,"Murtagh","Ewing"
83370,"Magliocco","Arlette"
49599,"Gente","Pradeep"
441543,"Hoogerwoord","Kerhong"
294771,"Zyda","Subhada"
263061,"Jenevein","Xiaobin"
98257,"Businaro","Avishai"
456287,"Gill","Atreye"
247836,"Busillo","Peternela"
246505,"Byoun","Hugo"
468555,"Gaughan","Shietung"
206051,"Lowrie","Jeane"
410457,"Leaver","Gaetan"
238028,"Farrow","Chiranjit"
58946,"Suomi","Wayne"
447455,"Vrecion","Yucai"
438983,"McClurg","Waiman"
407481,"Bellmore","Kshitij"
32923,"Leaver","Ult"
470627,"Cooke","Pranay"
433984,"Melski","Tomokazu"
225557,"Terlouw","Odoardo"
58799,"Heuter","Mana"
206451,"Underwood","Susanna"
17401,"Lagarias","Stevo"
102618,"Yoshimura","Bikash"
226097,"Xiaoshan","Weiye"
34403,"Gilg","Hilary"
31841,"Kadhim","Sven"
452867,"Kushnir","Bouchung"
293338,"Baranowski","Marko"
23163,"Herbst","Kwan"
279510,"Munck","Makato"
450091,"Selvestrel","Kauko"
407832,"McClure","Val"
240785,"Hardjono","Rosli"
72681,"Hofstetter","Licheng"
76967,"Matheson","Moriyoshi"
19233,"Nanard","Zhanqiu"
425127,"Mamelak","Amstein"
403350,"Mateescu","Fabrizio"
68889,"Sessa","Niclas"
293072,"Suomi","Geraldo"
27849,"Juneja","Valdiodio"
214808,"Encarnacion","Ashish"
47433,"Rosen","Kazuhira"
82814,"Ernst","Youngkon"
73232,"Carrere","Xiaoshan"
465156,"Poupard","Luerbio"
11271,"Rajaraman","Hidde"
403003,"Ramaiah","Filipp"
263552,"Akazan","Fan"
93850,"Jahnichen","Florina"
459332,"Luan","Krassimir"
99878,"Sidhu","Fen"
216660,"Clemencon","Luerbio"
264399,"Dolinsky","Charlene"
36301,"Wendorf","Takanari"
202440,"Kobara","Mabo"
264279,"Greenaway","Fuqing"
267163,"Remmele","Sanjiv"
235411,"Litzler","Mingzeng"
211940,"Baca","Miyeon"
87605,"Caine","Uli"
289725,"Chaudhuri","Chiradeep"
44667,"Trachtenberg","Gregory"
208240,"Riesenhuber","Hirochika"
479131,"Uehara","Sanjiv"
16715,"Anandan","Satosi"
445508,"Lowrie","Moty"
288078,"Ginneken","Aria"
439344,"Pramanik","Lalit"
250683,"Dymetman","Takushi"
233156,"Denis","Izaskun"
216919,"Rijckaert","Serge"
108390,"Delaune","Udi"
481719,"Papadias","Tran"
407111,"Penz","Panayotis"
236549,"Mateescu","Patricio"
451965,"Ranai","Tsz"
472677,"Daescu","Sarita"
83352,"Sherertz","Panayotis"
69273,"Schwartzburd","Satosi"
248411,"Suwa","Valery"
445505,"Khalid","Vugranam"
412463,"Birch","Serap"
81290,"Strooper","Shigenori"
417434,"Pena","Ranan"
228065,"McFarlan","Mariusz"
79756,"Colorni","Bezalel"
61213,"Kobuchi","Jaihie"
424136,"Gniady","Mads"
58625,"Birsak","Noritoshi"
401780,"Klyachko","Abdulah"
24016,"Gecseg","Dhritiman"
262717,"Matheson","Sivanarayana"
231069,"Siksek","Trygve"
71043,"Mamelak","Kristof"
16036,"Siksek","Alexius"
236994,"Cronau","Nakhoon"
426494,"Schwartzburd","Gill"
274843,"Oxenboll","Munir"
442298,"Kaiser","Junichi"
251063,"McClurg","Vidar"
229801,"Karunanithi","Xiping"
469939,"Matzke","Marsal"
103277,"Gide","Remko"
286346,"Besselaar","Saddek"
73850,"Brattka","Golgen"
19279,"Eickenmeyer","Goo"
240559,"Bhattacharjee","Yinlin"
463849,"Thummel","Ingemar"
207172,"Demke","Teiji"
37555,"Stroustrup","Leni"
470132,"Stentiford","Constantijn"
274227,"Gniady","Chenxi"
229481,"Conti","Shimshon"
36819,"Parveen","Tadahiro"
468388,"Scharstein","Boriana"
230925,"Reghbati","Jayesh"
285291,"McAlpine","Rafael"
472373,"Cummings","Pramod"
425315,"Bergere","Phule"
78016,"Serdy","Feixiong"
278101,"Angelov","Vitali"
27651,"Ulupinar","Ulises"
219476,"Silva","Nadjib"
439759,"Takkinen","Piyawadee"
71297,"Cooke","Tesuro"
237199,"Chinen","Subir"
200105,"Harnett","Bingning"
453096,"Tramer","Cullen"
217910,"Famili","Sivanarayana"
271608,"Speckmann","Susanna"
91429,"Pollock","Shaunak"
35791,"Vigier","Saeko"
272122,"Kabayashi","Isaac"
91382,"Puppe","Oksana"
448035,"Deyuan","Hitofumi"
219268,"Lubachevsky","Neelam"
34891,"Harbusch","Francoise"
236438,"Felder","Annemarie"
417799,"Garigliano","Harjit"
69247,"Zockler","Giap"
258968,"Pokrovskii","Gil"
273179,"Valiente","Steen"
92199,"Beilner","Seongbae"
456274,"Geffroy","Jungsoon"
470247,"Serna","Leah"
450906,"Papastamatiou","Shimshon"
458794,"Haumacher","Divier"
221371,"Percebois","Pohua"
39178,"Perz","Yuping"
468652,"Picht","Guttorm"
44583,"McAffer","Becky"
23416,"Kaiser","Werner"
276086,"Schaar","Giao"
274839,"Burnard","Badri"
413954,"Stafford","Nahum"
20507,"Barreiro","Shakhar"
62088,"Besselaar","Youssef"
258929,"Kobuchi","Edwin"
61800,"Millington","Arie"
477069,"Lichtman","Kazuhito"
248246,"Stranks","Guangming"
17063,"Thiran","Anoosh"
29990,"Glinert","Yahiko"
439365,"Sadowsky","Kitty"
274222,"Sessa","Heping"
418303,"Luby","Sachem"
280005,"Pavlopoulou","Adit"
259318,"Baca","Monique"
405657,"Lund","Luise"
81720,"Heuter","Emdad"
17152,"Pashtan","Chaosheng"
439888,"Billingsley","Youssef"
453699,"Nyrup","Shigeo"
441607,"Zumaque","Susanna"
463312,"Godskesen","Keung"
268608,"Ouhyoung","Nechama"
218307,"Gustavson","Wuxu"
481811,"Imataki","Oldrich"
85137,"Luks","Gita"
88417,"Rossi","Tommaso"
12478,"Hopewell","Yahiko"
27003,"Bugrara","Xuejun"
277170,"Grandbois","Hironobu"
426992,"Negoita","Harjit"
84833,"Openshaw","Ebru"
287181,"Schade","Mariusz"
211347,"Madeira","Arvind"
22150,"Zweizig","Kristina"
268354,"Gist","Temple"
440868,"Gniady","Shawna"
230920,"Itzigehl","Zvonko"
480408,"Rodite","Teiji"
276322,"Narahari","Quingbo"
474567,"Varley","Elvia"
456698,"Bamford","Arve"
431642,"Bresenham","Kayoko"
454241,"Luff","Harngdar"
53384,"Litzler","Persi"
33659,"Matzel","Claudi"
45247,"Kornatzky","Fabrizio"
480901,"Isaac","Insup"
455265,"Jiafu","Doohun"
288464,"Bugrara","Oksana"
466714,"Luft","Akhilish"
21362,"Leuchs","Danai"
294930,"Baik","Remmert"
424069,"Thorelli","Lena"
271854,"Zschoche","Horward"
447013,"Eppinger","Yinlin"
21476,"Gien","Rajmohan"
92810,"Kornatzky","Genevieve"
102318,"Pfau","Howell"
425927,"Wielonsky","Aram"
444234,"Lueh","Luigi"
236259,"Mondadori","Baruch"
257659,"Kadhim","Danae"
256533,"Condotta","Aria"
250484,"Undy","Odysseas"
223945,"Conde","Hironobu"
64388,"Gimarc","Mechthild"
30228,"Peris","Peer"
272816,"Litvinov","Gita"
103414,"Orlowski","Rafols"
477151,"Akazan","Jaewoo"
56704,"Jarecki","Jaewon"
262345,"Pollock","Sigeru"
40755,"Kamber","Leen"
242996,"Demri","Mona"
33949,"Seiwald","Dayanand"
87728,"Luan","Rayond"
401450,"Tchuente","Takahiro"
432086,"Pollock","Ymte"
401349,"Mullainathan","Shaleah"
26942,"Carrera","Selwyn"
105538,"Cannata","Roddy"
283430,"Ratnakar","Pascal"
232133,"Cangellaris","Pascal"
43074,"Panienski","Lucian"
243126,"Lakshmanan","Jagoda"
74577,"Pettis","Trygve"
478274,"Perng","Morris"
223489,"Danner","Aloys"
204755,"Zlotek","Miyeon"
267027,"Kakkar","Udaiprakash"
74853,"Aseltine","Ghassan"
420778,"Peck","Radoslaw"
259867,"Muniz","Theirry"
70847,"Rossi","Jiafu"
447097,"Velardi","Shushma"
251953,"Straney","Douadi"
77346,"Walston","Shir"
474434,"Capobianchi","Van"
14551,"Sinitsyn","Richard"
437059,"Mahnke","Jouni"
481295,"Oehlmann","Nathan"
59418,"Molenkamp","Mori"
75114,"Ladret","Lillian"
238525,"Nittel","Radhia"
211495,"Merel","Hugh"
61486,"Bierman","Weiye"
51684,"Seghrouchni","Yuuichi"
448855,"Llado","Geraldo"
280458,"Pauthner","Navid"
53837,"Zolotykh","Ishfaq"
30204,"Emmart","Chuanyi"
472293,"Gopalakrishnan","Shiv"
65560,"Bade","Rosella"
240677,"Kavanagh","Mingzeng"
223906,"Samarati","Dhritiman"
471531,"Hennebert","Seongbae"
460708,"Stafford","Huican"
246906,"Savasere","Gad"
234820,"Stasinski","Mayuri"
293867,"Bauknecht","Kwee"
83778,"Nitto","Premsyl"
244081,"Lovengreen","Heping"
237665,"Madeira","Ronghao"
228083,"Slobodova","Yunming"
206791,"Benveniste","Shigehito"
296583,"Munro","Fuqing"
254675,"Mandelberg","Kankanahalli"
209143,"Picht","Matk"
94630,"Porotnikoff","Chandrasekaran"
31314,"Rothenberg","Kamran"
262948,"Birsak","Lokesh"
463989,"Honglei","Munenori"
468196,"Rusterholz","Mayumi"
56693,"Halloran","Vesna"
423817,"Neiman","Rosita"
46307,"Braccini","Jeanna"
294890,"Suwa","Shrikanth"
51594,"Vecchio","Huai"
211684,"Gunderson","Vidya"
472562,"Chepyzhov","Bogdan"
256021,"Gammage","Fay"
72969,"Setia","Xinan"
42045,"Massonet","Eberhardt"
400472,"Sinitsyn","Leen"
205769,"Lenart","Jinpo"
266522,"Grabner","Caolyn"
23231,"Puoti","Eishiro"
207679,"Rosti","Vasilis"
468222,"Stranks","Chanjung"
203374,"Vecchio","Mohd"
447070,"Rettelbach","Ulises"
253787,"Bottner","Filipe"
253756,"Peltason","Nahum"
17732,"Moehrke","Wilmer"
466150,"Malinowski","Hongzue"
200119,"Poehlman","Frazer"
105235,"Bernatsky","Neelam"
46424,"Deyuan","Tommaso"
38017,"Himler","Ulf"
39524,"Sinitsyn","Volkmar"
428301,"Przulj","Isamu"
406826,"Linnainmaa","Zhaofang"
236537,"Osgood","Licheng"
282501,"Rande","Kristinn"
17662,"Valtorta","Berry"
477938,"Chiodo","Amstein"
275972,"Argence","Arto"
104319,"Sherertz","Toney"
456061,"Menhoudj","Perry"
241145,"Sundgren","Kwee"
49341,"Klerer","Basem"
218514,"Birjandi","Van"
410912,"Khalid","Masoud"
102414,"Monkewich","Tsz"
273924,"Constantine","Moss"
62170,"Frolund","Stamatina"
448711,"Uludag","Chirstian"
447590,"Benner","JoAnne"
58441,"Anger","Shmuel"
203334,"Magalhaes","Shiv"
449876,"Terekhov","Valeska"
254462,"Carrere","Indrajit"
426966,"Vendrig","Martina"
246558,"Kakkad","Hitomi"
224547,"Plesums","Fun"
101022,"Masada","Giao"
479924,"Gelosh","Tsutomu"
403257,"Staylopatis","Conal"
279357,"Stiles","Manibrata"
410307,"Simmen","Aleksander"
286376,"Prochazka","Jouni"
32846,"Leonhardt","Zito"
421700,"Byoun","Zengping"
291834,"Slutz","Miomir"
291140,"Bernardeschi","Abdulah"
440011,"Schaad","Gretta"
416782,"Fraisse","Xiaoshan"
416468,"Lorho","Maria"
64476,"Petersohn","Shalesh"
213266,"Georgakopoulos","Yinghua"
72962,"Bade","Yishai"
88593,"Kohling","Atilio"
32653,"Wielonsky","Renny"
109287,"Itzigehl","Bedrich"
217340,"Nitsche","Vivian"
290274,"Cooley","Nahid"
411845,"Radivojevic","Chinho"
70452,"Trachtenberg","Vesna"
88577,"Ermel","Lenore"
273288,"Mersereau","Shigehiro"
204024,"Eterovic","Alenka"
278364,"Hammerschmidt","Sivanarayana"
422760,"Krider","Heon"
229566,"Gadepally","Bokyung"
240647,"Hopewell","Renee"
241893,"Penz","Kwangho"
430040,"Zultner","Margareta"
79910,"Honglei","Gad"
107930,"Teitelbaum","Gennady"
68521,"Terwilliger","Gil"
298180,"Hofman","Moriyoshi"
44813,"Baaleh","Bokyung"
23694,"Angel","Ugo"
248981,"Pehl","Mabo"
212576,"Hofstetter","Angel"
475769,"Ritzmann","Kazuhisa"
260668,"Furudate","Kyoichi"
455021,"Hennebert","Danel"
63591,"Zultner","Martien"
36070,"Hagimont","Becky"
236829,"Tagansky","Itzchak"
478742,"Hainaut","Renee"
293241,"Casley","Shan"
466009,"Pelc","Aria"
18132,"Heyers","Tetsurou"
283755,"Rosaz","Isaac"
252722,"Melski","Domenico"
215550,"Bresenham","Lein"
427028,"Bernardeschi","Saddek"
272981,"Demos","Gritta"
265775,"Ranka","Hilary"
412946,"Gammage","Arno"
237437,"Litecky","Lein"
226874,"Ernst","Khaled"
224718,"Felder","Abdelghani"
52650,"Makinen","Shooichi"
409970,"Provine","Kenton"
60469,"Kampfer","Angel"
39832,"Antonakopoulos","Wilmer"
206905,"Fandrianto","Ult"
432397,"Lambe","Eran"
256252,"Munawer","Atilio"
22952,"Encarnacion","Hausi"
454718,"Pusterhofer","Bokyung"
28054,"Lamba","Guozhong"
411240,"Kropf","Valeska"
23280,"Matzel","Along"
440264,"Biran","Izaskun"
427138,"Vidya","Bernd"
439876,"Jording","Nakhoon"
259677,"Orsini","Jaana"
18306,"Fordan","Tua"
416374,"Kropf","Vasilii"
58513,"Orsini","Gadiel"
217670,"Whitcomb","Demos"
72722,"Eickenmeyer","Fumitaka"
287019,"Iwayama","Ronnie"
10417,"Bakhtari","Bingning"
26452,"Vecchio","Billur"
23887,"Fairtlough","Shaibal"
425154,"Ghazalie","Mohamadou"
17534,"Crelier","Indrajit"
464521,"Dichev","Hiroyasu"
227101,"Zeilberger","Piyawadee"
73694,"Ranta","Jaques"
240794,"McClure","Aruna"
418190,"Irland","Billie"
282830,"Dahlbom","Fai"
276615,"Baaleh","Masamitsu"
229461,"Raczkowsky","Berto"
15967,"Klyachko","Ohad"
471566,"Shackel","Urs"
265324,"Vieth","Along"
91555,"Pauthner","Angel"
225148,"Krichel","Odinaldo"
202764,"Grandbois","Oddvar"
464267,"Reghbati","Serge"
285308,"Miake","Domenico"
262907,"Champarnaud","Arve"
231744,"Poehlman","Keiichiro"
468705,"Matzel","Zhonghua"
291736,"McConalogue","Shay"
473022,"Moehrke","Chriss"
219517,"Fabrizio","Sungwon"
462281,"Luan","Nahla"
51448,"Pargas","Yoshinari"
51366,"Klyachko","Mostafa"
238269,"Kirkerud","Gill"
469059,"Hofstetter","Margo"
35120,"Demeyer","Sailaja"
19275,"Lung","Kristina"
425365,"Gaughan","Zhanqiu"
102013,"Unno","Saeed"
60032,"Stasinski","Takanari"
99481,"Akaboshi","Arnd"
47683,"Lund","Jenwei"
407078,"Aloia","Rosella"
201760,"Monkewich","Arunas"
462399,"Ranai","Irena"
25143,"Vanwelkenhuysen","Peternela"
244446,"Levergood","Wilmer"
236491,"DeMori","Lubomir"
455485,"Ananiadou","Theron"
242078,"Streng","Zhongwei"
480641,"Ranta","Marsja"
93304,"Benveniste","Leucio"
71932,"Back","Jeong"
243708,"Pillow","Perla"
462310,"Guting","Sangeeta"
400339,"Varley","Shaibal"
66593,"Improta","Shigeichiro"
67146,"Hertweck","Horward"
221663,"Pileggi","Parto"
107362,"Erman","Xiahua"
254350,"Marchesini","Sigeru"
10378,"Lichtner","Takahira"
291359,"Swiler","Sreekrishna"
412563,"Zschoche","Petter"
244343,"Sethi","Odinaldo"
419019,"Lueh","Ortrud"
56464,"Tempesti","Sadok"
88513,"Weiland","Kristinn"
74245,"Nastansky","Vishwani"
446735,"Tiemann","Taizo"
81936,"Greibach","Chaitali"
16975,"Borovoy","Krisda"
222469,"Uchoa","Fay"
39770,"Lukaszewicz","Hidde"
445242,"Conia","Goh"
437107,"Knightly","Phule"
299225,"Lorho","Hilari"
438235,"Pena","Teiji"
200971,"Jullig","Ferdinand"
297568,"Beznosov","Kristof"
206192,"Ghemri","Vojin"
225073,"Pileggi","Flemming"
476601,"Zschoche","Juyoung"
53094,"Brizzi","Ulises"
459826,"Jakobus","Ramzi"
246541,"Otillio","Luigi"
221334,"Desikan","Ulf"
435315,"Turnbull","Georgi"
12149,"Grandbois","Suebskul"
443842,"Zizka","Pantung"
426362,"Kusalik","Marko"
478917,"Greenaway","Otilia"
59942,"Baja","Ibibia"
19705,"Casperson","Roddy"
10600,"Rettelbach","Emran"
47442,"Kruskal","George"
242543,"Zweizig","Jamaludin"
34091,"Kilgore","Muneo"
251415,"Seiwald","Manibrata"
251976,"Nooteboom","Guenter"
468389,"Tzvieli","Shuji"
18086,"Szmurlo","Brewster"
433116,"Bierman","Bojan"
94694,"Radhakrishnan","Ioana"
286150,"Bail","Shaunak"
266271,"Gihr","Akhilish"
21552,"Masaki","Khoa"
59737,"Jansen","Matk"
220657,"Sinitsyn","Krisda"
217010,"Sommer","Chaoyi"
109367,"Rousseau","Filipp"
70356,"Kirkerud","Shirish"
49090,"Gustavson","Sailaja"
271545,"Negoita","Temple"
262331,"Bondorf","Steve"
408083,"Conde","Qunsheng"
407093,"Suwa","Mohammed"
222796,"Simmel","Arumugam"
65740,"Kalsbeek","Nagui"
443078,"Hennebert","Ortrud"
227774,"Edelhoff","Guozhong"
298208,"Lipner","Roddy"
15980,"Kakkad","Bernardo"
217574,"Gelosh","Roded"
413833,"Krupka","Kannan"
423180,"Puoti","Filipe"
278707,"Pehl","Marc"
57358,"Serre","Valter"
296971,"Baalen","Uma"
289665,"Luga","Nahum"
20203,"Marzano","Huai"
443214,"Juneja","Lakshmi"
476428,"Kambil","Zdislav"
38088,"Emmart","Guiseppe"
448724,"Ramamoorthy","Siddarth"
54463,"Langford","Masamitsu"
84238,"Quaggetto","Jianhao"
266772,"Lenart","Fayez"
212691,"Maksimenko","Anneli"
256534,"Senzako","Berto"
201626,"Aloia","Guiseppe"
200056,"Eiron","Adam"
265104,"Iivonen","Keiichiro"
266481,"Buescher","Tesuya"
68300,"Pargaonkar","Kerryn"
201467,"Domenig","Danny"
24099,"Chiola","Beshir"
421074,"Falster","Zhaofang"
409695,"Rattan","Marsha"
290942,"Poulakidas","Turgut"
54444,"Ranft","Sadok"
438688,"Perly","Aiman"
212330,"Oxenboll","Jouko"
407028,"Hoogerwoord","Qingxiang"
72377,"Calkin","Xiahua"
23273,"Kaltofen","Deniz"
231888,"Dahlbom","Lubomir"
72951,"Brandsma","Shim"
28048,"Ranta","Stevo"
473783,"Marchegay","Steve"
408930,"Lorch","Akeel"
15306,"Katzenelson","Gurbir"
34905,"Molberg","Vesna"
428017,"Ullian","Georgy"
431132,"Sudbeck","Ranga"
467284,"Moffat","Srinidhi"
447281,"Velasco","Akemi"
284621,"Goldhammer","Gino"
22934,"Plumb","Parviz"
451422,"Mundy","Ranga"
258383,"Hertweck","Yongqiao"
102946,"Simmel","Divier"
48138,"Merli","Richard"
32079,"Rothe","Zine"
441328,"Vural","Morris"
438160,"Pagter","Rayond"
233132,"Pusterhofer","Evgueni"
293946,"Merro","Nadjib"
77729,"Deville","Mantis"
293147,"Salinas","Reinhard"
408749,"Condotta","Mingzeng"
289887,"Rettelbach","Tzvetan"
68568,"Raney","Iara"
237516,"Pettit","Aran"
12985,"Hellwagner","Yoshimitsu"
21627,"Spell","Sigeru"
68142,"Nishimukai","Aran"
20111,"Kilgour","Vincent"
106193,"Malabarba","Idoia"
33148,"Bael","Tetsushi"
457568,"Basawa","Parviz"
98353,"Eppinger","Anoosh"
15113,"Giaccio","Zhiguo"
238971,"Erni","Oscal"
215513,"Litzkow","Sigeru"
82866,"Morrow","Sampalli"
467925,"Cronau","Manu"
468080,"Setlzner","Kitty"
246889,"Decaestecker","Randy"
211561,"Pepe","Phule"
226898,"Clouatre","Chinhyun"
440412,"Radivojevic","Eberhardt"
51639,"Czap","Abdelaziz"
71242,"Ozeri","Collette"
232649,"Bauknecht","Anoosh"
463854,"Nitta","Khatoun"
453475,"Gladwell","Aamod"
439354,"Lorys","Xinan"
467249,"Jumpertz","Manton"
235099,"Munos","Zhigen"
408431,"Schmittgen","Debatosh"
408945,"Back","Sadegh"
290236,"Androutsos","Bodo"
255489,"Beausoleil","Kenroku"
15921,"Manderick","Ziyad"
74396,"Taubman","Khoa"
39246,"Papadias","Rafols"
442955,"Kruskal","Perry"
403707,"Swiss","Francesca"
470266,"Irland","Yurii"
420557,"Eastman","Mabhin"
69104,"Bernick","Basil"
425334,"Bugaenko","Shao"
467637,"Morton","Anneli"
443317,"Chiola","Yuriy"
447347,"Lorho","Nobuyoshi"
89528,"Schwaller","Toney"
12565,"Mullainathan","Theron"
274120,"Soloway","Eishiro"
478566,"Luby","Zhongwei"
204798,"Cannata","Tadahiro"
64903,"Kakkar","Larisa"
409090,"Lamba","Ronghao"
54091,"Menhardt","Peternela"
246013,"Goldhammer","Moie"
88401,"Eiter","Evgueni"
248193,"Peres","Xiaoshan"
239089,"Gonthier","Vidya"
12598,"Farrow","Hatem"
299324,"Stasinski","King"
87222,"Kading","Sumant"
93872,"Schoegge","Shooichi"
13154,"Soicher","Shan"
419246,"Speel","Jamaludin"
16914,"Molenkamp","Weijing"
448719,"Heuser","Kamran"
450869,"Bultermann","Apostol"
31711,"Schiettecatte","Denny"
264955,"Muniz","Souichi"
203815,"Piancastelli","Alejandra"
103575,"Verhaegen","Ugo"
79820,"Kenevan","Mountaz"
257930,"Tempesti","Hatim"
95545,"Sichman","Howell"
443239,"Quaggetto","Arunas"
269157,"Asrin","Leaf"
439959,"Legleitner","Serif"
29899,"Juneja","Yinghua"
439322,"Waeselynck","Jaihie"
280275,"Karnin","Bingning"
102115,"Kobara","Keiichiro"
242707,"Werthner","Uzi"
200746,"Lorho","Tremaine"
218438,"Masand","Shakhar"
249064,"Fabrizio","Heeju"
271046,"Birke","Heon"
227063,"Shumilov","Lihong"
50239,"Erni","Yinlin"
260914,"Buchter","Candida"
245848,"Geffroy","Valeri"
94588,"Peck","Shigeaki"
20352,"Osgood","Zito"
445702,"Jeong","Xiaoqiang"
239107,"Prampolini","Debatosh"
443708,"Kabayashi","Bernardo"
281295,"Verhaegen","Tse"
414393,"Honglei","Willard"
10148,"Azumi","Douadi"
284560,"Valiente","Adin"
462056,"Renear","Masoud"
294168,"Basart","Lein"
467233,"Crelier","Arno"
439168,"Penn","Fatemeh"
424948,"Soloway","Gen"
417959,"Diderrich","Gino"
423274,"Gornas","Fox"
24685,"Borstler","Yefim"
14904,"Ouhyoung","Chaitali"
26874,"Schaft","Ishfaq"
267958,"Francisci","Tremaine"
439430,"Farrel","Leucio"
45164,"Sidou","Yakkov"
456395,"Katalagarianos","Martina"
247477,"Kropp","Alenka"
478217,"Falco","Mayumi"
233208,"Turnbull","Shir"
100563,"Jonsson","Shahaf"
98123,"Bazelow","Boriana"
414590,"Heystek","Sampalli"
209006,"Hofman","Masami"
99014,"Siprelle","Adly"
416092,"Schonegge","Masako"
85825,"Zedlitz","Hongzhu"
14705,"Leonhardt","Stella"
439451,"Slobodova","Manohar"
423038,"Strehl","Takushi"
200679,"Jenevein","Baziley"
437241,"Moffat","Angus"
62839,"Fordan","Khosrow"
206798,"Erva","Jinxi"
289385,"Menhardt","Gretta"
255386,"Jeong","Tonia"
480413,"Munke","Mokhtar"
464671,"Angel","Aimee"
227244,"Gruenwald","Moheb"
77707,"McFarlan","Fen"
68766,"Callaway","Gully"
434354,"Falck","Fumino"
239398,"Bazelow","Rajmohan"
205629,"Genin","Guiseppe"
452579,"Azulay","Zhanqiu"
98917,"Navazio","Kagan"
214360,"Halloran","Hyuncheol"
75564,"Chachaty","Sadegh"
74896,"Msuda","Aram"
240814,"Vieri","Filipp"
18929,"Peron","Gift"
456932,"Nooteboom","Holgard"
284489,"Haddadi","Doohun"
12845,"Baar","Florian"
71335,"Rusterholz","Khalil"
48474,"Menyhert","Yongmin"
76927,"Millington","Heeju"
32005,"Spataro","Filipe"
466304,"Breugel","Dipankar"
293214,"Undy","Domenico"
233260,"Picaronny","Marl"
215417,"Biros","Xinglin"
473608,"Restivo","Yagil"
238443,"Dulli","Basil"
214706,"Kitai","Marlo"
54260,"Bamford","Lucien"
288108,"Demian","Kwok"
47751,"Larfeldt","Dharmaraja"
413006,"Heping","Stepehn"
299927,"Anido","Hironobu"
103236,"Sambasivam","Nidapan"
216000,"Melichar","Gal"
82521,"Porenta","Lubomir"
477673,"Woycyznski","Mizuhito"
234284,"Ullian","JoAnna"
468148,"Kuszyk","Fumiyo"
63168,"Peral","Huei"
40268,"Kroha","Shaw"
212238,"Irland","Candido"
444447,"Leuchs","Chuanti"
272681,"Matheson","Jaewon"
250504,"Syrzycki","Genki"
203581,"Ghelli","Harjit"
417182,"Terlouw","Jeanne"
35375,"Lorys","Arup"
418035,"Pollock","Maria"
292970,"Strandh","Xinyu"
256053,"Kleiser","Domenick"
470636,"Bahi","Mari"
434234,"Rothenberg","Younwoo"
284390,"Attimonelli","Mohua"
283269,"Leivant","Fuqing"
63456,"Cromarty","Youngkon"
228140,"Terkki","Mang"
17607,"Kawashima","Ayakannu"
452862,"Begiun","Fumitake"
428158,"Horswill","Masato"
276829,"Nitta","Bikash"
226495,"Warwick","Anyuan"
218919,"Shackel","Abdulah"
62489,"Erol","Fox"
425093,"Worfolk","Roded"
418588,"Makrucki","Valery"
48757,"Gecseg","Stella"
472298,"Larfeldt","Berto"
468904,"Wossner","Emdad"
63802,"Levergood","Youngkon"
79415,"Esposito","Sibyl"
459015,"Meszaros","Marsal"
459961,"Auria","Amstein"
68370,"Willoner","Jianhui"
52728,"Luke","Takahira"
74271,"Coombs","Guther"
422084,"Ranai","Guenter"
240192,"Validov","Teunis"
214180,"Cummings","Kensei"
477925,"Rusterholz","Hatem"
284462,"Waleschkowski","Fai"
299307,"Stavenow","Mara"
292959,"Narahara","Moti"
281582,"Sessa","Behnaam"
49754,"Crelier","Kish"
400023,"Jarecki","Moss"
12703,"Brookner","Luigi"
412951,"Barriga","Paris"
406004,"Fraisse","Pranas"
25144,"Stellhorn","Shaibal"
238836,"Merlo","Gopalakrishnan"
474352,"Rosaz","Thodoros"
209662,"Gien","Valter"
30696,"Egerstedt","Lucien"
456024,"Tyugu","Younwoo"
244098,"Eickenmeyer","Sarita"
98377,"Flanders","Steve"
57167,"Lindqvist","Ramachenga"
253962,"Przulj","Steve"
258610,"Magalhaes","Shay"
241591,"Bain","Aran"
454057,"Sabnani","Jianwen"
419564,"Nitta","Junichi"
414085,"Bratten","Parviz"
445379,"Range","Kankanahalli"
443893,"Strehl","Richard"
59477,"Raczkowsky","Kwangyoen"
250554,"Plesums","Sachio"
25815,"Pettit","Chinhyun"
236007,"Peris","Malu"
226397,"Rodite","Evgueni"
297312,"Przulj","Franziska"
14158,"Setiz","Caolyn"
467881,"Reinhard","Masoud"
446537,"Puppe","Mitsuyuki"
433519,"Valiente","Khalil"
204434,"Wrigley","Ung"
476784,"Schwaller","Yinghua"
472559,"Desikan","Ulises"
433109,"Malabarba","Arie"
218087,"Streit","Byong"
60952,"Oxman","Horward"
468750,"Schonegge","Toshimori"
208832,"Brodal","Snehasis"
275867,"Auria","Selwyn"
202931,"Conry","Goa"
298457,"Bashian","Zeljko"
279011,"Segond","Amstein"
290913,"Lieberherr","Tse"
262234,"Valtorta","Atreyi"
53514,"Dayana","Navid"
33617,"Lamma","Niranjan"
297180,"Krybus","Shrikanth"
68547,"Figueira","Ulf"
65972,"Herath","Monique"
63239,"Lichtman","Dannz"
281468,"Furedi","Sachar"
240839,"Bellone","Christ"
91293,"Ranai","Felicidad"
228290,"Rousseau","Rasikan"
62275,"Byoun","Slavian"
406022,"Asrin","Maha"
49187,"Schoegge","Qunsheng"
462157,"Emmart","Mabhin"
36476,"Bugrara","Weiye"
212366,"Meszaros","Takahito"
56430,"Klassen","Tesuya"
435936,"Veldwijk","Jaques"
32138,"Facello","Anyuan"
434447,"Rosen","Irene"
433446,"Engberts","Masamitsu"
409022,"Fontet","Marke"
408304,"Lorin","Zongyan"
104812,"Fujisawa","Hideo"
437028,"Hutton","Zejun"
81636,"Koshiba","Tomokazu"
432635,"Ramamoorthy","Pohua"
270344,"Erie","Goa"
449962,"Heystek","Marsal"
285577,"Daescu","Patricio"
76651,"Beeson","Zeljko"
440165,"Danecki","Navid"
97522,"Pargaonkar","Aimee"
20148,"Polupanov","Ibibia"
202680,"Kohling","Izaskun"
472137,"Gaughan","Urs"
17352,"Katiyar","Muneo"
236751,"Heuser","Minghong"
72511,"Krogh","Kwok"
425474,"England","Vishwani"
220132,"Thimonier","Patricio"
79755,"Jervis","Ziva"
50645,"Pramanik","Vitali"
218636,"Munke","Ferdinand"
71492,"Greenaway","Lidong"
21452,"Velardi","Noritoshi"
85666,"Pavlopoulou","Jingling"
481752,"Copas","Adhemar"
254924,"Bernardinello","Shooichi"
430757,"Dulin","Ekawit"
43834,"Mundy","Suebskul"
16749,"Demir","Katsuo"
432908,"Nyrup","Faiza"
404068,"Erni","Horward"
453230,"Feldmann","Duro"
222021,"Iisaku","JoAnne"
416669,"Bultermann","Tomoyuki"
479545,"Lalonde","Gian"
471168,"Gunderson","Berto"
454508,"Morrey","Lidong"
226907,"Nivat","Shigenori"
29306,"Akazan","Perla"
94770,"Gomatam","Kamran"
46587,"Baaleh","Macha"
72567,"Iivonen","Patricio"
201007,"Scharstein","Yonghong"
442549,"Vesna","Weidon"
438530,"Schwaller","Xinan"
427889,"Mitina","Akhilish"
35178,"Miara","Stevo"
460949,"Lodder","Taizo"
284040,"Stavenow","Jagoda"
43129,"Keohane","Munir"
285583,"Luca","Brigham"
43356,"Steenbeek","Younwoo"
249494,"Ranum","Boaz"
79711,"Cyne","Boaz"
31356,"Snyers","Tze"
463846,"Bondorf","Anneli"
96974,"Szilard","Vugranam"
35572,"Turnbull","Achilleas"
103317,"Werthner","Aram"
93007,"Miara","Prasadram"
82986,"Cools","Fumiko"
465069,"Gurbaxani","Gregory"
250605,"Muntz","Weicheng"
56108,"Azadmanesh","Sigeru"
40616,"Thummel","Sariel"
268186,"Schnelling","Gonzalo"
89761,"Ritzmann","Felicidad"
81717,"Anguita","Toney"
272804,"Brookman","Jianwen"
24055,"Staelin","Venkatesan"
414465,"Businaro","Kirk"
291712,"Ebeling","Shir"
271803,"Dichev","Tru"
66748,"Herber","Eben"
32052,"Maliniak","Yefim"
461954,"Camarinopoulos","Kasturi"
277841,"Burnard","Lucien"
283297,"Hmelo","Vishv"
100711,"Rosca","Kwangyoen"
418003,"Gulak","Marke"
248782,"Rosaz","Hidde"
221930,"Welham","Kien"
216287,"Heping","Miomir"
443270,"Chvatal","Vasiliy"
473168,"Masand","Jixiang"
461259,"Sooriamurthi","Chaitali"
207588,"Schreiter","Chenye"
86490,"Zultner","Fusako"
19128,"Schwartzburd","Roddy"
444994,"Suri","Evgueni"
284999,"Hebden","Vidar"
298695,"Schrift","Gopalakrishnan"
277285,"Roccetti","Jianhua"
108760,"Demir","Saeko"
207374,"Petersohn","Beshir"
82933,"Zobel","Tesuya"
245276,"Docker","KayLiang"
473854,"Ramalingam","Shaw"
262400,"Fontet","Kousuke"
472295,"Molberg","Sastry"
417980,"Talmon","Elvis"
243793,"Felder","Willard"
52975,"Perl","Ebru"
15203,"Fontet","Adly"
296641,"Bernardinello","Georgy"
243720,"Shiratori","Thodoros"
87419,"Yeung","Nakhoon"
229403,"Matzel","Arra"
234067,"Flexer","Kensyu"
425900,"Kobuchi","Pranjal"
289190,"Hettesheimer","Zhenhua"
58353,"Brizzi","Shen"
73770,"Melski","Goh"
21598,"Vernadat","Yunming"
418667,"Miara","Masasuke"
237319,"Joslin","Kenton"
456519,"Muhling","Yongmin"
207430,"Ebeling","Gay"
265987,"Mawatari","Sverrir"
48478,"Mamelak","Stein"
413095,"Iivonen","Nakhoon"
13608,"Ducloy","Charmane"
461178,"Verhoeff","Masasuke"
245714,"Montresor","Vatsa"
16269,"Condotta","Sanjoy"
422870,"Mamelak","Berto"
263165,"Schrooten","Valter"
76392,"Acton","Cristinel"
61046,"Herath","Becky"
223879,"Swan","Niranjan"
479283,"Hempstead","Patricia"
273857,"Peternell","Feipei"
238627,"Lamma","Marc"
459637,"Weiland","Marsja"
445275,"Egerstedt","Ferdinand"
476271,"Mansanne","Tuval"
266814,"Granlund","Vasiliy"
58286,"Poujol","Yechiam"
59018,"Liesche","Marsal"
218876,"Prampolini","Shaibal"
69982,"Lindqvist","Sanjoy"
407023,"Buchter","Anyuan"
206879,"Anick","Kshitij"
39291,"Kobuchi","Pranay"
409480,"Backhouse","Mrinalini"
278154,"Zucker","Masaru"
79331,"Sankaranarayanan","Georg"
235364,"Keohane","Marie"
409423,"Spieker","Conrado"
273874,"Peron","Sivanarayana"
448903,"Kornatzky","Jaewon"
428348,"Antonisse","Khoa"
92527,"Koblick","Christoph"
246381,"Peha","Feiyu"
68693,"Garnier","Bartek"
68242,"Daescu","Jeanna"
30834,"Erdi","Van"
274605,"Falck","Ronnie"
64213,"Shumilov","Kwee"
235535,"Pettey","Mototsugu"
21617,"Makrucki","Diederik"
270473,"Pepe","Anoosh"
18886,"Peek","Ramya"
454122,"Thiria","Jongsuk"
24088,"Rouquie","Parviz"
48905,"Schoegge","Vishwani"
238036,"Badache","Toshimo"
406910,"Aumann","Jayson"
60095,"Garnier","Bartek"
64226,"Mersereau","Margo"
468882,"Bade","Serge"
441795,"Badache","Achilleas"
269811,"Jansch","Khoa"
418675,"Ambroszkiewicz","Adin"
253981,"Landherr","Ottavia"
447719,"Bernardeschi","Jinya"
425704,"Anger","Zhiguo"
234991,"Heiserman","Kensyu"
475921,"Hiyoshi","Snehasis"
12909,"Lamba","Dipankar"
457380,"Fujisawa","Mostafa"
91310,"Kakkad","Gaurav"
52798,"Peyn","Tokuyasu"
469714,"Ciolek","Foong"
253939,"Luders","Sanjai"
419901,"Monarch","Kyoichi"
261944,"Zlotek","Urs"
281232,"Awdeh","Taisook"
55756,"Warwick","Alair"
10710,"Kermarrec","Sorina"
299619,"Ibel","Apostol"
217141,"Miyakawa","Ibibia"
16051,"Slutz","Yagil"
261621,"Plump","Arno"
84659,"Zyda","Hyuncheol"
40989,"Foote","Fumitake"
34215,"Pietrzykowski","Otilia"
23761,"Menhardt","Jouni"
411365,"Mitsuhashi","Yonghong"
285637,"Crelier","Surveyors"
263971,"Schlenzig","Lorien"
248298,"Tsukuda","Sukumar"
456974,"Kleiser","Shalesh"
440804,"Harllee","Fumiko"
453141,"Yoshizawa","Hironoby"
49217,"Pollock","Persi"
28452,"Sgarro","Doohun"
66272,"Munoz","Geraldo"
465845,"Chinin","Adly"
235753,"DeMori","Oguz"
38833,"Camurati","Shir"
452714,"Ohori","Saniya"
472243,"Rosis","Mayuko"
255773,"Emden","Ingemar"
449370,"Botman","Fayez"
297407,"Babu","Jiakeng"
424113,"Leppanen","Chiranjit"
67303,"Eterovic","Sudhanshu"
441347,"Yurov","Tremaine"
92495,"Eickenmeyer","Dzung"
81379,"Nishimukai","Laurentiu"
222095,"Rotem","Tsz"
66685,"Pavlopoulou","Haldun"
291065,"Candan","Susanna"
207907,"Parhami","Younwoo"
229432,"Peek","Tonia"
224795,"Shokrollahi","Chaitali"
282810,"Merks","Zeljko"
46207,"Juneja","Bernice"
445057,"Coullard","Qunsheng"
260066,"Guenter","Xinan"
425590,"Bernardeschi","Yongmin"
452726,"Colorni","Yannis"
286202,"Giveon","Shichao"
87724,"Vasanthakumar","Niclas"
421760,"Gide","Joydip"
251958,"Servi","Odoardo"
457110,"Brodal","Jayesh"
207105,"Fargier","Sibyl"
60512,"Marwedel","Ziyad"
33045,"Demizu","Quingbo"
230006,"Whittlesey","Yifei"
227052,"Calkin","Macha"
45748,"Irland","Cheong"
79442,"McClurg","Yannis"
100899,"Zastre","Tse"
451793,"Lyonns","Herb"
255713,"Nittel","Dekang"
82309,"Ramsak","Hideyuki"
224680,"Liedekerke","Beshir"
201940,"Maierhofer","Janche"
277702,"Lindenbaum","Bodh"
71840,"Salinas","Volkmar"
466323,"Prochazka","Luerbio"
426404,"Leijenhorst","Hugh"
469232,"Zambonelli","Prodip"
104858,"Isaak","Jiong"
294667,"DuBourdieux","Xuejun"
298360,"Butterworth","Mabry"
455431,"Noriega","Kristine"
212543,"Erdi","Udi"
286168,"Bugrara","Mara"
213962,"Rahier","Pranjal"
63981,"Leuchs","Oscal"
279297,"Wendorf","Yuuichi"
100700,"Sessa","Vishu"
451756,"Fasbender","Huiqun"
295252,"Gladwell","Baocai"
415311,"Jahnichen","Zeydy"
214408,"Krider","Adas"
46643,"Pell","Toney"
468183,"Gulak","Lech"
233961,"Isaac","DeForest"
41684,"Parascandalo","Yakkov"
11890,"Kirkerud","Remmert"
204043,"Rosaz","Waiman"
410703,"Halloran","Kitty"
225232,"Meriste","Pohua"
251213,"Zedlitz","Conor"
36194,"Lichtner","Shih"
282432,"Turnbull","Utz"
481438,"Srimani","Aloke"
430552,"Niizuma","Van"
407886,"Riexinger","Shmuel"
16372,"Terkki","Holgard"
201282,"Savasere","Yahiko"
39767,"Panienski","Munehiko"
268238,"Spell","Lena"
213786,"Deyuan","Adas"
478195,"Gonthier","Luigi"
29151,"Hettesheimer","Slavian"
13769,"Trogemann","Yakichi"
221023,"Aamodt","Shan"
64592,"McFarlin","Zeljko"
470227,"Porotnikoff","Mamdouh"
468283,"Kilgore","Monique"
77724,"McFarlin","Arra"
472894,"Kalafatis","Adel"
226620,"Levasseur","Nalini"
415384,"Serre","Janche"
459835,"Bashian","Marko"
437526,"Talmon","Takahiro"
298053,"Munawer","Yuriy"
223513,"Gornas","Minghong"
431839,"Heemskerk","Shawna"
427541,"Kuzuoka","Dante"
10427,"Sudbeck","Khosrow"
71967,"Casperson","Olivera"
75486,"Zykh","Anestis"
35191,"Antonisse","Shahid"
55719,"Bazelow","Howell"
95523,"Varman","Sachem"
30591,"Ambroszkiewicz","Zijian"
19509,"Velasco","Shushma"
27561,"Reistad","Marin"
215027,"Cannard","Shigeichiro"
431682,"Vesel","Tremaine"
401884,"Lovengreen","Moon"
16487,"Yemenis","Arunas"
272158,"Henders","Alois"
232411,"Schaft","Erzsebet"
255150,"Muhling","Goncalo"
253872,"Fairtlough","Chenye"
214475,"Bodoff","Sumali"
288288,"Ligten","Mohd"
221250,"Worfolk","Prodip"
39370,"Morrow","Seongbin"
255318,"Thimonier","Uma"
16784,"Gopalakrishnan","Sadun"
418430,"Demizu","Sanjai"
267250,"Haldar","Wuxu"
26271,"Crabtree","Yonghoan"
279614,"Herber","Katsuyuki"
272029,"Pietracaprina","Martien"
469574,"Antonakopoulos","Basil"
241814,"Perfilyeva","Danai"
453219,"Boissier","Collette"
258124,"Zolotykh","Mariusz"
220890,"Krupka","Shigehiro"
97609,"Hasham","Aris"
209213,"Heusch","Elzbieta"
217120,"Wiegley","Yannik"
477372,"Wielonsky","Uzi"
17370,"Michaeli","Mostafa"
226977,"Iwayama","Marjo"
402076,"Condotta","Rasiah"
290620,"Hebert","Mayuko"
204926,"Waeselynck","Gian"
248232,"Rodiger","Hinrich"
91756,"Vandervoorde","Xiaobin"
479603,"Badache","Surveyors"
255785,"Ernst","Maik"
26665,"Bugrara","Licheng"
285754,"Stanfel","Atreye"
100511,"Kenevan","Danae"
473610,"Duclos","Taizo"
267187,"Thibadeau","Sariel"
82308,"Herber","Vishwani"
453664,"Alencar","Mohan"
85994,"Kavanagh","Heather"
106805,"Muchinsky","Taegyun"
202636,"Azumi","Francesca"
208483,"Simkin","Pradeep"
38522,"Joslin","Aksel"
229582,"Solares","Kerryn"
241585,"Loncour","Guenter"
217730,"Peek","Bezalel"
465851,"Felder","Gilbert"
292533,"Muchinsky","Zine"
58664,"Dalphin","Teiji"
227605,"Erdi","Mitsuyuki"
204562,"Gelosh","Baruch"
64559,"Schwabacher","Unal"
442138,"Lienhardt","Yunming"
411903,"Rikino","Ziya"
450656,"Androutsos","Heping"
422196,"Matzov","Zhonghui"
245603,"Spieker","Genevieve"
294181,"Georgatos","Georg"
52666,"Holburn","Duri"
454226,"Luca","Takahira"
448002,"Mapelli","Munir"
407885,"Auyong","Shaowei"
203434,"Boreale","Yannik"
215208,"Bardell","Temple"
433269,"Sadowski","Denny"
202927,"Mattern","Vatsa"
40559,"Holburn","Toshimo"
206318,"Bouloucos","Jingling"
232474,"Luke","Ugo"
204237,"Kumaresan","Gay"
470663,"Rosis","Sudharsan"
447837,"Birge","Mechthild"
249043,"Rodite","Almudena"
32703,"Klyachko","DeForest"
87970,"Edelhoff","Mizuhito"
403113,"Papsdorf","Shawna"
16972,"Baezner","Kotesh"
11706,"Remmers","Tesuya"
246095,"Sessa","Uma"
258578,"Murtagh","Takanari"
460781,"Fraisse","Boutros"
205698,"Lally","Rosli"
437702,"Gelosh","Alejandro"
241390,"Baik","Chenxi"
17109,"Msuda","Annemarie"
475664,"Barinka","Hilari"
439132,"Dayana","Faiza"
209798,"Ginesta","Gina"
277608,"Pettis","Vasilis"
215999,"Lamma","Arto"
109181,"Lally","Rildo"
287923,"Kambil","Aram"
216501,"Ranai","Bernd"
56479,"Seuren","Arup"
447694,"Rosis","Sergi"
290433,"Figueira","Anwar"
478288,"Papadias","Theron"
441249,"Mansanne","Aloke"
223768,"Stifter","Mani"
413624,"Simmel","Rayond"
262137,"Velardi","Stepehn"
34585,"Broomell","Mads"
50397,"Chenoweth","Akemi"
206040,"Erol","Muzhong"
34126,"Merel","Goh"
48863,"Linnainmaa","Odinaldo"
401329,"Keustermans","Jolita"
282898,"Straney","Khosrow"
403399,"Iwayama","Jaewon"
401017,"Provine","Shigeu"
11482,"Deverell","Uri"
443856,"Zlotek","Adel"
82028,"Rosenbaum","Kwangjo"
469428,"Melter","Bowen"
97095,"Cannata","Phule"
462964,"Ressouche","Mantis"
34492,"Plump","Sachin"
41015,"Millington","Ronnie"
58132,"Kawashimo","Zdislav"
288419,"Malinowski","Irene"
479958,"Schmezko","Uta"
462543,"Shigei","Fabrizio"
51423,"Niizuma","Weiwu"
51022,"Percebois","Sumali"
36508,"Delgrande","Djenana"
84924,"Waymire","Gino"
415893,"Auyong","Jinpo"
217770,"Schmezko","Sanjeeva"
37188,"Bernatsky","Barna"
49737,"Honiden","Irena"
38161,"Baer","Hercules"
462482,"Fiebach","Torsten"
208594,"Domenig","Doowon"
101287,"Peyn","Haldun"
231596,"Schnelling","Mariangiola"
78327,"Stranks","Tetsushi"
83860,"Avouris","Nidapan"
470328,"Olivero","Gudjon"
406633,"Unno","Kensyu"
36365,"Azadmanesh","Mari"
208052,"Ressouche","Subhada"
41160,"Kavraki","Shaowei"
18581,"Ranai","Mitsuyuki"
257875,"Syrotiuk","Uno"
48374,"Sewelson","Aruna"
31930,"Merlo","Sivanarayana"
456890,"Cools","Cedric"
271184,"Schlenzig","Maja"
244143,"Merks","Heekeun"
221046,"Baer","Jiakeng"
273372,"Back","Arumugam"
432978,"Herath","Pasqua"
295424,"Hmelo","Owen"
425629,"Linares","Van"
267579,"Miara","Maia"
39350,"Chenney","Fumitaka"
34941,"Heering","Susanne"
18353,"Zhiwei","Szabolcs"
64951,"Erol","Charmane"
53412,"Rassart","Dipayan"
95130,"Szilard","Vishv"
299727,"Quaggetto","Kerryn"
462850,"Christianini","Yefim"
223689,"Roccetti","Marit"
82214,"Eldridge","Ramalingam"
429796,"Rahier","Raimond"
249289,"Gerlach","Panayotis"
473569,"Weisert","Jinya"
434641,"Sooriamurthi","Uno"
274698,"Munawer","Tadanori"
61640,"Zeleznik","Achilleas"
288510,"Velasco","Jiafu"
403429,"Cullers","Taiji"
418085,"Sewelson","Bedrich"
82922,"Cesareni","Horward"
234482,"Gargeya","Syozo"
253499,"Azulay","Arie"
268143,"Roohalamini","Arto"
281694,"Rusterholz","Fei"
79815,"Kobara","Duke"
243310,"Baby","Halsur"
242860,"Engberts","Chenxi"
414744,"Schicker","Zsolt"
30774,"Hettesheimer","Gunilla"
93786,"Armand","Satoru"
296183,"Maierhofer","Christophe"
261969,"Boudaillier","Krassimir"
219212,"Suomi","Divier"
79707,"Heuter","Shin"
54952,"Mapelli","Geraldo"
446992,"Georgakopoulos","Goh"
43089,"Ferriere","Pantung"
23821,"Schoegge","Chandrasekaran"
433935,"Kalloufi","Shih"
400447,"Lodder","Sanjiv"
463395,"Vanwelkenhuysen","Toshimi"
421762,"Pouyioutas","Neelam"
233198,"Mateescu","Mara"
71174,"Bojadziev","Adam"
257959,"Panwar","Weiye"
250832,"Arlazarov","Sangeeta"
248283,"Junet","Masoud"
98798,"Lichtner","Baoqiu"
270570,"Pena","Baoqiu"
46418,"Dengi","Akemi"
268768,"Jayawardene","Clyde"
447028,"Ponthieu","Sudharsan"
269962,"Undy","Pranjal"
244950,"Iwayama","Sreekrishna"
97084,"Mandell","Jinpo"
267218,"Porotnikoff","Eirik"
252610,"Hitomi","Renny"
432961,"Sanella","Eldridge"
412050,"Malabarba","Marie"
445952,"Eppinger","Sanjit"
65925,"Klerer","Morrie"
229288,"Nitsch","Kristian"
60730,"Atchley","Mokhtar"
431308,"Birge","Lunjin"
218217,"Bernick","Wuxu"
43526,"Vuskovic","Giao"
82863,"Hambrick","Rildo"
223292,"Savasere","Kasidit"
232947,"Meriste","Noritoshi"
89642,"Begiun","Armond"
469092,"Himler","Haldun"
454737,"Maquelin","Kiam"
444580,"Fioravanti","Trygve"
285371,"Frolund","Hitomi"
92736,"Linnainmaa","Janalee"
439627,"Coors","Danai"
410250,"Rodham","Hatim"
249213,"Baalen","Shalesh"
205569,"Brattka","Marlo"
254111,"Halevi","Trygve"
460212,"Jansen","Zhensheng"
35427,"Krider","Bingning"
223462,"Talmor","Fusako"
17245,"Milicia","Neven"
100361,"Masaki","Roselyn"
445002,"Remmers","Candida"
420836,"Penz","Xuejun"
100669,"Trachtenberg","Shakhar"
269873,"Danner","Hidekazu"
99832,"Alameldin","Avishai"
93865,"Anily","Dzung"
32220,"Cmelik","Genevieve"
481055,"Unni","Almudena"
213462,"Taubman","Torsten"
74455,"Zeidenstein","Jamaludin"
479084,"Birdsall","Gully"
25494,"Winter","Henk"
238209,"Comellas","Manohar"
237137,"Cincotta","Arfst"
431439,"Brlek","Christoper"
402539,"Samarati","Hercules"
208874,"Peek","Frazer"
403652,"Motley","Khun"
97146,"Thorelli","Jagoda"
103525,"Itzigehl","Mohammad"
238565,"Marchegay","Bangqing"
69849,"Hebden","Niteen"
295639,"Gill","Luise"
425248,"Rosis","Elzbieta"
411161,"Chaudhury","Yucel"
294012,"Verhaegen","Mayumi"
277396,"Shinomoto","Zhiwei"
243809,"Gruenwald","Kristen"
210987,"Hebert","Aloke"
83004,"Zockler","Sumant"
422881,"Boguraev","Waiman"
50057,"Magalhaes","Kolar"
424955,"Mansanne","Tsvetan"
90053,"Stifter","Uzi"
17176,"Birsak","Niteen"
261604,"Denti","Djenana"
52356,"Swist","Kazuhira"
426799,"Keirsey","Hatim"
82525,"Emden","JoAnne"
25653,"Schaaf","Visit"
440628,"Rodiger","Denis"
274846,"Krohm","Poornachandra"
468932,"Serov","Surveyors"
44241,"Czap","Muneo"
20714,"Strooper","Koichi"
53049,"Gargeya","Fox"
89970,"Alameldin","Baruch"
230986,"Angelopoulos","Mantis"
98322,"Kaiser","Yuping"
98595,"Kaminger","Syozo"
80070,"Thisen","Mana"
71815,"Kavvadias","Fay"
451564,"Pluym","Arunas"
74918,"Kolinko","Seshu"
65038,"Bressoud","Arto"
40432,"Linnainmaa","Leucio"
418020,"Peha","Tsutomu"
291339,"Baranowski","Manu"
452544,"Tzvieli","Kazuhisa"
205849,"Walston","Masali"
27878,"Nishimukai","Kokou"
65396,"Krohn","Anyuan"
52691,"Redmiles","Shimshon"
418301,"Perez","Torsten"
289918,"Fadgyas","Pohua"
429640,"Colorni","Goh"
215243,"Quadeer","Jaana"
236927,"Pillow","Ayonca"
84338,"Lipner","Yolla"
12234,"Rosar","Miomir"
218236,"Falck","Doohun"
56678,"McAffer","Murthy"
108880,"Rosen","Berna"
430435,"Lortz","Masanao"
105665,"Falco","Tonia"
463150,"Dichev","Berni"
216644,"Eiter","Yakichi"
104589,"Melichar","Aria"
85557,"Nivat","Mayumi"
74147,"Quittner","Gift"
25926,"Montresor","Jiann"
10561,"Joslin","Serge"
416393,"Valette","Chiranjit"
275808,"Swiler","Vitali"
419634,"Joslin","Conor"
75961,"Dusink","Moriyoshi"
101239,"Khalil","Toshimori"
434490,"Vingron","Huan"
220584,"Heusch","Hilary"
469708,"Tagansky","Shaz"
438291,"Barbanera","Erzsebet"
420373,"Cherinka","Munehiko"
263998,"Luks","Gudjon"
83379,"McFarlan","Waiman"
266671,"Benantar","Changho"
109974,"Ressouche","Zhenhua"
433090,"Linares","Badri"
93918,"Giarratana","Xiaopeng"
212390,"Marrevee","Zongyan"
83423,"Arlazarov","Rayond"
430867,"Chiodo","IEEE"
92558,"Diderrich","Radhakrishnan"
54522,"Birsak","Zengping"
68129,"Basagni","Mabhin"
238375,"Tanemo","Weiwu"
203129,"Pfau","Yolla"
263511,"Georgatos","Katsuyuki"
89169,"Fordan","Waiman"
29637,"Vidal","Huan"
42665,"Dusink","Christoph"
87137,"Tsunoo","Aluzio"
427779,"Cardazo","Idoia"
215547,"Varley","Palash"
453716,"Tsukuda","Kiyomitsu"
42934,"Panwar","Masasuke"
421853,"Coorg","Josyula"
406408,"Rothenberg","Foong"
405301,"Kulisch","Mayuri"
224838,"Jumpertz","Mahmut"
25199,"Erman","Matt"
243028,"Mukaidono","Fumiyo"
223747,"Dehkordi","Owen"
95493,"Bernardeschi","Kensei"
54312,"Jeansoulin","Kwan"
439669,"Janetzko","Subhrajyoti"
408696,"Bhattacharjee","Neelam"
208034,"Katiyar","Vitaly"
107430,"Wossner","Saeed"
466115,"Ranst","Piyawadee"
268241,"Luft","Greger"
226113,"Talmor","Szabolcs"
81303,"Berstel","Ghassan"
248633,"Guardalben","Kyoichi"
295056,"Cairo","Serge"
95598,"Desikan","Poornachandra"
446713,"Breugel","Guiseppe"
294807,"Baak","Adib"
220678,"Speckmann","Foong"
257660,"Chimia","Billie"
436461,"Kroll","Sudhanshu"
28953,"Menhardt","Persi"
258275,"Fiebach","Fun"
56360,"Perz","Luisa"
474256,"Swab","Badri"
454381,"Oxenboll","Serenella"
92843,"Carrere","Falguni"
86808,"Bratsberg","Mircea"
438321,"Skrikant","Basim"
298721,"Dengi","Dannz"
28823,"Skafidas","Tonny"
228888,"Bierbaum","Mingsen"
94405,"Escriba","Ramalingam"
431884,"Sullins","Sreenivas"
221172,"Bugaenko","DAIDA"
49877,"Hashii","Maja"
58505,"Nyrup","Takushi"
22049,"Klerer","Ugo"
295533,"Brickell","Rimli"
263385,"Baig","Danil"
55955,"Nastansky","Shawna"
211206,"Demizu","Tonia"
97385,"McAffer","Tuval"
53557,"Aingworth","Gianluca"
23406,"Masada","Masadi"
266473,"Quadeer","Hauke"
443375,"Demke","Khalil"
420620,"Schade","Xiaoqiu"
412821,"Bernick","Kwee"
242877,"Linares","Seshu"
61606,"Keohane","Chinya"
481693,"Gulla","Stevo"
452372,"Peris","Aram"
293061,"Hiltgen","Tremaine"
271808,"Bressoud","Pantung"
461967,"Androutsos","Udo"
269833,"Turnbull","Mihalis"
472397,"Matzel","Danco"
70491,"Zongker","Saeed"
49094,"Jiang","Lihong"
419554,"Hasenauer","Gill"
416903,"England","Piyawadee"
85969,"Peyn","Oscal"
481323,"Erman","Zhenbing"
417169,"Itzfeldt","Pramod"
10521,"Setia","Kwangsub"
68915,"Busillo","Oddvar"
271528,"Koblick","Aruna"
109309,"Riexinger","Xuejia"
34553,"Ertl","Xiaocheng"
16398,"Krzyzanowski","Limsoon"
448246,"Zaccaria","Boaz"
423436,"Kisuki","Mats"
233479,"Morris","Zita"
481915,"Chelton","Syozo"
19100,"Erev","Mantis"
481290,"Ritcey","Xiong"
104276,"Gimbel","Hongzhu"
449734,"Brendel","Sachio"
49151,"Zaccaria","Padma"
230030,"Engberts","Sarita"
88118,"Bolsens","Lena"
57822,"Camurati","Sachem"
58334,"Heydon","Wojceich"
50915,"Vanwelkenhuysen","Kwangyoen"
104454,"Tsukuda","Sachin"
46441,"Millington","Lidong"
54475,"Staylopatis","Dinkar"
87717,"Ratnaker","Weiyi"
463771,"Avouris","Susanta"
429886,"Improta","Christfried"
29571,"Bardell","Youngkon"
424035,"Heusch","Gil"
422820,"Pluym","Kersti"
73166,"Murrill","Toshimi"
265239,"Georgakopoulos","Hiroyasu"
239350,"Peltason","Marlo"
88103,"Bresenham","Goo"
283395,"Albarhamtoshy","Keung"
237627,"Grandbois","Bangqing"
51361,"Setlzner","Juichirou"
252795,"Bashian","Nevio"
413985,"Coombs","Neelam"
257403,"Gadepally","Masasuke"
237946,"Pietracaprina","Matt"
273467,"Skrikant","Lucian"
47767,"Rotem","Goetz"
403095,"Backhouse","Taisook"
472962,"Eugenio","Douadi"
419604,"Huxford","Sumant"
26852,"Cyre","Shaowen"
443131,"Conte","Genki"
234634,"Lores","Georgy"
35069,"Thorensen","Pranas"
204287,"Rande","Rayond"
439118,"Mitchem","Ult"
248365,"Gniady","Xinyu"
297441,"Fujisawa","Baocai"
92631,"Wrigley","Arvin"
416880,"Felder","Shuichi"
469913,"Anily","Ebbe"
261077,"Hebert","Lijia"
42892,"Suppi","Faiza"
71197,"Rebaine","Rutger"
93928,"Axelband","Tomoyuki"
237218,"Cullers","Kirk"
447320,"Anger","Geoffrey"
246234,"Spinelli","Sajjad"
212209,"Munch","Tran"
53617,"Petereit","Shimshon"
461544,"Linares","Mohammed"
406291,"Wrigley","Mizuhito"
225658,"Kakkar","Danai"
479512,"Picci","Mabry"
453165,"Demizu","Cristinel"
51984,"Condotta","Persi"
248594,"Lamba","Zhenhua"
103894,"Tischendorf","Sham"
434336,"Ghemri","Paraskevi"
19498,"Thebaut","Uma"
234180,"Oehlmann","Pranav"
458730,"Rahier","Sergi"
105445,"Hennings","Bernt"
253889,"Lung","Badri"
209555,"Sommen","Shen"
472685,"Borovoy","Danae"
476792,"Kalsbeek","Toshiko"
205736,"Thisen","Hilary"
58160,"Zhiwei","Xinglin"
431218,"Bernardeschi","Vishu"
269733,"Middleton","Tremaine"
99172,"Goldhammer","Chikako"
255237,"Camurati","Halsur"
234129,"Angelopoulos","Jaihie"
429817,"Antonakopoulos","Jackson"
241291,"Roisin","Honesty"
236264,"Parascandalo","Genevieve"
107055,"Tsukune","Hilari"
209765,"Alpin","Yoshimitsu"
454056,"Francisci","Fai"
44879,"Aseltine","Mokhtar"
473837,"Hegner","Shao"
424176,"Schueller","Hitofumi"
421757,"Shackel","Honesty"
245639,"Azadmanesh","Chikako"
239966,"Speckmann","Kolar"
18706,"Schicker","Debaprosad"
465990,"Sessa","Deborah"
431143,"Conry","Xianlong"
57088,"Haumacher","Mizuhito"
462096,"Gischer","Martins"
222118,"Silva","Taizo"
206695,"Xiaoshan","Freyja"
231721,"Landherr","Billur"
415371,"Kakkad","Rafols"
22130,"Siksek","Dante"
452631,"Steenbeek","Demin"
285545,"Uhrig","Fumiyo"
431677,"Piancastelli","Dinkar"
84683,"Thibadeau","Ekawit"
107981,"Mattern","Elvis"
20335,"Stavenow","Christ"
19146,"Oxenboll","Geraldo"
238781,"Leslie","Kensyu"
35669,"Krider","Jinpo"
54639,"Garnham","Kazuyasu"
34133,"Lyonns","Oscal"
464092,"Cronan","Jordanka"
257874,"Hertweck","Marin"
219290,"Schaar","Valeri"
201382,"Schiper","Gererd"
103462,"Bojadziev","Elrique"
43625,"Lanzelotte","Koichi"
290970,"Genther","Akeno"
437727,"Sidou","Pranay"
67565,"Weiland","Make"
224062,"Makinen","Boutros"
406047,"Cooley","Erzsebet"
232509,"Denny","Weiyi"
425588,"Schaar","Vishv"
232358,"Sadowski","Stabislas"
429941,"Manderick","Shaowei"
429977,"Yeung","Nalini"
39522,"Kushnir","Syozo"
430845,"Chappelet","Stafford"
285059,"Comyn","Odysseas"
59129,"Detkin","Masako"
403952,"Rosti","Kersti"
296996,"Setiz","Elliott"
455966,"Rissanen","Guoxiang"
37183,"Kilgour","Sachar"
441535,"Greibach","Barun"
449021,"Lambe","Trygve"
91790,"Crouzet","Jamaludin"
95612,"Kampfer","Adil"
52121,"Strooper","Juyoung"
226147,"Gonthier","Mabhin"
480776,"Standera","Fan"
43014,"Olivero","Vitali"
440787,"Zuberek","Valeri"
423194,"Speer","Aksel"
206876,"Litecky","Shaowen"
291032,"Blokdijk","Elrique"
30462,"Shigei","Tsz"
448182,"Whitcomb","Kazuhisa"
249538,"Thorensen","Hatem"
61300,"Zuberek","Morris"
296617,"Orlowska","Somnath"
15181,"Reghbati","Leif"
42403,"Peak","Fun"
252042,"Heijenga","Nadjib"
85758,"Grandbois","Jahangir"
85647,"Waymire","Kristian"
270616,"Kemmerer","Magy"
297659,"Willoner","Kerryn"
246880,"Zallocco","Mohd"
226040,"Unni","Bilhanan"
69680,"Demke","Reuven"
45873,"Azulay","Shan"
470912,"Warwick","Berna"
20435,"Homond","Oguz"
295463,"Rodham","Masami"
28360,"Yurov","Mabhin"
89918,"Billawala","Gay"
477759,"Mellouli","Akhilish"
458583,"Karner","Licheng"
294391,"Chelton","Xiping"
35283,"Tischendorf","Franziska"
264237,"Sigstam","Shaowen"
227565,"Nourani","Constantino"
263621,"Pellegrinelli","Arvind"
413997,"Narahara","Houman"
23590,"Kushnir","TRUE"
88376,"Prampolini","Khatoun"
477610,"Levergood","Giao"
414482,"Baalen","Maya"
24681,"Aingworth","Zhensheng"
437083,"Lukaszewicz","Mara"
401086,"Linares","Lorien"
27941,"Kroon","Mohit"
406509,"Leivant","Koichi"
415619,"Pesch","Tokuyasu"
460562,"Hertweck","Naftaly"
420155,"Liesche","Youpyo"
47634,"Gihr","Richard"
242306,"Radivojevic","Khaled"
407803,"Chaudhury","Khatoun"
468378,"Passafiume","Mrinalini"
401554,"Kilgore","Angel"
406600,"Garigliano","Kenroku"
41958,"Chiodo","Branimir"
257456,"Beilner","Tadahiro"
245196,"Chartres","Randi"
287292,"Rosch","Faiza"
441528,"Middleton","Chenxi"
447993,"Coombs","Hugh"
465274,"Dusink","Kaijung"
49229,"Madeira","Mamdouh"
246761,"Desikan","Lech"
211750,"Matheson","Rosalyn"
434298,"Angelopoulos","Guenter"
46288,"Genther","Naftali"
28669,"Eppinger","Bernt"
235141,"Ramamoorthy","Nimmagadda"
439807,"Fraisse","Kotesh"
47877,"Picel","Gianluca"
274043,"Kadhim","Wilmer"
224671,"Basart","Golgen"
22051,"Validov","Bezalel"
76174,"Pettey","Souichi"
94172,"Bage","Ronnie"
45698,"Melichar","Sanjoy"
421718,"Shumilov","Mantis"
401388,"Akaboshi","Katsuyuki"
223558,"Navazio","Eldridge"
47137,"Marchegay","Valter"
456686,"Rothenberg","Erzsebet"
15546,"Zaiane","Francoise"
207236,"Masaki","Otilia"
278888,"Steinauer","Sakthirel"
251782,"Aamodt","Somnath"
56386,"Anily","Martijn"
80590,"Lunt","Aleksander"
85665,"Hitomi","Goncalo"
87429,"Wixon","Dannz"
266458,"Breugel","Jeong"
62072,"Cichocki","Dipankar"
46875,"Frolund","Adin"
242825,"Boudaillier","Rosine"
22677,"Lyonns","Uri"
106856,"Cronin","Bernardo"
59185,"Coorg","Qiwen"
206884,"Kopetz","JoAnne"
431773,"Montemayor","Chuanti"
40695,"Feldhoffer","Geoffry"
248366,"Bahr","Ewing"
235694,"Brattka","Kasturi"
50732,"Greibach","Woody"
43988,"Nannarelli","Srinidhi"
29980,"Plessier","Elliott"
15188,"Weiland","Sudharsan"
461574,"Solovay","Val"
67111,"Dalphin","Odysseas"
479758,"Oaver","Shaowei"
28522,"Montresor","Thanasis"
476443,"Asmuth","Ziya"
231253,"Codenie","Hairong"
92283,"Azevdeo","Hilari"
51789,"Vingron","Shim"
209356,"Jansen","Tesuro"
95339,"Uhrik","Tooru"
12651,"Bael","Pragnesh"
90900,"Lichtman","Yucel"
449968,"Feinberg","Gilbert"
69804,"Zeidenstein","Yuriy"
278353,"Kalsbeek","Junichi"
438046,"Turnbull","Perry"
434275,"Schueller","Erez"
419194,"Adachi","Houman"
11023,"Driscoll","Yifei"
26186,"Litecky","Lalit"
469103,"Birch","Barna"
221824,"Orsini","Parviz"
66083,"Reistad","Mamdouh"
409149,"Swiss","Margareta"
443167,"Crouzet","Mircea"
16224,"Slobodova","Honesty"
296692,"Siepmann","Kristina"
71999,"Mitina","Qiwen"
63879,"Fortenbacher","Diederik"
234831,"Ranka","Ramachenga"
257911,"Maquelin","Pranay"
431277,"Ranon","Luerbio"
461278,"Luef","Uta"
254309,"Stamatiou","Xiong"
299248,"Ouhyoung","Huiqun"
244584,"Jayawardene","Fuqing"
290469,"Huxford","Morris"
442532,"Masamoto","Marsal"
443228,"Gecseg","Mohammad"
426283,"Broder","Mandell"
232690,"Ranon","Mikhail"
204342,"Bojadziev","Qingxiang"
61999,"Zirintsis","Hercules"
479313,"Hooghiemstra","Pranjal"
461785,"Bugrara","Shuji"
79062,"Huxford","Hatsukazu"
406455,"Gente","Danny"
431646,"Rissanen","Visit"
421364,"Ramalingam","Huican"
413569,"Jayawardene","Dulce"
298409,"Kampfer","Ugo"
267400,"Erman","Constantijn"
245372,"Pargas","Nectarios"
426430,"Rajaraman","Remzi"
428506,"Conte","Qiwen"
269094,"Lund","Zhensheng"
412302,"Macedo","Marsha"
230971,"Byoun","Tesuya"
78106,"Ratnaker","Ashish"
437418,"Mungall","Xiping"
209829,"Rosca","Froduald"
466868,"Doering","Deborah"
424226,"Emmart","Wojceich"
469101,"Angot","Remmert"
286464,"Rodite","Xiaocheng"
233048,"Waterhouse","Sailaja"
428502,"Miara","Shaunak"
80679,"Tchuente","Tsuneo"
12732,"Takanami","Mara"
411646,"Hutter","Yongmao"
108042,"Chinal","Jayson"
56147,"Picco","Kirk"
57993,"Pehl","Abdelaziz"
280396,"Solares","Shih"
447544,"Kakkad","Stabislas"
36356,"Alblas","Susumu"
94182,"Vesna","Shigeo"
433301,"Chelton","Moheb"
77081,"Fritzsche","Rance"
447125,"Michaels","Eberhardt"
273732,"Papastamatiou","Deniz"
203522,"Biros","Make"
429513,"Ambroszkiewicz","Wanqing"
289302,"Lampe","Mani"
90755,"Ibel","Guttorm"
280958,"Turnbull","Tonny"
251248,"Gihr","Foong"
218883,"Erie","Yongqiao"
24871,"Paludetto","Irene"
461694,"Dratva","Arup"
234195,"Terkki","Luerbio"
474306,"Kinley","Abdelghani"
287277,"Koshino","Pragnesh"
257678,"Demeyer","Bezalel"
255228,"Baranowski","Takahito"
29729,"Bernatsky","Alassane"
431325,"Egerstedt","Valter"
407409,"Brizzi","Huai"
43874,"Naumovich","Niteen"
468872,"Syang","Aamer"
48473,"Glinert","Yishai"
415955,"Openshaw","Arvind"
417101,"Wallrath","Zhonghua"
63483,"Bojadziev","Christoper"
16866,"Ratnakar","Toney"
14182,"Encarnacion","Abdulla"
59433,"Koshiba","Barna"
459980,"Merey","Paraskevi"
240903,"Deyuan","Mohammad"
33823,"Hebert","Greger"
400283,"Kalsbeek","Magdalena"
237170,"Fujisaki","Xiaoqiang"
87779,"Perin","Berthier"
90485,"Stamatiou","Jaewon"
220700,"Highland","Eberhardt"
109993,"Furudate","Danel"
96888,"Hettesheimer","Rosita"
14325,"Lampe","Qingxiang"
283192,"Itzigehl","Willard"
74359,"Gischer","Pramod"
480199,"Msuda","Fumiyo"
41729,"Kushner","Sushant"
431776,"Bahi","Basil"
426684,"Sridhar","Neven"
465223,"Erva","Yishai"
406902,"Back","Fox"
280971,"Peyn","Pintsang"
238990,"Lunn","Gor"
218729,"Vieth","Sadun"
264562,"Hertweck","Manohar"
241695,"Molenkamp","Youpyo"
106779,"Conta","Akemi"
473238,"Camurati","Pranjal"
409433,"Schapiro","Gila"
84484,"Cyre","Dipankar"
28074,"Syrotiuk","Shmuel"
84297,"Mukaidono","Pasqua"
31863,"Biros","Duro"
268885,"Portugali","Gila"
76881,"Pusterhofer","Zsolt"
25382,"Sadowski","Sastry"
425092,"Meszaros","Ebbe"
35005,"Nanard","Akeno"
470124,"Birnbaum","Odinaldo"
58627,"Orsini","Vasilis"
477378,"Munawer","Zengping"
412701,"Jumpertz","Huiqun"
461534,"Marrevee","Maya"
290976,"Fargier","Supot"
236428,"Itzigehl","Hsiangchu"
204884,"Bugrara","Mikhail"
74847,"Chepyzhov","LiMin"
24613,"Stifter","Hitofumi"
67402,"Ruemmler","Maya"
58298,"Sichman","Divier"
46660,"Kambil","Arra"
201088,"Krybus","Lunjin"
46166,"Boudaillier","Yishai"
259950,"Ginesta","Abdelghani"
258761,"Gruenwald","Satoru"
200353,"Zirintsis","Shawna"
27542,"Prampolini","Kazuhisa"
283640,"Sankaranarayanan","Debatosh"
77253,"McAffer","Malu"
63073,"Mitina","Ingemar"
53013,"Thiria","Tayeb"
281862,"Fairtlough","Youjian"
210098,"Milicic","Mingzeng"
252831,"Leonhardt","Yaghout"
476001,"Stroustrup","Lubomir"
472994,"Champarnaud","Danco"
105962,"Nyanchama","Shawna"
33144,"Tokunaga","Bodh"
213721,"Nooteboom","Giordano"
20351,"Vanwelkenhuysen","Matt"
69665,"Fioravanti","Uzi"
49705,"Rousseau","Jaideep"
468527,"Luan","Sibyl"
11205,"Ebeling","Tayeb"
440987,"Radhakrishnan","Hiroyasu"
450961,"Morrow","Moni"
405592,"Delgrange","Domenick"
295055,"Strehl","Kersti"
247262,"Lorin","Manohar"
44602,"Marciano","Youpyo"
237121,"Facello","Constantijn"
461837,"Kalorkoti","Arif"
466287,"Speel","Gou"
434201,"Erbe","Larisa"
14591,"Akiyama","Martijn"
406284,"Haldar","Yuping"
266679,"Narahara","Stafford"
10996,"Rahimi","Matk"
255024,"Jording","Matt"
83759,"Puoti","Tsvetan"
53282,"Ulupinar","Shawna"
38883,"Tanemo","Bartek"
278286,"Shihab","Byong"
419999,"Bugaenko","Shahar"
272542,"Sury","Rosita"
10472,"Lodder","Salvador"
276287,"Kropf","Weiru"
285535,"Guting","Yifei"
243791,"Bazelow","Jianhui"
208999,"Rodiger","Piyawadee"
72404,"Rassart","KayLiang"
471090,"Diderrich","Volkmar"
453736,"Schmiedel","Siamak"
98827,"Covnot","Vasiliy"
28282,"Spelt","Arto"
230079,"Krzyzanowski","Elvia"
105506,"Pollacia","Marsal"
24599,"Gruenwald","Maya"
107380,"Demos","Matt"
77270,"Ecklund","Fen"
222504,"Stasinski","Pranay"
286278,"Roccetti","Takahiro"
107455,"Denny","Amstein"
240617,"Noriega","Leah"
239858,"Baik","Yonghong"
72727,"Basagni","Lunjin"
24568,"Shrader","Along"
459604,"Benzaken","Leni"
218377,"Maccarone","Stevo"
97147,"Swick","Oscal"
292821,"Nourani","Reinhard"
90553,"Bondorf","Bezalel"
446431,"Foong","Youpyo"
404584,"Kolinko","Gennady"
247444,"Tsukune","Georgi"
413671,"Moehrke","Aral"
200253,"Gyimothy","Zorica"
47881,"Schmittgen","Honglan"
88715,"Rohrbach","Luise"
63216,"Berztiss","Geoffrey"
297470,"Cesareni","Candido"
453899,"Peot","Vasiliy"
429107,"Joslin","Mabo"
47569,"Decleir","Alagu"
473588,"Kusakari","Zvonko"
70503,"Hempstead","Shaibal"
406160,"Mukaidono","Foong"
74229,"Shokrollahi","Shahab"
280309,"Bolsens","Chuanyi"
48600,"McAlpine","Candida"
216326,"Zizka","Pantung"
273721,"Wegerle","Kazuhisa"
40693,"Akazan","Serge"
31945,"Usery","Dipayan"
439979,"Pagter","Maik"
435634,"Karner","Willard"
244906,"Imataki","Tremaine"
441526,"Hitomi","Joydip"
450787,"Pashtan","Jeong"
86755,"Zeilberger","Jouni"
57411,"Harnett","Pantung"
30647,"Neiman","Szabolcs"
268732,"Magliocco","Doowon"
477500,"Krichel","Sushant"
458006,"Varley","Alexius"
104388,"Streng","Makato"
240028,"Bodoff","Manu"
63682,"Erdi","Boguslaw"
241365,"Docker","Yechezkel"
481820,"Bade","Theron"
50260,"Shigei","Qiwen"
296441,"Trystram","Macha"
105044,"Pouyioutas","Hairong"
99590,"Anily","Dhritiman"
52872,"Soicher","Perry"
446427,"Gadepally","Wuxu"
262897,"Swiss","Neven"
54110,"Rotem","Subir"
267498,"Baja","Emran"
226154,"Bennis","Hatim"
30305,"Chappelet","Pramod"
48968,"Panienski","Harngdar"
273905,"Karunanithi","Gadiel"
31534,"McAlpine","LiMin"
453232,"Begiun","Xianlong"
101627,"Morris","Munir"
99431,"Kusalik","Prodip"
52191,"Takanami","Chiranjit"
23146,"Chvatal","Collette"
239786,"Lamparter","Mang"
15432,"Simmen","Adib"
479907,"Beerel","Rimon"
209024,"Flanders","Ekawit"
92804,"Roison","Tonny"
93084,"Makinen","Subir"
29621,"Warwick","Horward"
406548,"Crooks","Cullen"
109187,"Usery","Masato"
418604,"Kamber","KayLiang"
285601,"Christianini","Guiseppe"
443388,"Kroll","Lena"
413773,"Radhakrishnan","Randi"
453751,"Pearson","Ekawit"
102181,"Danner","Jacqueline"
53063,"Journel","Kolar"
479382,"Hanabata","Baocai"
221988,"Bratten","Kazunori"
473262,"Maraist","Serenella"
289248,"Loncour","Shushma"
263706,"Czaja","Isaac"
96128,"Frijda","Horward"
294207,"Rando","Aiman"
436083,"Tramer","Emdad"
256005,"Carrere","Djelloul"
264621,"Swan","Premal"
238247,"Paciorek","Jeanna"
284864,"Feldhoffer","Gen"
472612,"Lanteri","Anyuan"
102806,"Gyimothy","Radhika"
400027,"Rodier","Arve"
458175,"Luders","Mats"
233989,"Gulik","Mohamadou"
72127,"Emiris","Sastry"
448880,"Cullers","Khoa"
416022,"Mahnke","Alain"
213926,"Wielonsky","Torsten"
236883,"Olivero","Huan"
20520,"Dalphin","King"
56661,"Kornatzky","Navid"
242557,"Ranai","IEEE"
37414,"Setlzner","Jahangir"
259862,"Templeman","Foong"
400760,"Suri","Uta"
80004,"Viele","Theirry"
19330,"Eppinger","Suebskul"
456541,"Burnard","Akemi"
256741,"Marrevee","Sumali"
64173,"Koshiba","Fumiko"
285071,"Farrel","Hongzue"
440728,"Lieblein","Hitomi"
42250,"Peternell","Giri"
205740,"Ruther","Marko"
57147,"Rebaine","Sigeru"
80466,"Bala","Takahiro"
201981,"Emmart","Hsiangchu"
250560,"Munoz","Rosli"
469694,"Pocchiola","Marlo"
98647,"Zweizig","Munehiro"
213088,"Masada","Ulf"
72163,"Otillio","Licheng"
255367,"Neimat","Reuven"
219402,"Geffroy","Tetsushi"
270831,"Homond","Troy"
250102,"Klerer","Arun"
203064,"Fujisawa","Heon"
46180,"Ghazalie","Yuriy"
220248,"Bresenham","Srinidhi"
216249,"Sherertz","Ioana"
289346,"Valette","Adin"
479181,"Keirsey","Subir"
109127,"Auria","Khaled"
256732,"Ferretti","Otilia"
461328,"McAffer","Mohit"
223444,"Masaki","Martine"
26070,"Mamelak","Tonia"
421111,"Benzmuller","Ziva"
443178,"Porenta","Kersti"
218730,"Milicia","Limsoon"
28029,"Crooks","Irena"
36903,"Vickson","Shan"
299566,"Bala","Parviz"
86525,"Matzen","Tsvetan"
81030,"Cesareni","Kristine"
48984,"Cronan","Ebru"
14595,"Demian","Margareta"
439717,"Mundy","Fei"
35741,"Peltason","Flemming"
97780,"Suermann","Hironobu"
87932,"Hennebert","Ishfaq"
408226,"Schaaf","Alair"
60832,"Baez","Yaghout"
462938,"Porenta","Teruyuki"
216289,"Dehkordi","Gurbir"
67999,"Herber","Sorina"
236899,"Wegerle","Shrikanth"
84882,"Weiland","Chikako"
296052,"Lyonns","Charlene"
479661,"Butterworth","Amalendu"
282046,"Yamaashi","Divine"
268843,"Michaels","Kenroku"
62741,"Gonthier","Arunachalam"
293449,"Schiettecatte","Zeydy"
53648,"Plump","Akeel"
421956,"Hedayat","Kotesh"
84720,"Champarnaud","Akemi"
427840,"Gihr","Holgard"
273183,"Sanella","Youssef"
419484,"Milicia","Jeong"
201154,"Janocha","Mansur"
91644,"Bashian","Jordanka"
31702,"Isard","Florian"
421824,"Sichman","Hausi"
407578,"Falck","Kazuhide"
286840,"Marchegay","Chaosheng"
73548,"Pena","Margareta"
276264,"Decaestecker","Marla"
53243,"Schach","Maren"
402819,"Kandlur","Christoph"
237588,"Passino","Bartek"
465706,"Cochrane","Serif"
70449,"Gruenwald","Weidon"
474065,"Braccini","DAIDA"
439345,"Welham","Samphel"
233458,"Farrag","Lene"
226629,"Itzfeldt","Nakhoon"
255308,"Gronowski","Francesca"
36968,"Siprelle","Shin"
217385,"Smailagic","Sadun"
50542,"Siksek","Neven"
67465,"Wursthorn","Mona"
446951,"Hofman","Udaiprakash"
23290,"Papsdorf","Parviz"
252886,"Breugel","Satosi"
29755,"Perelgut","Giap"
84657,"Lamparter","Shigeichiro"
37622,"Puppo","Mamdouh"
460492,"Kilgore","Adam"
290401,"Fetvedt","Satyanarayana"
238296,"Ritcey","Sajjan"
239071,"Radhakrishnan","Eckart"
230054,"Waschkowski","Xiaoshan"
407034,"Baak","Mostafa"
261989,"Luef","Jixiang"
232753,"Sudbeck","Tadanori"
419390,"Azumi","Mircea"
400712,"Siepmann","Xinglin"
201530,"Salinas","Uno"
80220,"Karner","Fai"
432741,"Dratva","Lene"
296311,"Yeung","Maia"
31898,"Bierman","Laurentiu"
264379,"Serov","Jasminko"
48559,"Impagliazzo","Hatsukazu"
99379,"Wossner","Alexius"
238606,"Veldwijk","Khun"
18026,"Backhouse","Vesna"
421551,"Hebden","Perla"
62824,"Heusch","Werner"
48004,"Foong","Faiza"
253478,"Heuser","Idoia"
235586,"Rissanen","Takahiro"
246544,"Undy","Berto"
456185,"Shrader","Troy"
481678,"Schaad","Giao"
283926,"Juneja","Werner"
462847,"Erdi","Teruyuki"
436836,"Muchinsky","Mads"
246893,"Ramamoorthy","Gadiel"
238467,"Conry","Mansur"
440895,"Redmiles","Godehard"
215630,"Pillow","Berhard"
448934,"Motley","Lalit"
450811,"Marsiglia","Valery"
216635,"Swab","Mara"
21777,"Staylopatis","Zsolt"
64965,"Foote","Xiaoqiang"
102763,"Benzaken","Bernd"
255796,"Smailagic","Bernardo"
280200,"Waschkowski","Kristinn"
434665,"Puppo","Jaroslava"
291678,"Guardalben","Xiaoqiu"
444223,"Ramsay","Krisda"
446703,"Benveniste","Masaru"
281641,"Poupard","Shigeu"
405092,"Hutton","Yonghong"
104223,"Waymire","Mantis"
418948,"Sidou","Badri"
463483,"Narlikar","Younwoo"
222667,"Mattern","Shigenori"
247753,"Carrere","Sanjoy"
447842,"Thibadeau","Itzchak"
224863,"Penz","Sumali"
109903,"Kavraki","Gully"
472205,"Einsfeld","Adit"
277419,"Riexinger","Alejandro"
212372,"Winter","Manohar"
401183,"Bernick","Jeong"
71319,"Mitsuhashi","Kristine"
14184,"Barvinok","Nalini"
35478,"Skafidas","Yoshinari"
478478,"Kusalik","Rajmohan"
299970,"Pargaonkar","Yuping"
285859,"Gadepally","Jordanka"
231373,"Rosca","Behnaam"
29366,"Ohori","Domenico"
267638,"Kriebel","Chuanti"
229426,"Stamatiou","Chaosheng"
273463,"Swen","Francesca"
432863,"Merro","Ingmar"
69448,"Sidje","Teiji"
264511,"Snyers","Yinghua"
50213,"Swiss","Taisook"
420409,"Gunderson","Oscal"
468839,"Dalphin","Satyanarayana"
229893,"Weedon","Ebbe"
464235,"Cannard","Kwan"
472734,"Brendel","Tzvetan"
10865,"Etalle","Danco"
261585,"Dahlbom","Reinhard"
460965,"Rosti","Sajjad"
35779,"Mandell","Lorien"
212153,"Goodrum","Monique"
15043,"Ventosa","Christoph"
234664,"Tiemann","Guozhong"
411213,"Shobatake","Elrique"
278052,"Plotkin","Aria"
255376,"Templeman","Mohamadou"
246067,"Francisci","Heeju"
102637,"Budinsky","Jiakeng"
228675,"Wissmann","Wojceich"
92998,"Perz","Kellyn"
83977,"Yetim","Masali"
285726,"Koshiba","Naftali"
109749,"Milicia","Denny"
410173,"Brlek","Kannan"
63753,"Terkki","Giap"
18557,"Rikino","Kwangsub"
468966,"Bugrara","Sanjiv"
29100,"Rossi","Aris"
479889,"Ramras","Baoqiu"
233504,"Sullins","Niclas"
287953,"Hambrick","Nalini"
12761,"Schaad","Hitofumi"
279063,"Zweizig","Haldun"
251102,"Sabnani","Prodip"
48862,"Farrag","Kersti"
249001,"Ruemmler","Susumu"
450955,"Chelton","Fumiyo"
57398,"Puppo","Premal"
78026,"Henseler","Prodip"
54631,"Levasseur","Fumiya"
258894,"Kroon","Adam"
472938,"Mandell","Zvonko"
297457,"Beerel","Malu"
480401,"Siegrist","Weidon"
269747,"Murillo","Eben"
211492,"Openshaw","Arch"
90199,"Bhattacharjee","Remzi"
299796,"Reinhart","Duro"
475345,"Roison","Rosine"
19106,"Erbe","Hidde"
447284,"Birjandi","Chinho"
75136,"Gladwell","Heejo"
226354,"Kuhnemann","Pranay"
223365,"Pokrovskii","Annemarie"
62080,"Birjandi","Toshimo"
415458,"Ponthieu","Dekang"
95975,"Figueira","Mantis"
15614,"Slaats","Piyawadee"
11002,"Ulupinar","Bluma"
266453,"Huhdanpaa","Goo"
289292,"Terekhov","Shaunak"
49262,"Fairtlough","Willard"
222491,"Zweizig","Guadalupe"
81998,"Iwayama","Mari"
20176,"Sewelson","Adib"
288314,"Xiaoshan","Moriyoshi"
42208,"Guenter","Gao"
476363,"Facello","Muzhong"
442610,"Flexer","Jaideep"
66237,"Monkewich","Shigeo"
297572,"Dredge","Huan"
296377,"Parveen","Phillip"
274708,"Sidhu","Gilbert"
276025,"Herber","Zhigen"
424501,"Casperson","Elgin"
299783,"Raney","Qingxiang"
236711,"Gornas","Fabrizio"
444174,"Pluym","Hirochika"
43592,"Lorin","Oscar"
102931,"Baar","Leaf"
88297,"Bharadwaj","Nidapan"
72974,"Biran","Leaf"
286896,"Spinelli","Mariusz"
434415,"Porenta","Izaskun"
272150,"Karnin","Mariusz"
246714,"Vakili","Adam"
225659,"Erdi","Shahar"
82005,"Yoshizawa","Weidon"
96630,"Porenta","Danai"
259716,"Kolinko","Remzi"
450661,"Schicker","Ramachenga"
243977,"Avouris","Jiann"
24629,"Pelz","Keiichiro"
408995,"Muhlberg","Sungwon"
63147,"Setiz","Susumu"
30400,"Mukaidono","Kannan"
452419,"Basart","Pradeep"
427158,"Kermarrec","Ennio"
103156,"Schiper","Yahiko"
440257,"Lammel","Reinhold"
430129,"Suessmith","Hugo"
400134,"Serdy","Marsja"
107163,"dAstous","Honglan"
474502,"Delgrande","Amstein"
292976,"Passino","Pranay"
441298,"Peck","Fai"
43016,"Barbanera","Jayson"
211556,"Validov","Sachio"
27000,"Chaudhuri","Yuuichi"
205721,"Swen","Mark"
475416,"Chenoweth","Stein"
202703,"Trelles","Janche"
201085,"Clemencon","Yurij"
269118,"Siegrist","Alejandro"
254123,"Guenter","Deniz"
258603,"Simmen","Shen"
91534,"Dalton","Arun"
98021,"Hinsberger","Shih"
14315,"Standera","Baocai"
64357,"Brookman","Dmitry"
457518,"Duclos","JoAnna"
26734,"Chleq","Rosella"
407213,"Setlzner","Amstein"
237618,"Quittner","Moty"
37291,"Crooks","Shuji"
36442,"Pelz","Jianwen"
50983,"Grandbois","Hironobu"
238940,"Hemaspaandra","Mikhail"
208324,"Foong","Kristine"
429064,"Macedo","Kiyokazu"
102425,"Bierman","Leucio"
407126,"Horswill","Eirik"
299578,"Jording","Toshimori"
39971,"Antonisse","Odoardo"
24567,"Vitiello","Ute"
259731,"Flasterstein","Masaki"
108045,"Sinicrope","Ranga"
406149,"Coombs","Zhenhua"
85541,"Veeraraghavan","Zhenhua"
250583,"Trelles","Cristinel"
432931,"McAffer","Martial"
225596,"Luke","Ioana"
103446,"Kuhnemann","KayLiang"
454269,"Benner","Francoise"
298310,"Chimia","Subhankar"
271995,"Barreiro","Hsiangchu"
85313,"Luef","Abdelghani"
28739,"Wixon","Elliott"
283489,"Munoz","Kerryn"
37596,"Swist","Huiqun"
439527,"Murtagh","Zhiwei"
203054,"Krohn","Hausi"
108250,"Anandan","Augustine"
37962,"Radivojevic","Boriana"
434359,"Zultner","Udi"
47006,"Weedon","Brigham"
105510,"Beilner","Aris"
86208,"Gelosh","Ronghao"
456083,"Pardalos","Toney"
94839,"Pesch","Barna"
63559,"Marakhovsky","Shooichi"
432164,"Capobianchi","Leif"
292956,"Munch","Rutger"
280424,"Klerer","Gift"
236450,"Ellozy","Zdislav"
31279,"Jahnichen","Perla"
33348,"Caine","Boutros"
404402,"Driscoll","Zhilian"
421329,"Mawatari","Moty"
87851,"Asser","Aloys"
464349,"Neiman","Fan"
407636,"Dulay","Fumino"
269923,"Vadhan","Sanjiv"
13241,"Narahari","Uta"
84384,"Kermarrec","Aron"
425019,"Capobianchi","Barun"
456052,"Rosaz","Ishfaq"
295340,"Marzano","Ebru"
69503,"Beilner","Val"
424774,"Brlek","Mitchel"
92568,"Koyama","Kenroku"
221204,"Bodoff","Takahito"
56244,"Comte","Geoff"
78573,"Rosiles","Berry"
211882,"Conia","Ingemar"
63462,"Back","Wojceich"
459572,"Sewelson","Houman"
438718,"Deville","Shin"
78628,"Varley","Nahid"
84439,"Marciano","Mizuhito"
88300,"Hofmeyr","Przemyslawa"
26224,"Minakawa","Shrikanth"
425246,"Vernadat","Salvador"
226269,"Zhiwei","Collette"
433049,"Sankaranarayanan","Navid"
22147,"Zockler","Yahiko"
473800,"Lakshmanan","Herb"
89181,"Ranze","IEEE"
462902,"Sommer","Shugo"
460848,"Swiss","Xiadong"
410759,"Besancenot","Arnould"
266850,"Rehfuss","Charmane"
205131,"Veldwijk","Xiaoqiu"
69514,"Vilarrasa","Angel"
22428,"Douceur","Remzi"
10463,"Zaiane","Ung"
105634,"Mullainathan","Szabolcs"
252343,"Kisuki","Slavian"
25371,"Ishibashi","Goh"
433575,"Ventosa","Mabo"
234815,"Steinauer","Lucien"
52252,"Bade","Moty"
52273,"Lindqvist","Tru"
42362,"Streng","Maja"
479559,"Monkewich","Yuchang"
214329,"Quadeer","Nevio"
103383,"Speer","Baruch"
86056,"Hiyoshi","Jiang"
72515,"Ullian","Diederik"
106513,"Haldar","Slavian"
251357,"Serna","Tooru"
32714,"Maliniak","Radoslaw"
109953,"Chorvat","Godehard"
231206,"Servi","Sadegh"
18388,"Ligten","Danai"
230749,"Erev","Aram"
216282,"Pardalos","Murthy"
25635,"Pezzoli","Paddy"
401003,"Sommen","Honesty"
85604,"Merlo","Hiroyasu"
291600,"Tsunoo","Mart"
249951,"Rosen","Luigi"
431403,"Angel","Aemilian"
284290,"Lodder","Heping"
97207,"Goodrum","Cathie"
465779,"Gopalakrishnan","Masato"
279226,"Gopalakrishnan","Isaac"
230085,"Alameldin","Aria"
455378,"Shihab","Gonzalo"
236551,"Flanders","Remmert"
260524,"Peac","Flemming"
260509,"Michaeli","Sreekrishna"
107575,"Shihab","Mart"
477596,"Kushner","Shrikanth"
447752,"Chiodo","Ramachenga"
240121,"Sinitsyn","Kwok"
475551,"Foong","Weijing"
99469,"Kemmerer","Paraskevi"
218148,"Marletta","Hatem"
465466,"Lubachevsky","Bedrich"
242367,"Papastamatiou","Larisa"
73154,"Molenkamp","Odysseas"
87682,"Felcyn","Turgut"
44454,"Besancenot","Toshimo"
293635,"Juneja","Munir"
281379,"Cappello","Sadegh"
283459,"Gill","Shichao"
447647,"Orlowska","Xiahua"
416420,"Heemskerk","Adamantios"
420987,"Stamatiou","Frazer"
222565,"Nyrup","Halsur"
221107,"Coombs","Ziya"
283020,"Fujisawa","Taiji"
41857,"Beznosov","Munehiko"
232599,"Kropf","Haldon"
237337,"Vuskovic","Heekeun"
423094,"Thambidurai","Goetz"
289289,"Pargas","Marke"
260272,"Talmor","Yefim"
439604,"Nations","Bernd"
20721,"Iisaku","Tru"
252917,"Berztiss","Kristinn"
54217,"Madeira","Yechiam"
448537,"Marsiglia","Nirmal"
23891,"Terlouw","Sajjan"
101228,"Verhaegen","Yakkov"
57520,"Bach","Serif"
15151,"Pouyioutas","Urs"
299797,"Ermel","Lucien"
253956,"Loncour","Rosli"
76531,"Hebden","Bodo"
63863,"Conte","Jaroslava"
19248,"Kaiser","Yucel"
299373,"Lorcy","Utz"
278736,"Glinert","Shahar"
237296,"Zeidenstein","Saeko"
101821,"Poulakidas","Ortrud"
229423,"Murtafg","Stafford"
478882,"Yoshimura","Rafols"
40994,"Lammel","Gudjon"
71503,"Plumb","Chinhyun"
475668,"Reutenauer","Mohammad"
273069,"Baalen","Keiichiro"
13176,"Thiria","Pranas"
439142,"Pocchiola","Heping"
226565,"Kroft","Quingbo"
204750,"Yetim","Deniz"
79597,"Caine","Bogdan"
63316,"Segond","Jeanna"
445583,"Bruckman","Morrie"
32558,"Zyda","Snehasis"
442137,"Farrag","Sanjoy"
239894,"Rahimi","Anestis"
451014,"Irland","Sumali"
445610,"Bratsberg","Emdad"
429283,"Argence","Uno"
273238,"Kamble","Yefim"
238493,"Silva","Shuho"
214098,"Billingsley","Masanao"
287591,"Motley","Abdelwaheb"
428156,"Dolinsky","Salvador"
104776,"Genin","Geoff"
17343,"Madeira","Kauko"
68955,"Montemayor","Honglan"
80801,"Ambroszkiewicz","Bluma"
403888,"Karner","Qunsheng"
83523,"Litecky","Shuho"
75517,"Sherertz","Irene"
406614,"Lorys","Arch"
89059,"Falby","Mabo"
461774,"Aloia","Vitaly"
415393,"McDermid","Augustine"
464273,"Bazzichi","Kwangjo"
214137,"Driscoll","Miquel"
68695,"Grospietsch","Jenwei"
441378,"Brender","Itzchak"
419655,"Morrin","Shmuel"
233804,"Panwar","Mabhin"
474728,"Fandrianto","Kousuke"
417973,"Hardjono","Giri"
53312,"Lagarias","Quingbo"
267632,"Plump","Mandell"
475324,"Vendrig","Tzvetan"
447892,"Peng","Kamran"
291805,"Munke","Hyuncheol"
420968,"Jullig","Gou"
49896,"Underwood","Sadok"
244455,"Khalil","Moheb"
468531,"Hooghiemstra","Dinkar"
430644,"Krichel","Alain"
241329,"Kampfer","Shakhar"
109966,"Valette","Khatoun"
83109,"Pocchiola","Heekeun"
51948,"Orsini","Jessie"
45552,"Albarhamtoshy","Aloys"
77666,"Cannane","Golgen"
74274,"Manders","Poornachandra"
400660,"Koblitz","Sumant"
439514,"Kisuki","Kristen"
14028,"Sury","Itzchak"
427149,"Ecklund","Genevieve"
288282,"Luby","Leen"
38446,"Brattka","Sergi"
90137,"Bondorf","Mara"
38431,"Ferretti","Masanao"
439088,"Plumb","Anoosh"
459829,"Talmor","Matt"
403190,"Constantine","Leen"
442919,"Conte","Sergi"
214638,"Vrecion","Percy"
60358,"Sudbeck","Arfst"
10957,"Schnabel","Duke"
254884,"Emmerich","Rasiah"
293617,"Smeets","Shiv"
62742,"Murtagh","Bernice"
412280,"Benzmuller","Kiyokazu"
90317,"Szilard","Kristian"
52885,"Navazio","Oguz"
19201,"Sommen","Arto"
67618,"Kitai","Yishay"
464197,"Polajnar","Holgard"
441832,"Kaelbling","Wanqing"
81150,"Kugler","Shahar"
290198,"Bennis","Stepehn"
53285,"Anily","Pantung"
25137,"Oppitz","Christoph"
417290,"Parhami","Dietrich"
68092,"Gulak","Aleksandar"
448878,"Veccia","Kasidit"
430766,"Tyugu","Fumino"
109140,"Ressouche","Sachar"
85867,"Stiles","Vasiliy"
240048,"Boissier","Xiaobin"
238516,"Cyre","Torsten"
106770,"Srimani","LiMin"
437279,"Botman","Zsolt"
414689,"Olivero","Karsten"
70590,"Cappelletti","Kersti"
446299,"Narahari","Ennio"
245419,"Claffy","Tze"
450809,"Mukaidono","Ziya"
435127,"Lovengreen","Pranas"
262988,"Gist","Feipei"
222917,"Mandell","Yuping"
215867,"Ligten","Reinhard"
416853,"Negoita","Lalit"
270323,"Naumovich","Baruch"
104511,"Isard","Rance"
419374,"Pollacia","Yoshinari"
447152,"Swan","Tetsushi"
208141,"Edelhoff","Shai"
408197,"Zultner","Dietrich"
402049,"Levasseur","Shahaf"
469386,"Cangellaris","Cristinel"
79683,"Winter","Narain"
299720,"Falby","Rayond"
452079,"Avouris","Anneli"
467054,"Baezner","Mountaz"
274574,"Bharadwaj","Chirstian"
285836,"Garigliano","Brigham"
258273,"Maksimenko","JoAnna"
471193,"Erni","Khoa"
445799,"Prochazka","Leon"
407754,"Ranft","Fun"
108894,"Schneeberger","Danny"
237320,"Suomi","Arve"
100068,"Wynblatt","Lijia"
29427,"Matzov","Billur"
92390,"Pfau","Radoslaw"
76326,"Lorys","Geoffry"
30676,"Perez","Yonghoan"
218516,"Kitai","Shunichi"
440462,"Lukaszewicz","Unal"
475003,"Miara","Branimir"
434682,"Boreale","Bodo"
59653,"Marrakchi","Ramzi"
91268,"Azulay","Gurbir"
295000,"Baaleh","Marsha"
412702,"Parhami","Tran"
294193,"Pettey","Subhankar"
200307,"Jiafu","Yongdong"
64897,"Denna","Aksel"
264667,"Mitsuhashi","Uwe"
248492,"Brender","Heping"
102435,"Yavatkar","Garnik"
452766,"Hanratty","Guadalupe"
30788,"Schaft","Kazuhisa"
73391,"Bierman","Eben"
253999,"Cheshire","Jiang"
219948,"Masamoto","Rosalyn"
17646,"Farris","Ramzi"
12046,"Ranum","Xiong"
61259,"Puoti","Shao"
293606,"Maraist","Yuriy"
57293,"Manderick","Maja"
275503,"Buescher","Fumiya"
100673,"Jiang","Giri"
46259,"Chleq","Hyuncheol"
92458,"Comte","Moie"
230562,"Loncour","Ymte"
100378,"Eickenmeyer","Jiakeng"
64457,"Isard","Hilary"
29375,"Cmelik","Mohammed"
220358,"Magliocco","Geraldo"
222811,"Turnbull","Shigeichiro"
242752,"Zucker","Jouni"
108681,"Rosen","Gretta"
219198,"Birjandi","Baocai"
58785,"Welham","Leif"
290294,"Vieth","Seongbae"
61173,"Simmen","Xiping"
72438,"Skogmar","Gudjon"
247086,"Mundy","Boaz"
39448,"Ushiama","Yunming"
79591,"Valtorta","Xiaocheng"
477447,"Binkley","Falguni"
243595,"Strooper","Yonghong"
83044,"Schlenzig","Harngdar"
31076,"Puoti","Manu"
447261,"Erdmenger","Basil"
208637,"Casperson","Lillian"
81932,"Socorro","Froduald"
59606,"Rodier","Ashish"
411062,"Morrey","Mabo"
41759,"Lagarias","Charmane"
296821,"Cooman","Charlene"
251164,"Mateescu","Tsutomu"
281827,"Lienhardt","Visit"
49762,"Uchoa","Heeju"
54359,"Melski","Charmane"
81201,"Knightly","Werner"
478397,"Anger","Mary"
214115,"Nastansky","Khun"
214840,"Mersereau","Yinghua"
429149,"Kushnir","Bernt"
434819,"Legleitner","Duke"
298243,"Georg","Aloke"
233432,"Bergere","Eldridge"
228635,"Rullman","Yuping"
207931,"Hettesheimer","Kazuhiro"
423444,"Comte","Vidar"
82275,"Nastansky","Herb"
84348,"Weedman","Gregory"
43232,"Riefers","Hugo"
10788,"Ullian","Frazer"
411592,"Bhattacharjee","Arie"
477140,"Murrill","Christfried"
439989,"Ciolek","Wayne"
90816,"Stifter","Gian"
434456,"Picci","Maha"
218439,"Jonsson","Amstein"
430489,"Spataro","Fusako"
231306,"Janetzko","Guozhong"
458382,"Krider","Nimmagadda"
256329,"Solovay","Vincent"
419515,"Peng","Aimee"
230187,"Figueira","Uma"
412314,"Milicic","Serge"
53748,"Cappelli","Masami"
76665,"Lores","Barton"
43473,"Lanteri","Itzchak"
436280,"Bridgland","Magdalena"
464390,"Feinberg","Jinpo"
297893,"Hebden","Luigi"
31819,"Dehkordi","Conrado"
417240,"Stafford","Limsoon"
55486,"Bashian","Bedir"
43315,"Neiman","Arunachalam"
246928,"Demke","Yagil"
236752,"Camurati","Matk"
21820,"Khasidashvili","Sanjay"
75492,"Leslie","Mokhtar"
410430,"Rusterholz","Tadahiro"
101292,"Verhaegen","Aruna"
451614,"Dahlbom","Vishv"
66533,"Flexer","Aamod"
226975,"Khalil","Weicheng"
71244,"Munawer","Rutger"
406456,"Baar","Lillian"
425719,"Foote","Leaf"
464689,"Gist","Juichirou"
281957,"Pileggi","Yishai"
242463,"Kropatsch","Changho"
80547,"Cannata","Shakhar"
212693,"Valette","Serge"
105522,"Petereit","IEEE"
74043,"Lamba","Satoru"
43833,"Raczkowsky","Bingning"
238272,"Swick","Nigel"
417061,"Ligten","Tomofumi"
33008,"Birnbaum","Keiichiro"
478737,"Munos","Nadjib"
421108,"Gulla","Krister"
201454,"Dredge","Eberhardt"
295713,"Klassen","Fabrizio"
295291,"Carrere","Mads"
263910,"Heusch","DAIDA"
421647,"Yurek","Denis"
99045,"Tyugu","Adly"
11619,"Ozeki","Taiji"
481657,"Range","Aksel"
245382,"Manders","Salvador"
107619,"Sambasivam","Nigel"
70160,"Cherinka","Ashish"
30670,"Zizka","Lillian"
231947,"Radivojevic","Vasilis"
461594,"Rullman","Oscar"
283174,"Improta","Masaki"
21533,"Marakhovsky","Wonhee"
21120,"Zyda","Shin"
228807,"Shanbhogue","Poornachandra"
431726,"Slaats","Tayeb"
33089,"Potthoff","LiMin"
426915,"Halevi","Youpyo"
241122,"Shigei","Ute"
35314,"Rando","Masato"
32870,"Gammage","Morrie"
243238,"Morrow","Luisa"
36123,"Gajiwala","Sreenivas"
407135,"McClurg","Jenwei"
418107,"Simkin","Arfst"
55608,"Curless","Demin"
75789,"Pena","Shigehito"
284824,"Ligten","Nahum"
283904,"Brodal","Hailing"
43142,"Luce","Tse"
414957,"Rodier","Deniz"
259365,"Birdsall","Bernd"
231640,"Muhlberg","Breannda"
442002,"Baig","Ravishankar"
94384,"Janetzko","Aris"
106471,"Hettesheimer","Teruyuki"
275767,"Varker","Uinam"
231781,"Angiulli","Pantung"
458826,"Douceur","Ranga"
410375,"Rossi","Ymte"
410356,"Belinskaya","Yongqiao"
448575,"Reutenauer","Rimon"
448704,"Navazio","Huican"
286257,"Barreiro","Chaitali"
274884,"Ramras","Chiradeep"
236993,"Armand","Adit"
258380,"Marquardt","Subbu"
68641,"Perly","Florina"
106300,"Waterhouse","Yannik"
271483,"Plotkin","Mohamadou"
268917,"Hasham","Cullen"
69565,"Fioravanti","Moon"
299811,"Harnett","Lenore"
35922,"Marsiglia","Luisa"
24431,"Loncour","Mana"
237625,"Peak","Apostol"
94202,"Fordan","Charlene"
51004,"Ozeki","Jinya"
60943,"Luck","Valdiodio"
18159,"Erde","Jenwei"
405332,"Benveniste","Heeju"
269034,"Furedi","Mayuko"
219190,"Petereit","Qingxiang"
277121,"Ranum","Yuguang"
70681,"Sudbeck","Poornachandra"
106724,"Chvatal","Tetsushi"
81091,"Sinitsyn","Djenana"
16338,"Chartres","Mayuri"
425015,"Cannata","Bikash"
16193,"Ramsay","Basim"
14065,"Stanger","Bikash"
295502,"Yemenis","Huan"
33031,"Cardazo","Isamu"
10640,"Meszaros","Anneke"
100395,"Kavraki","Sadun"
293207,"Quittner","Christ"
220718,"Polajnar","KayLiang"
252899,"Rathonyi","Maris"
428549,"Teitelbaum","Brendon"
56251,"Merli","Zhenbing"
425432,"Fritzsche","Stepehn"
408666,"Liesche","Jasminko"
68006,"Honiden","Emdad"
228076,"Zaumen","Jinpo"
89827,"Selvestrel","Shietung"
67872,"Toyoshima","Adel"
427855,"Theuretzbacher","Tzvetan"
405594,"Unni","Sudharsan"
241745,"Delgrossi","Oddvar"
471679,"Bazelow","Suzette"
441797,"Weisert","Boriana"
254740,"Gips","Yannis"
428454,"Weiland","Ottavia"
296820,"Camarinopoulos","Stepehn"
294170,"Improta","Valeri"
260580,"Cullers","Ranan"
32576,"Auria","Qiwen"
433666,"Stanfel","Torsten"
109913,"Giveon","Howell"
76874,"Asmuth","Kristinn"
42768,"Yoshizawa","Gita"
231127,"Kavvadias","Izaskun"
48696,"Giarratana","Irena"
256593,"Poupard","Mansur"
454535,"Rissanen","Raimond"
284007,"Compeau","Seshu"
477440,"Grandbois","Waiman"
462125,"Chelton","Sigeru"
433898,"Kugler","Erez"
405093,"Matzat","Vidar"
408638,"Xiaoshan","Rimli"
75520,"Rosen","Godehard"
294408,"Gimbel","Arvin"
441706,"Bale","Shuho"
49096,"Picel","Christoper"
21404,"Setiz","Dante"
42839,"Cannard","Remzi"
426583,"Chimia","Alexius"
444709,"Zlotek","Jackson"
437906,"Neiman","Stein"
423143,"Stasinski","Aleksandar"
253636,"Itschner","Yucel"
478757,"Rehfuss","Shaowei"
417100,"McClurg","Uriel"
58032,"Kropf","Neven"
422617,"Spieker","Arunachalam"
218145,"Bamford","Jolita"
295027,"Karner","Zeljko"
200830,"Schauser","Ayakannu"
93150,"Papsdorf","Piyush"
57977,"Leuchs","Zhongwei"
258340,"Maierhofer","Szabolcs"
237592,"Brodie","Abdelwaheb"
254336,"Danlos","Adin"
52451,"Botman","Faiza"
405202,"Brickell","Yishai"
28622,"Hofting","Shin"
440931,"Dratva","Yinghua"
470413,"Poehlman","Uzi"
49745,"Improta","Vitali"
448763,"Jiang","Jeanna"
13413,"Iivonen","Sanjit"
443694,"Silva","Surveyors"
299207,"Lieberherr","Phuoc"
264822,"Haraldson","Maria"
59112,"Eastman","Bernice"
57876,"Jervis","Danai"
104610,"Peak","Fusako"
100545,"Kaiser","Leif"
410875,"Swab","Angel"
218261,"DuCasse","Ranan"
53703,"Bahl","Rafail"
216488,"Perng","Djenana"
206228,"Karunanithi","Xiadong"
203224,"Crooks","Randi"
24969,"Baby","Subhrajyoti"
293463,"Gulik","Changho"
232633,"Sigstam","Eran"
416372,"Skogmar","Chikara"
269612,"Vandervoorde","Gregory"
229828,"Attimonelli","Martina"
281147,"Terlouw","Karlis"
220855,"Leuchs","Froduald"
215519,"Quittner","Golgen"
241885,"Ananiadou","Bezalel"
449601,"Baezner","Mariangiola"
248094,"Lupu","Valeska"
473269,"Marchegay","Janche"
45512,"Czaja","Matk"
246756,"Schwartzburd","Suvo"
79677,"Mundy","Kwangho"
65262,"Llado","Masanao"
107906,"Yavatkar","Nectarios"
278451,"Jiafu","Charlene"
268371,"Krybus","Shahab"
218091,"Oaver","Tomofumi"
87075,"Beutelspacher","Chrisa"
280910,"Dehkordi","Arve"
11936,"Jonsson","Oddvar"
414818,"Qiwen","Pintsang"
79632,"Marwedel","Chirstian"
403317,"Itzfeldt","Adit"
85714,"Cmelik","Oldrich"
271870,"Menyhert","Marco"
219102,"Arlazarov","Xiaoheng"
200257,"Imataki","Wayne"
217945,"Georg","Shmuel"
102672,"Bashian","Tze"
51865,"Llado","Douadi"
459759,"Hagimont","Charmane"
64675,"Axelband","Nectarios"
442534,"Janocha","Feipei"
479210,"Haldar","Kristof"
219362,"Zhiwei","Katsuo"
97109,"Einsfeld","Arto"
251231,"Kobara","Lillian"
80270,"Jonsson","Fen"
66140,"Walstra","Isamu"
97943,"Rohrbach","Nakhoon"
279338,"Hiltgen","Sreekrishna"
66663,"Naumovich","Dietrich"
11061,"Erni","Pintsang"
468438,"Ramsey","Patricia"
246182,"Heydon","Jahangir"
97684,"Griswold","Rasikan"
105936,"Thibadeau","Vidar"
441773,"Cesareni","Shigenori"
454740,"Rosaz","Dhritiman"
281410,"Busillo","Nathalie"
249655,"Escriba","Moheb"
275017,"Gyimothy","Hiroyasu"
212598,"Miyakawa","Marsha"
234750,"Stemann","Gregory"
421565,"Atrawala","Hidde"
70916,"Brendel","Nishit"
101075,"Werthner","Masanao"
97716,"Gill","Yefim"
85901,"Hagimont","Tommaso"
267754,"Lukaszewicz","Lein"
241697,"McDermid","Tadahiko"
51231,"Stassinopoulos","Limsoon"
217607,"Schwartzburd","Avishai"
100602,"Kinley","Ingmar"
245562,"Chiola","Panayotis"
43040,"Nittel","Ulises"
261182,"Baumann","Mahmut"
50375,"Kampfer","Tiina"
402749,"Tzvieli","Subir"
288808,"Homond","Hailing"
229485,"Thiran","Dharmaraja"
84349,"Christ","Kwangsub"
225298,"Mansanne","Atreye"
479241,"Bernatsky","Gudjon"
249155,"Sherertz","Radhia"
421402,"Sury","Danai"
82322,"Setlzner","Mitsuyuki"
251269,"Breugel","Dipankar"
431826,"Lorie","Serenella"
44218,"Jeong","Goh"
225819,"Anger","Arvind"
279775,"Felder","Sergi"
64123,"Beetstra","Urs"
227814,"Levasseur","Marke"
86718,"Pollacia","Stabislas"
289155,"Axelband","Mohammed"
422037,"Sooriamurthi","Morris"
38912,"Crabtree","Adib"
247056,"Figueira","Syozo"
292654,"Kaltofen","Steve"
284370,"Douceur","Goncalo"
446983,"Argence","Oguz"
424077,"Oberman","Hideyuki"
203997,"Erol","Djelloul"
86661,"Stassinopoulos","Jiang"
230361,"Thorensen","Gro"
206065,"Spataro","Garnik"
53981,"Merle","Manohar"
212431,"Zizka","Jixiang"
65910,"Kroll","Weicheng"
60790,"Fioravanti","Somnath"
475541,"Speel","Nidapan"
206201,"Meriste","Lene"
240133,"Lores","Tesuro"
101473,"Weisert","Peternela"
19703,"Marchegay","Gopalakrishnan"
106170,"Nergos","Giap"
447133,"Sifakis","Aamer"
442247,"Papastamatiou","Achilleas"
206860,"Pargaonkar","Kazuhide"
90630,"Narahari","Kolar"
77839,"Malabarba","Serge"
90280,"Shackell","Manohar"
241529,"Muniz","Huiqun"
248808,"Valiente","Tran"
470017,"Swift","Nidapan"
427822,"Solares","Guadalupe"
37343,"Kleiser","Geoff"
36354,"Kaiserswerth","Manu"
32864,"Stifter","Anyuan"
480671,"Shackel","Mabo"
406645,"Ouhyoung","Fan"
463809,"Impagliazzo","Tomokazu"
407560,"Lamba","Huiqun"
77645,"Karunanithi","Stella"
77639,"Levergood","Uli"
265435,"Garnham","Aleksander"
460655,"Azuma","Alenka"
97953,"Fairtlough","Uri"
478861,"Khasidashvili","Basem"
285164,"Kumaresan","Xiaocheng"
215123,"Angelopoulos","Sangeeta"
225296,"Pulkowski","Phuoc"
447939,"Rullman","Mandell"
259765,"Irland","Takahiro"
220562,"Mitchem","Tetsushi"
105722,"Riefers","Maik"
228736,"Rahier","Xianlong"
439629,"Hennings","Fai"
290902,"Hockney","Kankanahalli"
275277,"Melichar","Poornachandra"
74131,"Schreiter","Krassimir"
28450,"Genin","Howell"
447635,"Ranft","Kitty"
65627,"Bodoff","Mabo"
453444,"Kaminger","Rosella"
63648,"Collavizza","Ghassan"
82977,"Lieblein","Toshimitsu"
80628,"Benaini","Felicidad"
260695,"Lichtman","Hilari"
230893,"Apsitis","Mechthild"
260981,"Ermel","Reuven"
227580,"Haldar","Sailaja"
479235,"Werthner","Idoia"
55769,"Coombs","Geoffrey"
229969,"Walstra","Zine"
401020,"Cronau","Arvin"
217004,"Gurbaxani","Aamer"
298920,"VanScheik","Erzsebet"
273876,"Sethi","Naraig"
210309,"Carrere","Takahito"
417190,"Cooman","Atreyi"
239473,"Malabarba","Poorav"
287931,"Tsukuda","Sariel"
244433,"Shumilov","Jaideep"
477611,"Zeleznik","Kwok"
38538,"Gammage","Janalee"
96339,"Penz","Gen"
28402,"Passafiume","Morris"
34282,"Henders","Richard"
424034,"Schmittgen","Zhonghua"
422350,"Sessa","Ghassan"
214442,"Gulik","Bodh"
405636,"Back","Khalil"
476308,"Brickell","Wanqing"
287275,"Coullard","Sham"
74575,"Piveteau","Shuzo"
30881,"Glowinski","Eric"
426043,"Jansch","Akeno"
459825,"Birke","Shietung"
448440,"Bala","Idoia"
200281,"Schach","Cheong"
481282,"Zirintsis","Masali"
265181,"Syang","Raimond"
435450,"Spinelli","Tiina"
263634,"Pulkowski","Odinaldo"
216495,"Guting","Bingning"
69380,"Geffroy","Margareta"
211868,"Maliniak","Xiaocheng"
414743,"Litzler","Pramod"
454629,"Deverell","Subhash"
476106,"Mitsuhashi","Guiseppe"
280180,"Delgrande","Wilmer"
28619,"Majewski","Pragnesh"
472349,"Ouhyoung","Zeljko"
49333,"Underwood","Rayond"
233893,"Georgatos","Dzung"
465408,"Itzigehl","Kenroku"
17169,"Yeung","Kaijung"
243812,"Miculan","Jixiang"
71588,"Colorni","Junichi"
462250,"Stifter","Jingling"
49843,"Chorvat","Genki"
20955,"DuCasse","Toshimitsu"
455820,"Crooks","Theron"
297506,"Panangaden","Zhilian"
290361,"Chenoweth","Satoru"
224956,"Uhrik","Macha"
27772,"Salvesen","Shahaf"
33644,"Beilner","Dmitry"
12082,"Yamaashi","Xinan"
38942,"Xiaoshan","Danco"
253600,"Anido","Nakhoon"
295757,"Showalter","Kshitij"
416907,"Kusalik","Reinhold"
436405,"Baer","Thanasis"
450863,"Halevi","Nathan"
76276,"Miculan","Jackson"
270538,"Cannane","Geoffrey"
97521,"Egerstedt","Arch"
43362,"Litvinov","Doowon"
478031,"Chenoweth","Izaskun"
14179,"Emiris","Sverrir"
404253,"Casperson","Alair"
281509,"Kusakabe","Xuejun"
457522,"Varker","Bokyung"
409894,"Lanphier","Bowen"
267115,"Uhrig","Makato"
434611,"Fontet","Serge"
31077,"Skrikant","Kellie"
213349,"Speer","Shigeichiro"
83672,"Danecki","Mayumi"
466329,"Genin","Baziley"
478680,"Itschner","KayLiang"
465162,"Hashii","Iara"
295269,"Emden","Vasilii"
70277,"Luke","Idoia"
29752,"Strooper","Basil"
269861,"Azadmanesh","Elrique"
267536,"Harnett","Tonny"
208584,"Hettesheimer","Kien"
463143,"Parveen","Barton"
62906,"McFarlin","Alselm"
108233,"Wilfing","Gladys"
55238,"Maquelin","Elvia"
16322,"Mukaidono","Honglan"
272034,"Atchley","Zdislav"
35932,"Zuberek","Annemarie"
261453,"Lieblein","Kenton"
435430,"Heinisuo","Sibyl"
219508,"Perelgut","Kazuhisa"
70344,"Stasinski","Menkae"
469245,"Borovoy","Xiaoqiang"
205491,"Baezner","Gor"
34339,"Ladret","Rutger"
430756,"Coullard","Aran"
251634,"Heping","Carrsten"
281590,"Heydon","Tooru"
281027,"Apsitis","Kristinn"
31668,"Wiegley","Vatsa"
294002,"Vidal","Lihong"
415627,"Raczkowsky","Chenxi"
290952,"Oxenboll","Peternela"
217632,"Thambidurai","Boriana"
264803,"Suppi","Ymte"
36258,"Kampfer","Przemyslawa"
207487,"Kabayashi","Aleksander"
454726,"Lueh","Leah"
204948,"Krohm","Chenye"
458428,"Peck","Hugh"
410128,"Driscoll","Tze"
15641,"Roisin","Jaana"
278804,"Khamsi","Fai"
284862,"Ramsay","Erzsebet"
103048,"Ciolek","Yoshinari"
276259,"Staudhammer","Shaleah"
227097,"Maquelin","Hideo"
44173,"Gopalakrishnan","Kamran"
206607,"Jonsson","Byong"
461812,"Kaiser","Kristine"
481432,"Cangellaris","Akeno"
69517,"Siepmann","Kotesh"
36644,"Tanemo","Lalit"
226706,"Gihr","Naftaly"
78953,"Mattern","Parke"
95760,"Hofman","Tetsurou"
95436,"Rando","Zito"
25456,"Veevers","Munehiro"
98952,"Picci","Gian"
427067,"Frijda","Bernice"
299097,"Poupard","Tayeb"
16226,"Luan","Fay"
248779,"Mapelli","Tonia"
288313,"Gulak","Tuval"
414897,"Willoner","Juyoung"
282537,"Kolinko","Oldrich"
223501,"Cappelletti","Gennady"
211904,"Nishimukai","Shichao"
217625,"Serot","Mara"
280657,"Setlzner","Nevio"
246410,"Comyn","Filipp"
31374,"Renear","Shirish"
48155,"Riesenhuber","Sachar"
207962,"Vidal","Guttorm"
428727,"Kolvik","Owen"
284401,"Georgatos","Xiaoqiang"
88845,"Kowalchuk","Masato"
81186,"Improta","Marla"
201632,"Plumb","Remmert"
248479,"Alameldin","Gila"
231138,"Munoz","Marl"
27740,"Babb","Isamu"
271860,"Fritzsche","Hatem"
16005,"Sundgren","Udo"
70325,"Garrabrants","Elvis"
476899,"Sridhar","Hideyuki"
202008,"Furudate","Shuky"
23283,"Kavanagh","Jingling"
258825,"Riexinger","Odinaldo"
460099,"Ecklund","Marsha"
454496,"Serna","Leif"
405549,"Pauthner","Debaprosad"
248339,"Usery","Mamdouh"
268030,"Peyn","Duro"
421544,"Encarnacion","Adly"
74822,"Jiafu","Maja"
403133,"Ramamoorthy","Badri"
425582,"Guting","Giordano"
86393,"Anily","KayLiang"
47522,"Klyachko","Chuanti"
298239,"Zolotykh","Aamod"
97380,"Naudin","Rayond"
57362,"Baar","Leaf"
462180,"Potthoff","Badri"
227148,"Georg","Duangkaew"
105694,"Kushner","Gio"
75495,"Delgrossi","Spyrose"
452638,"Itzfeldt","Hairong"
290477,"Hebert","Stevo"
218286,"Stranks","Masato"
411594,"Munawer","Muneo"
109647,"Beutelspacher","Pohua"
457749,"Kolinko","Shaleah"
278190,"Terkki","Shigehito"
249367,"Shigei","Jolita"
71336,"Ambroszkiewicz","Parviz"
50606,"Badr","Mohua"
268021,"Waymire","Valeri"
32103,"Senzako","Aloys"
434502,"Perelgut","Piyawadee"
19190,"Farrag","Giordano"
254891,"Montresor","Carrsten"
235593,"Schwabacher","Slavian"
440915,"Schreiter","Maia"
447296,"Pluym","Yefim"
299045,"Lorho","Sandeepan"
48651,"McClurg","Vitaly"
74499,"Reeker","Kenton"
93671,"Danlos","Waiman"
400041,"Birge","Hidefumi"
473454,"Masaki","Yonghoan"
439785,"Baez","Genki"
283339,"Gurbaxani","Rutger"
30506,"Chandrasekhar","Yakkov"
84771,"Zallocco","Hitofumi"
420644,"Bojadziev","Magdalena"
221551,"Grabner","Leszek"
68359,"Baezner","Golgen"
18006,"Hanabata","Vidya"
259032,"Krzyzanowski","Sahrah"
453349,"Butner","Sajjan"
289227,"Vernadat","Amalendu"
246559,"Rissanen","Gian"
34860,"Veldwijk","Stafford"
247951,"Rando","Heeju"
211412,"Keohane","Kirk"
242990,"Journel","Sachar"
103334,"Nanard","Vincent"
22459,"Carrere","Munehiro"
242373,"Weisert","Christoper"
235220,"Barbanera","Dung"
289261,"Nollmann","Gad"
448492,"Paciorek","Shaz"
271455,"Krogh","Sven"
204876,"Haldar","Licheng"
478984,"Rosen","Gian"
257749,"Brodie","Sahrah"
455869,"Angel","Dipayan"
80115,"Erez","Rosalyn"
403791,"Setiz","Gunilla"
291522,"Zirintsis","Lorien"
104088,"Theuretzbacher","Fumiyo"
475951,"Braunschweig","Theron"
246317,"Olano","Adly"
239006,"Perna","Danil"
433164,"Ernst","Masato"
411132,"Zirintsis","Karoline"
202279,"Zweizig","Nagui"
22865,"Spieker","Piyawadee"
438656,"Iacovou","Toshiko"
251840,"Coors","Sasan"
471675,"Wendorf","Kristof"
279960,"Verhaegen","Rimli"
97102,"Takanami","Angel"
443097,"Strandh","Sudhanshu"
216194,"Bodoff","Zdislav"
202386,"Marshall","Nadjib"
286050,"Dayang","Lakshmi"
87608,"Peck","Serif"
406407,"Ecklund","Stabislas"
463662,"Nooteboom","Oddvar"
81510,"Penttonen","Mamdouh"
265900,"Skafidas","Alain"
463059,"Stifter","Herbert"
248602,"Skafidas","Goh"
85359,"Spinelli","Rasiah"
406412,"Guerreiro","Sushant"
239438,"Orsini","Duke"
213014,"Terekhov","Gaetan"
479318,"Kumaresan","Lech"
101353,"Bale","Vugranam"
22499,"Sichman","Shigehito"
17606,"Prampolini","Indrajit"
411581,"Simkin","Steve"
285993,"Osgood","Fun"
238229,"Erie","Licheng"
241806,"Puppe","Takahito"
229795,"Ressouche","Bogdan"
206902,"Trelles","Shounak"
264290,"Woycyznski","Spyrose"
73838,"Chinal","Steve"
298247,"Comyn","Shan"
283322,"Vakili","Gaetan"
34278,"Cunliffe","Padma"
444688,"Zirintsis","Kensei"
27135,"Vecchi","Berthier"
48895,"Docker","Sugwoo"
30786,"Bennet","Arco"
21481,"Senzako","Salvador"
276815,"Bail","Subhrajyoti"
73789,"Stafford","Menkae"
34961,"Dolinsky","Uno"
298859,"Dehkordi","Shuji"
285633,"Erez","Yolla"
465287,"Sadowski","Dietrich"
241150,"Linares","Bogdan"
420464,"Alblas","Shan"
423404,"Laurillard","Moheb"
200834,"Hatcliff","Jiang"
233806,"Peak","Akeel"
457280,"Fontan","Ebbe"
15953,"Steinauer","Make"
423388,"Byoun","Hiroyasu"
274813,"Pettey","Yefim"
269813,"Egerstedt","Chaitali"
39348,"Gerlach","Shaleah"
13941,"Schapire","IEEE"
474908,"Bednarek","Weijing"
30567,"Nitta","Duke"
238487,"Azadmanesh","Marin"
81277,"Randt","Odoardo"
50319,"Schwaller","Maia"
17666,"Delgrange","Chenxi"
219139,"Koshiba","Unal"
81222,"Homond","Vivian"
17536,"Pollacia","Padma"
246242,"Chaudhury","Chanjung"
452447,"Nivat","Souichi"
403605,"Rattan","Hideo"
233739,"Dratva","Debatosh"
31127,"Puppo","Mizuhito"
62301,"Zumaque","Patricio"
403749,"Magalhaes","Gennady"
219164,"Crabtree","Aran"
80362,"Biron","Kasidit"
99953,"Khamsi","Giao"
401016,"Tsukuda","Yongmao"
257240,"Neimat","Lalit"
73882,"Halloran","Goetz"
438728,"Gente","Zhanqiu"
400242,"Prochazka","Hairong"
469255,"DiGiano","Serenella"
421154,"Gulla","Manohar"
402810,"Fiebach","Bangqing"
420804,"Irland","Steve"
295362,"Docker","Monique"
467025,"Nyanchama","Premal"
59442,"Bednarek","Filipe"
53920,"Begiun","Tesuya"
27840,"Rodier","Licheng"
458925,"Loncour","Gererd"
256183,"Shinomoto","Mana"
250825,"Perfilyeva","Christophe"
104333,"Syrotiuk","Aiichiro"
402640,"Gluchowski","Nirmal"
286901,"Rabehasaina","Yuichiro"
203998,"Lundstrom","Houman"
12605,"Feldmann","Petter"
60360,"Flowers","Zejun"
433052,"Schaap","Renny"
405199,"Antonisse","Gou"
295215,"Perfilyeva","Achilleas"
434484,"Rosen","Radhia"
214426,"Rabejac","Tsuneo"
469435,"Hasenauer","Gro"
272968,"Murrill","Martien"
244621,"Bednarek","Anwar"
451376,"Steinauer","Branimir"
242037,"Yemenis","Izaskun"
231738,"Bernardeschi","Kristin"
210349,"Pettey","Persi"
244328,"Fontet","Hausi"
219491,"Stranks","Shaowei"
11472,"Ghandeharizadeh","Constantino"
273763,"Sgarro","Karoline"
25799,"Munke","Denny"
478600,"Ushiama","Aleksander"
224449,"Dayana","Martina"
240587,"Akazan","Zorica"
439724,"Eiter","Kersti"
272780,"Lemarechal","Neven"
45574,"Pena","KayLiang"
204090,"Collette","Brigham"
452957,"Nanard","Alair"
58351,"Cannard","Chenye"
207399,"Eiter","Jingling"
434710,"Fiebach","Odysseas"
253773,"Ranon","Martien"
108356,"Panwar","Junsik"
45466,"Tomescu","Guiseppe"
247148,"Imataki","Elvia"
249050,"Versino","Aloke"
417009,"Peng","Pintsang"
274768,"Acton","Torsten"
435033,"Vernadat","Demin"
99489,"Khasidashvili","Nakhoon"
233128,"Gyimothy","Janche"
411515,"Ferriere","Christophe"
67458,"Kavraki","Adas"
202801,"Lund","Subhada"
227837,"Oskamp","Basant"
283562,"Krider","Stamatina"
228912,"Janetzko","Sariel"
86252,"Selenyi","Mahendra"
467988,"Leivant","Hyuckchul"
297374,"Ginesta","Shaw"
19568,"Picel","Wilmer"
292500,"Rodham","Constantino"
266932,"Cappello","Tayeb"
25564,"Sgarro","Flemming"
232922,"Shobatake","Chinhyun"
258447,"Sankaranarayanan","Kien"
92648,"Ferretti","Neven"
407251,"Garnier","Leucio"
68484,"Preusig","Chandrasekaran"
407619,"Bahi","Xuedong"
19675,"Herath","Isamu"
272476,"Cyne","Munehiko"
268920,"Hammerschmidt","Danny"
60924,"Oxenboll","Mohamadou"
108032,"Heijenga","Dietrich"
456161,"Lindenbaum","Pranas"
273363,"Montemayor","Panayotis"
209100,"Engberts","Jongsuk"
416328,"Vingron","Henk"
244283,"Manderick","Inderjeet"
205220,"Schade","Sadegh"
60230,"Gecseg","Naftali"
232615,"Strandh","Selwyn"
229267,"Kaelbling","Marit"
400971,"Isaac","Make"
101101,"Hiroyama","Sreekrishna"
400345,"Butterworth","Fumiyo"
65324,"Serov","Hiroyasu"
288840,"Christ","Pohua"
273169,"Impagliazzo","Kannan"
108793,"Kitai","Ziva"
60644,"Aloia","Nikolaos"
267344,"Ghemri","Otmar"
76674,"Nourani","Hitomi"
445612,"Chartres","Temple"
421699,"Jarecki","Yefim"
403627,"Akaboshi","Gennadi"
46698,"Ritcey","Xinan"
258052,"Masamoto","Jacopo"
233878,"Vanwelkenhuysen","Shigenori"
223414,"Lichtman","Tadahiro"
279007,"Braunschweig","Jiakeng"
17790,"Merro","Youngkon"
472751,"Gyorkos","Abdelaziz"
291354,"Matteis","Kenton"
16650,"Thisen","Khun"
453957,"Breugel","Prasadram"
203238,"Zallocco","Fei"
82029,"Snedden","Roded"
450351,"Bernini","Candido"
238984,"Ranst","Dipankar"
93484,"Mitina","Gay"
21195,"Krider","Sadegh"
65135,"Bonifati","Kellyn"
261411,"Kalefeld","Volkmar"
81033,"Perez","Georg"
69700,"Kaiser","Padma"
30416,"Fairtlough","Herb"
207821,"Farrar","Kerhong"
70659,"Domenig","Kauko"
77312,"Haddadi","Giordano"
271970,"Colorni","Ziyad"
41687,"Alencar","Weidon"
400340,"Famili","Gio"
259851,"Gill","Goetz"
240376,"Ranta","Toshimo"
230314,"Danlos","Sanjay"
290999,"Tiemann","Tommaso"
453660,"Lueh","Supot"
81977,"Swist","Ortrud"
416967,"Penttonen","Mana"
420394,"Worfolk","Khun"
230506,"Heusch","Kwun"
235675,"Zykh","Yahiko"
26832,"Bergere","Yifei"
236887,"Karner","Xiaopeng"
265930,"Trachtenberg","Uriel"
480732,"Domenig","Rildo"
274910,"Braccini","Parke"
83597,"Llado","Sajjan"
80560,"Versino","Xuejia"
477161,"Thibadeau","Adil"
409975,"Hennebert","Yakkov"
59446,"Birke","Demos"
238690,"Peac","Chenxi"
432611,"Mayerwieser","Shuky"
280675,"Albarhamtoshy","Chriss"
222230,"Gaughan","Kankanahalli"
466193,"Leonhardt","Randi"
224568,"Bahi","Nidapan"
259833,"Prochazka","Sanjiv"
232453,"Kirkerud","Saeko"
68140,"Bratsberg","Alejandra"
39424,"Gischer","Sajjad"
31451,"Heystek","Luerbio"
438642,"Hutter","Tadahiro"
297623,"Callaway","Kasidit"
293023,"Waymire","Odinaldo"
206181,"Benzaken","Yagil"
472723,"Kowalchuk","Arvind"
85338,"Janetzko","Tru"
230272,"Leijenhorst","Sukumar"
97044,"Rindone","Howell"
31944,"Bottner","Behnaam"
472939,"Dalton","Naraig"
409803,"Peron","Berhard"
203726,"Barinka","Kien"
434115,"Fortenbacher","Yagil"
93311,"Keustermans","Rildo"
276522,"Kolvik","Uno"
10744,"Syang","Yaghout"
442928,"Staylopatis","Ranan"
287179,"Gadepally","Rosli"
422083,"Kowalchuk","Fusako"
280645,"Maliniak","Kerryn"
16257,"Masaki","Zhenhua"
262087,"Kossowski","Danco"
101686,"Samarati","Dinkar"
235794,"Gomatam","Phule"
45802,"Masaki","TRUE"
288332,"Douceur","Sibyl"
284594,"Rouquie","Sahrah"
62805,"DuBourdieux","Tiina"
44075,"Isaac","Gou"
79722,"Remmers","Make"
243685,"Mamelak","Greger"
238298,"Cunliffe","Prasadram"
103319,"Strandh","Bouchung"
57170,"Basart","Weicheng"
244129,"Picaronny","Augustine"
412384,"Renear","Susumu"
220550,"Orsini","Harjit"
64059,"Iisaka","Behnaam"
427743,"Crouzet","Shawna"
236056,"Sudbeck","Mart"
88817,"Undy","Hitofumi"
441513,"Couchot","Nathan"
246952,"Pettis","Tsvetan"
49261,"Kalafatis","Yuuichi"
237245,"Kushnir","Bernt"
438104,"Baaz","Izaskun"
244754,"Vakili","Barton"
42606,"Hartvigsen","Moti"
76604,"Kohling","Magy"
214174,"Conde","Mingsen"
71919,"Rosen","Khedija"
261707,"Gurbaxani","Chenye"
60867,"Kornyak","Tomoyuki"
293715,"Kroon","Sorina"
243697,"Range","Phule"
61797,"Kopetz","Gonzalo"
207557,"Escriba","Xudong"
249958,"Bergere","Marjo"
72356,"Cappelli","Candida"
53860,"Masamoto","Nahid"
39312,"Cmelik","Goh"
258582,"Gronowski","Luisa"
249086,"Swab","Tristan"
202014,"Bernatsky","Mara"
61160,"Compeau","Marin"
284409,"Lenart","Kirk"
71649,"Buchter","Leah"
277686,"Bain","Kazuhide"
19261,"Zambonelli","Shrikanth"
88600,"Ranze","Bernd"
39015,"Zolotykh","Ayakannu"
410807,"Fontan","Uzi"
202960,"Goodrum","Pranav"
479524,"Suessmith","Gianluca"
467593,"Reghbati","Mayuko"
99647,"Katzenelson","Toshiko"
219649,"Benaini","Margo"
205767,"Snedden","Chaosheng"
294081,"Lemarechal","Xiahua"
423448,"Calkin","Aleksandar"
279894,"Masand","Sudharsan"
74882,"Peck","Subhash"
428196,"Bale","Gadiel"
64779,"Desikan","Oddvar"
471891,"Suppi","Lokesh"
446126,"Egerstedt","Chirstian"
107333,"Frezza","Menkae"
275533,"Muhling","Takanari"
61435,"Claffy","Cathie"
24489,"McAffer","Yuuichi"
19138,"Constantine","Xiadong"
419974,"Mahnke","Kamran"
13723,"Schnelling","Magy"
421894,"Zastre","Krassimir"
277207,"Miake","Slavian"
25206,"Zyda","Berna"
250357,"Zweizig","Mabhin"
258586,"Krzyzanowski","Lidong"
232814,"Bashian","Ewing"
441477,"Sevcikova","Kerryn"
293916,"Steinauer","Goncalo"
258634,"Khalid","Temple"
33582,"Standera","Gil"
44366,"Chinal","Alois"
202372,"Msuda","Bernardo"
414869,"Farrar","Kwan"
477772,"Cyre","Vidar"
76300,"Luan","Ranga"
481856,"Ossenbruggen","Aran"
108902,"Stamatiou","Yakkov"
224593,"Cronin","Jacopo"
294200,"Wilharm","Heeju"
442454,"Strandh","Jeanna"
237702,"Clemencon","Moheb"
450442,"Gronowski","Yurij"
424246,"Peng","Jacopo"
23500,"Hoppenstand","Yefim"
459539,"Morrey","Niteen"
253982,"Nishimukai","Leif"
409237,"Srimani","Sampalli"
288140,"Biros","Steen"
106012,"Redmiles","Cheong"
477364,"Akaboshi","TRUE"
99897,"Baik","Jamaludin"
478150,"Scallan","Martial"
58923,"Luef","Akeel"
446137,"Beeson","Patricio"
81159,"Anger","Yishai"
109869,"Quaggetto","Hitofumi"
37263,"Rotem","Aris"
471520,"Panienski","Kirk"
288936,"Dulin","Susumu"
431548,"Uchoa","Jaques"
208017,"Collavizza","Shawna"
439481,"Unno","Suvo"
272698,"Siochi","Hyuncheol"
446953,"Remmele","Serge"
436793,"Juneja","Ramalingam"
50205,"Cherinka","Xiaobin"
418729,"Miake","Nakhoon"
95745,"Yoshizawa","Luerbio"
260895,"Templeman","Prasadram"
234373,"Prenel","Premal"
422253,"Angelov","Prodip"
11256,"Ratzlaff","Gudjon"
51862,"Ozeki","Gonzalo"
234408,"Skrikant","Fumino"
97720,"Waleschkowski","Hatim"
256466,"Brodie","Constantine"
246803,"Emden","Ugo"
23198,"Pramanik","Jayson"
435795,"Hennebert","Oscal"
75050,"Streng","Hironobu"
447769,"Schrooten","Dante"
435213,"Lanteri","Kitty"
466262,"Khasidashvili","Vitali"
26647,"Velardi","Lansing"
44735,"Gurbaxani","Weiye"
15369,"Penttonen","Premal"
467005,"Ramsay","Chenyi"
65857,"England","Deborah"
459501,"Demri","Hairong"
206463,"Roohalamini","Saeko"
45473,"Ulupinar","Mihalis"
106766,"Molenaar","Zorica"
457800,"Domenig","Stabislas"
244403,"Heusch","Weiwu"
55312,"Bakhtari","Denny"
449761,"Schlenzig","Yucai"
473653,"Chinen","Hironoby"
447638,"Kaelbling","Bojan"
59445,"Iacovou","Khedija"
91849,"Prochazka","Zhonghua"
433380,"Perri","Toshimori"
234355,"Ibel","Pintsang"
67861,"Chinen","Elliott"
90952,"Maierhofer","Make"
71704,"Tetzlaff","Kristian"
453994,"Gips","Poornachandra"
205998,"Hofmeyr","Hidekazu"
407468,"Ozeri","Yurii"
237336,"Mukaidono","Isamu"
55018,"Stemann","Fan"
51150,"Ferriere","Mona"
201614,"Swick","Mingsen"
106857,"Molenaar","Conrado"
256233,"Grospietsch","Brigham"
66574,"Murillo","Bernd"
471235,"Andreotta","Maha"
219876,"Matzat","Adin"
213280,"Worfolk","Kazuhide"
282215,"Iwayama","Chandrasekaran"
72921,"Schiper","Berry"
469098,"Encarnacion","Mohamadou"
434510,"Teitelbaum","Navin"
46250,"Decleir","Yefim"
218068,"Verhoeff","Rildo"
77564,"Matzen","Susumu"
477719,"Gulla","Shunichi"
457231,"Staylopatis","Francesca"
280408,"Perl","Elliott"
77307,"Leaver","Sarita"
205400,"Litzkow","Quingbo"
407064,"Oxman","Odysseas"
471167,"Bergere","Francoise"
96361,"Matzel","Chirstian"
460249,"Wynblatt","Munir"
415915,"Pfau","Saeko"
457330,"Mitzlaff","Shuji"
36874,"Aloia","Genki"
259669,"Tomescu","Tran"
64769,"Callaway","Uinam"
409068,"Lichtman","Yoshimitsu"
245933,"Seghrouchni","Saeed"
252798,"Vidal","Xiaoqiu"
230172,"Cyne","Abdulla"
45410,"Mitchem","Ishfaq"
19723,"Magalhaes","Xuejun"
16651,"Marrakchi","Huiqun"
457289,"Rodiger","Minghong"
437197,"Stanger","Supot"
462119,"Masamoto","Dmitri"
91132,"Nitto","Siamak"
23555,"Provine","Khosrow"
459125,"Swift","Youpyo"
412898,"Zolotykh","Mohan"
96753,"Giveon","Claude"
273481,"Shobatake","Mahmut"
83207,"Erni","Odoardo"
274947,"Hopewell","Arif"
107098,"Verhoeff","Florina"
481923,"Shihab","Fumiya"
446318,"Holburn","Serenella"
412982,"Beznosov","Narain"
280360,"Garigliano","Poornachandra"
210627,"Langford","Uno"
417888,"Schaad","Franziska"
61592,"Birjandi","Siamak"
57724,"Cools","Mark"
448040,"Straney","Paddy"
434931,"Rosti","JiYoung"
278841,"Wilharm","Indrajit"
407649,"Waeselynck","Uriel"
209185,"Hambrick","Nathalie"
460233,"Hebert","Xudong"
46321,"Yamaashi","Weicheng"
42642,"Broder","Bluma"
204285,"Schnelling","Shiv"
476669,"Piancastelli","Persi"
424391,"Skogmar","Marc"
441826,"Einsfeld","Leandro"
230802,"Herath","Susuma"
98485,"Homond","Chiradeep"
91680,"Passino","Naftali"
449932,"Stille","Breannda"
288379,"Gyimothy","Mariangiola"
473079,"Azadmanesh","Radhia"
419333,"Fetvedt","Susuma"
214015,"Calkin","Boalin"
93734,"Kruskal","Ebbe"
276600,"Picaronny","Ewing"
449465,"Pintelas","Chrisa"
48442,"Shrader","Leni"
101264,"Atchley","Mansur"
59066,"Mitina","Abdulla"
38919,"Birge","Kien"
403488,"Crelier","Chinya"
254549,"Manders","Armond"
83057,"Passafiume","Niteen"
91551,"England","Subhrajyoti"
441990,"Servi","Yuriy"
11969,"Lorcy","Sibyl"
402712,"Dalton","Chuanyi"
475388,"Skafidas","Jaroslava"
455364,"Plesums","Ranga"
201558,"Kleiser","Alexius"
479415,"Merle","Vatsa"
449774,"Bahi","Guttorm"
19849,"Serre","Weicheng"
463969,"Hartvigsen","Stabislas"
427451,"Sichman","Hugh"
297635,"Gecsei","Chandrasekaran"
223933,"Kakkar","Fuqing"
102116,"Brickell","Katsuo"
201557,"Sifakis","Odoardo"
208788,"Journel","Barna"
239078,"Narwekar","Szabolcs"
433202,"Valtorta","Danel"
107185,"Zweizig","Tzvetan"
83316,"Dengi","Sukumar"
449637,"Isard","Candida"
260836,"Erev","Menkae"
254855,"Fritzsche","Oguz"
89294,"Bade","Sasan"
64132,"Cappello","Gad"
457208,"Marletta","Larisa"
46832,"Asmuth","Berto"
216100,"Gustavson","Torsten"
54405,"Kisuki","Tsz"
456810,"Ventosa","Xuedong"
51277,"Azuma","Sampalli"
444657,"Krohm","Ohad"
263875,"Muniz","Arlette"
443284,"Frijda","Yoshimitsu"
422731,"Stamatiou","Petter"
231096,"Tyugu","Debaprosad"
26341,"Mateescu","Remzi"
477834,"Cools","Yefim"
57823,"Marquardt","Caolyn"
232498,"Oppitz","Niclas"
63670,"Cronau","Yannis"
405500,"Mapelli","Remco"
229783,"Mattern","Yoshinari"
453709,"Hofstetter","Gretta"
237291,"Gecsei","Jackson"
235113,"Chaudhury","Zhiwei"
77853,"McFarlin","Rutger"
289591,"Felcyn","Kersti"
91402,"Pietrzykowski","Dinkar"
273913,"Rabejac","Nidapan"
41042,"Ambroszkiewicz","Jiafu"
98099,"Oxenboll","Radhia"
214834,"Krupka","Shooichi"
267881,"Bergere","Saeko"
439688,"Rajaraman","Uma"
221101,"Falster","Lidong"
448275,"Radivojevic","Constantijn"
89349,"Poehlman","Tsuneo"
32753,"Debuse","Kristen"
83111,"Erie","Gian"
100535,"Couchot","Fay"
200166,"Feldmann","Huan"
471711,"Unni","Kwangyoen"
31828,"Vitiello","Almudena"
250957,"Ritcey","Yucai"
29250,"Besancenot","Radoslaw"
413952,"Casperson","Ranga"
421570,"Taubenfeld","Shuji"
17378,"Selvestrel","Trygve"
104110,"Lupu","Gaurav"
263302,"Leaver","Kyoichi"
403438,"Naudin","Yannis"
53763,"Gischer","Xinglin"
52240,"Alpay","Ibibia"
460137,"Cannane","Tetsushi"
67747,"Magalhaes","Taiji"
400331,"Turnbull","Boriana"
460929,"Anido","Anyuan"
297498,"Aamodt","Lenore"
57338,"Rouquie","Mostafa"
56862,"Thimonier","Ymte"
420725,"Hambrick","Ronnie"
455837,"Lindqvist","Sachin"
226885,"Bellmore","TRUE"
277277,"Sessa","Khatoun"
242914,"Oppitz","Adhemar"
283311,"Kaelbling","Lucien"
97648,"Kornyak","Suvo"
433917,"Desikan","Erez"
11443,"Nivat","Szabolcs"
407253,"DuBourdieux","Kristina"
296185,"Demizu","Alassane"
85855,"Przulj","Rildo"
405186,"Isard","Barry"
220123,"Lueh","Maia"
480446,"Nyanchama","Basim"
214077,"Marwedel","Luerbio"
104247,"Kuszyk","Xinyu"
256095,"Ghalwash","Arlette"
299709,"Marrevee","Jinxi"
410309,"Gunderson","Ekawit"
297509,"Himler","Cordelia"
12295,"Lammel","Weicheng"
275098,"Jervis","Girolamo"
16870,"Eugenio","Cullen"
235360,"Castellani","Lein"
226667,"Oppitz","Gennady"
472706,"Morrin","Kerryn"
30485,"Cappelletti","Younwoo"
66441,"Smailagic","Venkatesan"
97996,"Czaja","Garnik"
73494,"Gecsei","Arch"
210812,"Blokdijk","Khaled"
79402,"Kabayashi","Zito"
18885,"Noriega","Valter"
232910,"Molenkamp","Persi"
417159,"Miake","Mostafa"
297592,"Baezner","Goncalo"
78320,"Kampfer","Gino"
211352,"Ozeki","Emdad"
203932,"Tasistro","Sanjoy"
266714,"Ranum","Pragnesh"
92902,"Walstra","Dmitri"
454592,"Malinowski","Jixiang"
283586,"Marchegay","Ulf"
297054,"Kusakabe","Tzu"
36032,"Luck","Mikhail"
446546,"Akiyama","Basem"
403241,"Klyachko","Yongqiao"
478391,"Benantar","Morris"
281300,"Danecki","Munenori"
449335,"Thiria","Geoffrey"
439984,"Baez","TRUE"
230418,"Pargaonkar","Hsiangchu"
106596,"Zizka","Noritoshi"
280899,"Bratten","Yuichiro"
82807,"Quadeer","Vishwani"
63469,"Ossenbruggen","Jaques"
245241,"Xiaoshan","Yefim"
42907,"Schwabacher","Fei"
413613,"Gulla","Khun"
87282,"Caine","Uwe"
52533,"Bolsens","Bikash"
276757,"Trystram","Zhaofang"
78138,"Perko","Vatsa"
245496,"Trelles","Lubomir"
106002,"Melichar","Khoa"
481343,"Seiwald","Shaunak"
253060,"Cochrane","Ortrun"
200935,"Ozery","Ulf"
100344,"Penz","Amstein"
470914,"Baik","Hideo"
255403,"Goldhammer","Yuqun"
297938,"Sanella","Manohar"
299394,"Georgakopoulos","Yongmin"
473384,"Schapiro","Yuchang"
259763,"Luff","Shushma"
455912,"Alencar","Guther"
36662,"Bennet","Dhritiman"
461437,"Seiwald","Shaibal"
402324,"Kalorkoti","Fox"
79653,"Cools","Anestis"
472021,"Wielonsky","Marsha"
286360,"Maccarone","Shigehiro"
424245,"Biron","Hugo"
272611,"Conry","Naftaly"
233622,"Babu","Serenella"
45361,"Brookman","Frederique"
417094,"Fendler","Goh"
68946,"Pollacia","Subhash"
413301,"Langford","Xiaoheng"
54128,"Malinowski","Khalid"
13790,"DiGiano","Hongzue"
87972,"Haldar","Leni"
77468,"Rabehasaina","Munir"
421091,"Thiran","Vitali"
70291,"Kropatsch","Remmert"
208337,"Barvinok","Masasuke"
214672,"Lupu","Tomokazu"
52812,"Fujisawa","Jaber"
466811,"Nitsch","Eishiro"
459219,"Deverell","Sandeepan"
10876,"Papastamatiou","Vincent"
416097,"Furedi","Youjian"
84495,"Comyn","Jinya"
401563,"Paludetto","Froduald"
19218,"Rahimi","Steve"
101690,"Lally","Dante"
464795,"Demir","Mohd"
261259,"Eiter","Bezalel"
232667,"Ranze","Hiroyasu"
419617,"Mateescu","Feiyu"
11671,"Babu","Pranjal"
68028,"Syang","Richara"
237131,"Orsini","Shem"
216827,"Quittner","Sadegh"
101843,"Cannard","Bedrich"
442319,"Monkewich","Khue"
409216,"Chaudhury","Goo"
444260,"Shokrollahi","Luerbio"
222536,"Merel","Feipei"
442401,"Pouyioutas","Hein"
264933,"Karnin","Minghong"
96987,"Pietrzykowski","Atreyi"
87806,"Shokrollahi","Khatoun"
86173,"Sidje","Guangming"
421538,"Georg","Goa"
13034,"Rosen","Arunas"
447180,"Azumi","Cordelia"
417801,"Collavizza","Etsuo"
276091,"Halevi","Szabolcs"
22882,"Gonthier","Shaleah"
33058,"Shimshoni","Tze"
433159,"Boissier","Sudharsan"
285063,"Kavvadias","Frederique"
230179,"Welham","Zijian"
99735,"Kaminger","Uwe"
38852,"Lorys","Niranjan"
84653,"Lambe","Maris"
89393,"Coorg","Yishai"
25772,"Marrevee","Greger"
437211,"Koblick","Keiichiro"
293001,"Haraldson","Youngkon"
456423,"Ratnakar","Willard"
481124,"Khalid","Mara"
282922,"Thimonier","Ingemar"
281316,"Harllee","Theirry"
230059,"Narlikar","Zijian"
28348,"Gerlach","Kasturi"
235235,"Zschoche","Ottavia"
417069,"Janocha","Sajjad"
207093,"Ebeling","Tua"
59611,"Fraisse","Wanqing"
225988,"Glinert","Macha"
469303,"Gaughan","Phillip"
407935,"Naumovich","Xudong"
34856,"Flasterstein","Leaf"
97619,"Swen","Kazuhiro"
72906,"Peha","Renny"
425064,"Stiles","Candida"
465263,"Esteva","Abdelaziz"
455565,"Nastansky","Tzu"
403835,"Yurov","Sadegh"
474061,"Macedo","Tua"
422938,"Taneja","Shuho"
229097,"Merel","Kellyn"
73844,"Perl","Tomofumi"
472650,"Ratnakar","Theirry"
71736,"Koyama","Munenori"
67751,"Gimbel","Christfried"
26455,"Luga","Gaetan"
267749,"Lund","Kensei"
208152,"Miyakawa","Bogdan"
276197,"Peha","Anestis"
93903,"Capobianchi","Filipe"
58665,"Marquardt","Mabhin"
204177,"Schlegelmilch","Mara"
454161,"Gischer","Sanjoy"
273605,"Walston","Ingmar"
238010,"Rassart","Rimon"
10638,"Borovoy","Jenwei"
429942,"Trachtenberg","Chenyi"
226301,"Ecklund","Almudena"
479796,"Armand","Sreenivas"
479818,"Straney","Persi"
222799,"Doering","Morrie"
17975,"Gire","Gilbert"
460934,"Xiaoshan","Utpal"
402872,"Picco","Masanao"
411638,"Baig","Zengping"
212959,"Zeidenstein","Xinglin"
20671,"Baig","Adhemar"
469384,"Nivat","Shahab"
404005,"Waterhouse","Alois"
423437,"Perz","Berry"
59550,"Cromarty","Shimshon"
459265,"Plessier","Oscar"
209220,"Pouyioutas","Yakkov"
85626,"Egerstedt","Matt"
245050,"Perna","Filipp"
287263,"Fiebach","Georgy"
247714,"Swist","Vivian"
259609,"Prochazka","Kristian"
56834,"Bressoud","Aloke"
30581,"Porotnikoff","Berhard"
463019,"Figueira","Jovan"
257614,"Kading","Joydip"
87590,"Suwa","Mayuko"
74182,"Stasinski","Takushi"
430293,"Maccarone","Yinghua"
33184,"Kaelbling","Kazuhiro"
264985,"Bala","Atilio"
83736,"Ruther","Kristina"
445786,"Vasanthakumar","Woody"
294796,"Curless","Yuchang"
93057,"Meszaros","Vitaly"
475852,"Bondorf","Sachar"
91130,"Shihab","Kinh"
45186,"Vernadat","Mong"
79167,"Marchegay","Chenyi"
207462,"DiGiano","Margo"
31434,"Miculan","Kwangjo"
410775,"Thebaut","Luerbio"
102282,"Bellmore","Leon"
417173,"Passino","Kellie"
17278,"Kalsbeek","Kokou"
59008,"Veldwijk","Tuval"
219874,"Greibach","Changho"
223216,"Szemeredi","Zita"
449702,"Randi","Masamitsu"
71116,"Rosen","Jiann"
45915,"Gluchowski","Paddy"
281477,"Domenig","Remmert"
208612,"McDermid","Eckart"
292281,"Bardell","Lakshmi"
411703,"Shinomoto","Kousuke"
51637,"Jenevein","Halsur"
71553,"Kambil","Kitty"
251261,"McAffer","Suzette"
100394,"Trystram","Kasidit"
455770,"Picci","Petter"
450280,"Gente","Manu"
450083,"Wolniewicz","Yechezkel"
74542,"Naumovich","Adin"
43626,"Dymetman","Marek"
405672,"Talmor","Etsuo"
224103,"Benzaken","Augustine"
430844,"Mukaidono","George"
428453,"Boreale","Tuval"
109129,"Oxenboll","Gro"
221866,"Montemayor","Chandrasekaran"
67685,"Pettis","Gao"
428703,"Serov","Nitsan"
239260,"Babu","Vivian"
207712,"Bolsens","Harjit"
466003,"Ratnaker","Jamaludin"
91393,"Hartvigsen","Shakhar"
67136,"Anger","Sariel"
277424,"Matheson","Aimee"
53167,"Swist","Sastry"
263820,"Kampfer","Yinlin"
238588,"Guting","Marla"
456653,"Krohm","Sorina"
440918,"Swan","Mototsugu"
263537,"Gire","Honesty"
78365,"Belinskaya","Mack"
211195,"Oppitz","Jouko"
426152,"Laventhal","Mansur"
239173,"Vandervoorde","Mitchel"
425617,"Hutter","Zhanqiu"
403860,"Senzako","Pragnesh"
33553,"Murillo","Parke"
57316,"Journel","Kousuke"
280978,"Thorensen","Jacqueline"
228603,"Ladret","Constantino"
472696,"Francisci","Aleksander"
457024,"Swift","Faiza"
20190,"Genther","Nikolaos"
407708,"Kushner","Mototsugu"
258371,"Ciolek","Udi"
84733,"Vandervoorde","Bogdan"
450137,"Chandrasekhar","Laurentiu"
53342,"Fioravanti","Genevieve"
287825,"Jayawardene","Ramalingam"
209745,"Chelton","Zhiguo"
104664,"Vandervoorde","Licheng"
429633,"Masand","Kiyokazu"
101724,"Bernardeschi","Mari"
80191,"Alvarado","Bouchung"
34822,"Baranowski","Chrisa"
253821,"Sinitsyn","Fumino"
277769,"Peng","Clyde"
229135,"Duclos","Jasminko"
235223,"Zielinski","Doohun"
450134,"Schapiro","Zito"
224850,"Wroclawski","Edwin"
400156,"Mahmud","Kellyn"
77164,"Gelosh","Lena"
59861,"Ruther","Changho"
51679,"Vickson","Tianruo"
68573,"Cesareni","Mansur"
429483,"Wossner","Rafael"
96530,"Jiang","Guiseppe"
411512,"Cappelli","Mats"
446282,"Erva","Marit"
93054,"Businaro","Huiqun"
423747,"Montemayor","Honglan"
57024,"Narahari","Elgin"
60046,"Anandan","Mary"
13564,"Manderick","Jongsuk"
276201,"Wielonsky","Masasuke"
214957,"Schapire","Akemi"
284930,"Krychniak","Shahar"
208531,"Peyn","Dmitry"
292639,"Schicker","Youjian"
207477,"Pagter","Tetsurou"
10319,"Miyakawa","Mechthild"
277310,"Heping","Mandell"
28505,"Ratnakar","Abdelaziz"
289063,"Alblas","Deniz"
205339,"Baumann","Nathan"
285507,"Orlowski","Moheb"
270207,"Papadias","Vasilii"
213206,"Gubsky","Domenick"
288452,"Wrigley","Aria"
200464,"Chelton","Mantis"
458241,"Junet","Khalil"
453674,"Veevers","Yucai"
435254,"Schmiedel","Mohamadou"
34775,"Verhoeff","Baoqiu"
279355,"Guerreiro","Houman"
226193,"Pelz","Hisao"
413714,"McAffer","Ung"
278532,"Stentiford","Lenore"
422114,"Hemaspaandra","Tua"
250682,"Rosenbaum","Bodo"
214318,"Potthoff","Emran"
72070,"Salinas","Aksel"
27874,"Poupard","Kazuhide"
461875,"Serna","Dante"
81730,"DuBourdieux","Sergi"
257884,"Cunliffe","Shih"
10555,"Picci","Vitaly"
408754,"Linares","Adas"
286682,"Takkinen","Ranga"
433634,"Masada","Oscar"
94749,"Schlenzig","Brewster"
100227,"Stanger","Chenye"
291950,"Fujisaki","Yagil"
232836,"Mamelak","Shigenori"
448900,"Talmor","Mart"
223500,"Erva","Eishiro"
473875,"Cherinka","Herb"
466333,"Wursthorn","Ult"
208379,"Cappelli","Nevio"
87162,"Boudaillier","Abdulah"
231780,"Asrin","Kasturi"
211509,"Antonakopoulos","Manton"
257895,"Serre","Subir"
225273,"Ramalingam","Sugwoo"
74253,"Pesch","Otilia"
432194,"Zizka","Duangkaew"
294230,"Lodder","Tse"
244105,"Rattan","Moon"
233085,"Melter","Nahid"
207111,"Kropf","Chaoyi"
247986,"Falck","Weiye"
416783,"Makrucki","Kagan"
268570,"Vasanthakumar","Maya"
298921,"Antonakopoulos","Aleksander"
432675,"Veeraraghavan","Kazunori"
59989,"Jenevein","Tianruo"
294470,"Bennet","Pramod"
439441,"Munro","Abdelaziz"
218931,"Barbanera","Francesca"
210708,"Lorin","Dietrich"
470120,"Picel","Djenana"
108212,"Versino","Masali"
41822,"Brookner","Lihong"
411865,"Danner","Tonny"
10804,"Benantar","Terresa"
417649,"Hemaspaandra","Vatsa"
217368,"Rijsenbrij","Sailaja"
453149,"Stasinski","Shichao"
280939,"Ressouche","Uinam"
98722,"Kakkar","Jeanna"
452941,"Rodiger","Rosita"
436080,"Erdi","Ebru"
201791,"Hiyoshi","Chinhyun"
280825,"Gulik","Kirk"
296865,"Baaz","Val"
277897,"Lunt","Berry"
241303,"Bratsberg","Jamaludin"
250344,"Kambil","Shuichi"
54479,"Zockler","Yuguang"
417661,"Comte","Tetsurou"
226455,"Reeker","Nishit"
461127,"Poupard","Herb"
463599,"Wossner","Branimir"
77714,"Compeau","Fen"
44139,"Wursthorn","Pramod"
446858,"Nivat","Magy"
239494,"Stifter","Ramachenga"
34864,"Hatcliff","Lalit"
225482,"Veccia","Basant"
469301,"Vrecion","Macha"
428908,"Delaune","Giao"
64020,"Babb","Mariangiola"
460577,"Srimani","Brigham"
71299,"Lichtman","Moss"
277813,"Rebaine","Fumiya"
43838,"Baig","Shietung"
22720,"Gornas","Olivera"
449380,"Deville","Naftaly"
70908,"Unni","Brigham"
31728,"Basart","Leni"
280684,"Alameldin","Adel"
242435,"Speel","Basim"
246539,"Wiegley","Sham"
92687,"Impagliazzo","Zhenbing"
465948,"Tanemo","Guoxiang"
446739,"Portugali","Turgut"
474002,"Limongiello","Franziska"
254367,"Honglei","Dinkar"
428339,"Carrera","Emran"
77709,"Castellani","Denis"
47585,"Conti","Lenore"
37499,"Plump","Kazuhiko"
450082,"Kruskal","Barton"
467478,"Lenart","Zijian"
265911,"Penn","Eirik"
229236,"Plumb","Jianwen"
272131,"Chinal","Yurij"
291192,"Chvatal","Guttorm"
227966,"Baby","Kazuhiko"
238164,"Sullins","Perry"
273950,"Lorys","Shalesh"
28549,"McAffer","Vidya"
101705,"Ritzmann","Hailing"
91879,"Kornyak","Adin"
242486,"Pramanik","Constantijn"
67835,"Luft","Behnaam"
460839,"Akazan","Vishu"
217884,"Menhoudj","Hideyuki"
76733,"Gulla","Arvin"
444612,"Sury","Jeanna"
217877,"Azumi","Fumitake"
238194,"Christianini","Hatsukazu"
443471,"Tetzlaff","Honesty"
82358,"Provine","Shir"
49103,"Laventhal","Renny"
214354,"Qiwen","Shahar"
479885,"Schade","Sariel"
89519,"Szilard","Vasilis"
432466,"Kinley","Irena"
30375,"Thebaut","Uta"
205246,"Demizu","Nevio"
426599,"Vasanthakumar","Mahendra"
41481,"Harllee","Saniya"
298081,"Kropf","DAIDA"
108122,"Terkki","Moti"
464395,"Takanami","Dinah"
455774,"Selvestrel","Otmar"
296514,"Underwood","Zito"
280454,"Sudkamp","Udi"
27877,"Conte","Bingning"
437398,"Cyne","Insup"
475495,"Snyers","Jovan"
79517,"Jervis","Pramod"
63062,"Barriga","Pintsang"
31339,"Baca","Panayotis"
440318,"Ushiama","Chaitali"
435371,"Lamma","Ramalingam"
54142,"Orlowska","Filipp"
238263,"Rahimi","Vitaly"
44198,"Tramer","Jamaludin"
293643,"Rosay","Boriana"
435657,"Przulj","Hyuckchul"
42614,"Bail","Atreyi"
59464,"Koyama","Selwyn"
18490,"Limongiello","Hein"
252771,"Perfilyeva","Christ"
231177,"Garigliano","Rimli"
95314,"Koblick","Rasiah"
235775,"Driscoll","Chriss"
102021,"Simmen","Niteen"
453129,"Rajcani","DAIDA"
467244,"Christianini","Chiradeep"
21669,"Servieres","Morrie"
231429,"Eiron","Cullen"
273153,"Businaro","Girolamo"
38019,"Yoshimura","Charlene"
75489,"Begiun","Mani"
52853,"Velasco","Kerryn"
245881,"Dayang","Gretta"
71989,"Gulla","Arup"
435354,"Bashian","Bowen"
460291,"Leaver","Collette"
13169,"Hasham","Fun"
267435,"Iwayama","Xiaoqiang"
296365,"Khalil","Angus"
283511,"Genin","Mingsen"
452670,"Kenevan","Kousuke"
451380,"Nyanchama","Remzi"
47897,"Serna","Arumugam"
466199,"Camurati","Diederik"
297119,"Maksimenko","Ekawit"
77173,"Merey","Sachem"
275368,"Kalafatis","Xiaoqiang"
25057,"Standera","TRUE"
258912,"Preusig","Chandrasekaran"
413424,"Thorensen","Akeel"
89183,"Kawashima","Zhilian"
84747,"Felcyn","Yoshinari"
20524,"Snedden","Anneke"
42755,"Rosenbaum","Heather"
434235,"Gerlach","Sanjeeva"
410001,"Angelov","Boutros"
13489,"Itschner","Fumino"
213365,"Brickell","Isaac"
263673,"Yeung","Khue"
419575,"Huhdanpaa","Etsuo"
76695,"Antonakopoulos","Rance"
71770,"Perez","Weiyi"
267788,"Vesna","Yongdong"
438352,"Gajiwala","Mari"
414753,"Bojadziev","Honesty"
58063,"Masand","Dannz"
418306,"Kumaresan","Moriyoshi"
31535,"Sidou","Mong"
235149,"Iwayama","Cristinel"
68603,"Rusterholz","Fabrizio"
481119,"Gils","Niranjan"
225584,"Kemmerer","Xiaoqiang"
282569,"Kalloufi","Yechezkel"
260366,"Asser","Eric"
202376,"Uhrik","Holgard"
288069,"Castellani","Yannik"
270165,"Trelles","Mahendra"
466094,"Majewski","Erzsebet"
452599,"Kumaresan","Yishai"
103467,"Glinert","Kwangyoen"
413436,"Segond","Haldun"
219289,"Delgrande","Seongbae"
271071,"Einsfeld","Genta"
455541,"McFarlan","Jungsoon"
436861,"Rettelbach","Sastry"
60267,"Stavenow","Adel"
401111,"Denos","Wuxu"
74993,"Marrevee","Felicidad"
470994,"Irland","Chrisa"
295103,"Validov","Xiaoqiang"
260108,"Michaeli","Shim"
223544,"Ranka","Hisao"
258370,"Raney","Kamakshi"
227345,"Billawala","Przemyslawa"
469300,"Androutsos","Fumitaka"
460993,"Valtorta","Utpal"
216634,"Cooley","Mani"
458306,"Duclos","Giri"
221337,"Jiang","Ramachenga"
442330,"Veeraraghavan","Quingbo"
247073,"Conti","Nectarios"
266954,"Jansen","Mihalis"
60800,"Grandbois","Flemming"
455727,"Veccia","Kolar"
257210,"Koyama","Yuchang"
254206,"Asmuth","Tamiya"
201328,"Carrere","Divier"
79143,"Covnot","Taisook"
28401,"Maquelin","Candida"
448436,"Baalen","Yannis"
291992,"Domenig","Sangeeta"
47060,"Weiland","Satyanarayana"
26849,"Murillo","Zhensheng"
456957,"Dahlbom","Jayesh"
249759,"Pusterhofer","Raimond"
291526,"Staelin","Barry"
299441,"Billawala","Qunsheng"
466468,"Granlund","Irena"
227572,"Schaaf","Premal"
401436,"Perz","Shakhar"
277873,"Bahk","Poorav"
229354,"Kemmerer","Guoxiang"
109423,"Bultermann","Frazer"
472106,"Redmiles","Heeju"
101234,"Huhdanpaa","Hidefumi"
209872,"Kaiser","Breannda"
230472,"Kropf","Val"
437063,"Werthner","Kristina"
278666,"Weiland","Honglan"
242332,"Peac","Shiv"
225054,"Imataki","Zdislav"
277438,"Kadhim","Lansing"
240981,"Vieth","Jaihie"
103780,"Lukaszewicz","Elvis"
74990,"Badr","Filipp"
288151,"Collavizza","Shuho"
274492,"Zeilberger","Malu"
299217,"Sinicrope","Zhonghui"
38902,"Otillio","Aruna"
106282,"Murtha","Anwar"
43112,"Cunliffe","Huican"
61179,"Kaltofen","Berni"
204470,"Lichtner","Hein"
201772,"Hatcliff","Guenter"
258177,"Conta","Vasilii"
423434,"Shackell","Uta"
11506,"Picel","Rance"
237196,"England","Abdelkader"
475048,"Anger","Sumant"
409535,"Brizzi","Kish"
260612,"Conte","Roded"
292787,"Wielonsky","Sariel"
248957,"Peyn","Tomokazu"
57525,"Dechter","Herbert"
92727,"Tchuente","Arnd"
480917,"Zongker","Cathie"
262309,"Ferriere","Fusako"
260773,"Talmon","Leif"
280860,"Syang","Gudjon"
28339,"Gulla","Alassane"
237885,"Oppitz","Willard"
232331,"Leijenhorst","Marla"
42436,"Uludag","Shay"
460681,"Bernatsky","Gregory"
44748,"Curless","Tru"
243892,"Pargaonkar","Weijing"
242676,"Vitiello","Tremaine"
222115,"Masand","Bouchung"
441557,"Gulak","Duangkaew"
422647,"Mitina","Udaiprakash"
292579,"Ramsay","Susanne"
463636,"Zongker","Taiji"
297421,"Raney","Marsha"
430391,"Tsukune","Marit"
412656,"Zykh","Gunilla"
437831,"Sooriamurthi","Gaetan"
227749,"Penttonen","Peternela"
207969,"Verhoeff","Macha"
13752,"Otillio","Kwangho"
241401,"Carrera","Bartek"
62947,"Pillow","Rosli"
38762,"Felder","Mingsen"
238360,"Basawa","Demin"
92308,"Dichev","Chenye"
419187,"Goodrum","Chrisa"
81592,"Rehfuss","Monique"
67878,"Monkewich","George"
93161,"Garrabrants","Giao"
405075,"Kumaresan","Shuzo"
295314,"Yemenis","Chenye"
227072,"Botman","Bangqing"
43670,"Randi","JoAnna"
40080,"Bressoud","Eberhardt"
443404,"Feldhoffer","Xiaoheng"
11552,"Ferretti","Tommaso"
220868,"Lovengreen","Christoph"
95142,"Besancenot","Kien"
445352,"Salinas","Souichi"
59607,"Piazza","Billur"
66192,"Jeong","Susanna"
473419,"Mellouli","Uriel"
232007,"Nanard","Atreye"
40419,"Frolund","Zsolt"
443412,"Syang","Zsolt"
453365,"Casley","Takushi"
85661,"Piazza","Shaw"
65414,"Setlzner","Florina"
439714,"Alameldin","Fay"
296509,"Mahmud","Olivera"
15958,"Vidya","Fumino"
446077,"Keirsey","Hironoby"
79569,"Puoti","Aron"
470760,"Mandelberg","Nigel"
82542,"Peres","Mrinalini"
480300,"Porenta","Tiina"
254867,"Vecchio","Lunjin"
220135,"Yoshimura","Jixiang"
98385,"Marakhovsky","Ronnie"
58833,"Cummings","Ioana"
287175,"Pluym","Francesca"
467235,"Zeilberger","Serge"
250234,"Rubsam","Kerryn"
435302,"Dymetman","Roded"
14882,"Matzen","Malu"
91007,"Kilgore","Paddy"
468363,"Ramsak","Shigehiro"
400556,"Ozery","Marl"
108216,"Shobatake","Lijia"
108375,"Ananiadou","Greger"
83996,"Gils","Fumitaka"
18906,"Wilfing","Yinlin"
444963,"Marchesini","Mayumi"
406212,"Lipner","Rimli"
457227,"Lichtman","Djenana"
49164,"Gimarc","Vasilii"
476417,"Staudhammer","Mary"
217931,"Harnett","Erzsebet"
88690,"Miake","Zhiguo"
65131,"Akiyama","Shakhar"
432679,"Penn","Kazunori"
103776,"Ashish","Franziska"
20772,"Ghalwash","Selwyn"
107343,"Baer","Guttorm"
73549,"Lores","Xumin"
233266,"Matzel","Zhenhua"
87835,"Vigier","Subir"
477350,"Vigier","Terresa"
291902,"Gerlach","Khaled"
212901,"Naumovich","Arnd"
226244,"Deyuan","Venkatesan"
254316,"Silva","Tomofumi"
25946,"Chinin","Dietrich"
216741,"Perez","Poorav"
26439,"Lung","Zengping"
255587,"Heinisuo","Zine"
43697,"Soicher","Zdislav"
221596,"Sundgren","Heejo"
55764,"Fadgyas","Chiranjit"
52426,"Auyong","Mabo"
407980,"Munos","Gopalakrishnan"
74522,"Schaar","Anyuan"
90751,"Gecseg","Marsal"
223243,"Solares","Chikako"
220527,"Petersohn","Tonia"
90906,"Poehlman","Duri"
62125,"Pokrovskii","Shahab"
290119,"Ladret","Menkae"
10725,"Isard","Garnet"
217465,"Serra","Yurii"
204739,"Gelosh","Hisao"
33777,"Meszaros","Petter"
237047,"Peres","Akeel"
280076,"Angel","Nagui"
430836,"Maraist","Amstein"
264144,"Cronin","Saeed"
82474,"Eldridge","Etsuo"
63094,"Porenta","Tran"
481666,"Dusink","Zhilian"
402897,"Kabayashi","Geraldo"
251553,"Bahi","Udo"
44568,"Daescu","Peer"
294632,"Fairtlough","Chaitali"
51650,"Erie","Jungsoon"
211447,"Majewski","Sreekrishna"
47130,"Benveniste","Sandeepan"
468667,"Cappelli","Shem"
33196,"Gist","Jungsoon"
421376,"Ranon","Weijing"
239896,"Hasenauer","Shuzo"
293014,"Danlos","Uzi"
46683,"Wynblatt","Ger"
437866,"Rusterholz","Bingning"
278876,"Cardazo","Vojin"
90027,"Maliniak","Tesuro"
467245,"Beausoleil","Etsuo"
215978,"Griswold","Zvonko"
436687,"Piveteau","Younwoo"
411881,"Jording","Jiang"
48194,"Baek","Lena"
227440,"Angot","Zine"
210673,"Restivo","Dipankar"
471583,"Fraisse","Adamantios"
416018,"Aloia","Fen"
244940,"Zastre","Yurij"
210711,"Orlowski","King"
431606,"Nations","Heeju"
215036,"Gini","Sanjay"
99710,"Vigier","Kayoko"
433019,"Borovoy","Aron"
22059,"Rosis","Spyrose"
260832,"Langford","Shigeu"
215274,"Terlouw","Moss"
11344,"Gulak","Paddy"
16288,"Vernadat","Marl"
229052,"Poehlman","Kitty"
258921,"Reistad","Masato"
50250,"Heystek","Steen"
470953,"Gubsky","Serge"
477142,"Stenning","Mrinalini"
466186,"Redmiles","Alenka"
96334,"Vigier","Valter"
23469,"Chleq","Ennio"
51643,"Erie","Sham"
33831,"Tchuente","Uinam"
53061,"Milicia","Yuqun"
221285,"Fairtlough","Trygve"
437619,"Parhami","Kinh"
93636,"Arlazarov","Weijing"
434731,"Apsitis","Saeed"
100342,"Suri","Waiman"
236042,"Birge","Ulises"
477223,"Kisuki","Theron"
45815,"Kusalik","Falguni"
451902,"Macedo","Sakthirel"
297582,"Kambil","Carrsten"
289447,"Kemmerer","Gil"
37668,"Sessa","Conor"
421418,"Hasenauer","Kamakshi"
256657,"Baumann","Terresa"
261759,"Zallocco","Billie"
472443,"Varley","Sakthirel"
74186,"Landherr","Nectarios"
439429,"Crabtree","Aiman"
27245,"Reinhart","Subhada"
474454,"McClure","Quingbo"
434312,"Zschoche","Lenore"
432676,"Borovoy","Leaf"
203886,"Rijsenbrij","Mansur"
84052,"Decleir","Mary"
92157,"Matzel","Ioana"
448518,"Beilner","Sanjit"
80053,"Hammerschmidt","Larisa"
274849,"Beilner","Sigeru"
53376,"Bergere","Yakkov"
237674,"Baik","Chaitali"
78658,"Barriga","Takanari"
440006,"Lindenbaum","Jinya"
297309,"Miculan","Sudharsan"
223135,"Feldhoffer","Jinya"
87374,"Maraist","Sampalli"
467566,"Kroft","Reuven"
438090,"Gadepally","Shay"
294810,"Sluis","Margo"
284031,"Naudin","Tetsushi"
57908,"Monarch","Holgard"
217412,"Kropf","Jiann"
447693,"Heuter","Wilmer"
420013,"Syang","Pranav"
445279,"Bultermann","Zeydy"
410158,"Brodal","Zhenhua"
13205,"Breugel","Maja"
284425,"Servi","Khue"
95082,"Masand","Limsoon"
102207,"Emmerich","Weiru"
242701,"Heering","Shuji"
36372,"Conta","Ronghao"
209883,"Zeilberger","Genki"
13503,"Milicia","Renee"
299561,"Simmel","Teruyuki"
277022,"Christianini","Thodoros"
36974,"Bugaenko","Kagan"
234539,"Tasistro","Arno"
411402,"Ratzlaff","Arnould"
280206,"Panienski","Dhritiman"
422425,"Wilharm","Marl"
238964,"Baca","Zorica"
25436,"Steenbeek","Horward"
56127,"Sidje","Subbu"
431716,"Baar","Nadjib"
27636,"Lalonde","Kiyomitsu"
469767,"Pramanik","Serge"
12894,"Stafford","Heng"
441383,"Ramras","Tzvetan"
403249,"Kaltofen","Zita"
24006,"Kulisch","Subir"
70143,"Raczkowsky","Monique"
54613,"Heiserman","Huan"
406730,"Milicia","Kankanahalli"
474798,"Gide","Chiranjit"
221716,"Navazio","Ebbe"
251645,"Tsunoo","Bezalel"
203069,"DiGiano","Hidekazu"
434780,"Zaiane","Duro"
297597,"Panwar","Susanta"
204088,"Isaak","Aral"
276966,"Vigier","Eberhardt"
102965,"Engelmann","Gilbert"
417523,"Pepe","Heekeun"
71103,"Baig","KayLiang"
211128,"Trachtenberg","Ayonca"
98972,"Marquardt","Yuguang"
461995,"Renear","Shigenori"
465434,"Alpay","Dayanand"
231642,"Demos","Margareta"
202753,"Marwedel","Aimee"
280420,"Hofting","Jahangir"
17450,"Fairtlough","Jinpo"
456370,"Griswold","Richard"
92869,"Chinal","Mads"
14487,"Molenkamp","Jungsoon"
234485,"Stranks","Vishwani"
220036,"Cichocki","Chriss"
236966,"Luck","Geoff"
260662,"Jording","Jacopo"
441756,"McAffer","Magdalena"
454425,"Pillow","Shietung"
230714,"Suessmith","Maha"
213819,"Schiper","Willard"
67317,"Haumacher","Nikolaos"
23074,"DasSarma","Francesca"
24553,"Passafiume","Anwar"
252319,"Openshaw","Kwee"
461532,"Reinhard","Hongzue"
463838,"Nourani","Danco"
266899,"Lanteri","Aksel"
86914,"Luca","Avishai"
59342,"Colorni","Babette"
212851,"Quaggetto","Terresa"
100047,"Zockler","Masanao"
89168,"Orlowska","Tiina"
40857,"Snedden","Francoise"
437795,"Manders","Aloke"
56726,"Schmiedel","Chuanti"
26623,"Barbanera","Berni"
429835,"Rabehasaina","Duke"
464739,"Fiutem","Chinya"
466968,"Kitai","Lene"
87981,"Garnier","Sudharsan"
37351,"Arlazarov","Radoslaw"
96127,"Jarecki","Duke"
90193,"Aloisi","Xuedong"
16480,"Tramer","Patricio"
296073,"Gopalakrishnan","Hirochika"
254717,"Deyuan","Deniz"
417280,"Veeraraghavan","Tonny"
457325,"Kruskal","Arvind"
236296,"Uehara","Danel"
86233,"Wiegley","Cristinel"
43124,"Rijckaert","Kwee"
419345,"Bratten","Shietung"
432376,"Senzako","Xiaoqiang"
204682,"Bennet","Gina"
217863,"Cannard","Adib"
67339,"Mullainathan","Thanasis"
64631,"Matheson","Sadegh"
461549,"Jumpertz","Khatoun"
58888,"Luce","Dharmaraja"
269286,"Lamba","Sorina"
279229,"Karnin","Oldrich"
252041,"Malabarba","Zhaofang"
233109,"Koblitz","Piyawadee"
298619,"Stamatiou","Mototsugu"
253443,"Cullers","Mohammed"
13513,"Kitsuregawa","Atilio"
476235,"Klyachko","Yuchang"
288648,"Senzako","Narain"
481178,"Luce","Uwe"
443917,"Lores","Amstein"
229373,"Tagansky","Ute"
23373,"Morris","Jamaludin"
270880,"Gecsei","Heekeun"
216441,"Hutter","Vitali"
105977,"Cooley","Fox"
464753,"Sinicrope","Dietrich"
425829,"Barriga","Falguni"
468512,"Nitsche","Idoia"
449629,"Basawa","Tonny"
103769,"Baca","Magdalena"
281765,"Koyama","Shao"
84420,"Biron","Sanjoy"
78251,"Conti","Subbu"
255182,"Bahk","Kendra"
445572,"Zumaque","Stafford"
285983,"Magalhaes","Claudi"
264372,"Liesche","Khalid"
104809,"Sooriamurthi","Reinhold"
210777,"Gihr","Hideo"
66221,"Picco","Mingzeng"
269700,"Langford","Guadalupe"
36561,"Kamber","Elliott"
420357,"Rubsam","Bluma"
235864,"Akaboshi","Abdelkader"
247693,"Baer","Fumiya"
82589,"Picaronny","Mingzeng"
238624,"Rusterholz","Zhigen"
55394,"Thorelli","JiYoung"
253149,"Murrill","Ramya"
239031,"Couchot","Kazuhide"
27581,"Cronin","Troy"
51465,"Cappello","Ferdinand"
463490,"Decleir","Remko"
242729,"Kriebel","Shaowei"
423330,"Peron","Phillip"
210497,"Butterworth","Sailaja"
213641,"Michaeli","Danco"
416250,"Michaels","Marie"
97651,"Furedi","Clyde"
76195,"Honglei","Theirry"
67630,"Azulay","Udaiprakash"
400653,"Pettis","Mantis"
220239,"Kruskal","Seongbin"
461540,"Baezner","Ipke"
408748,"Panienski","Werner"
292222,"Nanard","Billie"
281154,"Slutz","Prasadram"
273109,"Linnainmaa","Demos"
232636,"Peha","Duro"
456490,"Kornyak","Tadanori"
208884,"Khalid","Gurbir"
10262,"Maraist","Mahendra"
431465,"Mahmud","Kristinn"
412717,"Boguraev","Waiman"
29651,"Knightly","Divier"
451159,"Bierbaum","Shuzo"
73293,"Sidou","Pranjal"
20320,"Middleton","Zhenhua"
413805,"Undy","Xinglin"
273568,"Kilgore","Mizuhito"
298742,"Cromarty","Bowen"
232341,"Masada","Persi"
404919,"Linnainmaa","Kasidit"
401063,"Thebaut","Dannz"
407910,"Henseler","Terresa"
439351,"Grabner","Ramalingam"
238706,"Vieth","Sakthirel"
98884,"Baar","Tsuneo"
84371,"Asrin","Ranga"
17202,"Quittner","Jayesh"
70161,"Servieres","Remmert"
42763,"Anick","Hugo"
415459,"Lampe","Danny"
440185,"Stiles","Hitomi"
68235,"Vickson","Sailaja"
216358,"Apsitis","Szabolcs"
63371,"Muhling","Shichao"
25112,"Haraldson","Muneo"
296251,"Schrooten","Suzette"
88618,"Cappello","Dekang"
465265,"Asser","Marl"
42348,"Fontan","Masami"
287636,"Etalle","Yucel"
74305,"Clemencon","Feipei"
18016,"Kaminger","Somnath"
452525,"Cardazo","Lorien"
216569,"Malabarba","Stepehn"
31650,"Savasere","Neven"
214019,"Rosay","Brendon"
425189,"Cronan","Munenori"
231675,"Oskamp","Nidapan"
45852,"Sadowsky","Yuguang"
87667,"Hofmeyr","Shir"
458107,"Schwabacher","Denis"
55424,"Dayang","Mori"
451733,"Brender","Remmert"
94492,"Beausoleil","Flemming"
31343,"Denos","Heon"
461659,"Murthy","Shushma"
234952,"Parveen","Ramalingam"
67255,"Dayang","Yefim"
421733,"Basart","Augustine"
403555,"Dalton","Gor"
404278,"Kaltofen","Denny"
252281,"Axelband","Thanasis"
236754,"Pena","Aris"
232471,"Ossenbruggen","Abdelwaheb"
64319,"Danlos","Yongqiao"
469967,"Bodoff","Gift"
400578,"Eugenio","Gretta"
442178,"Bednarek","Saddek"
48769,"Collette","Aram"
464619,"Pileggi","Mingdong"
203095,"Stellhorn","Niranjan"
282841,"Schwabacher","Alejandra"
28935,"Riesenhuber","Lucien"
264284,"Billingsley","Maya"
28774,"Hebden","Ravishankar"
267864,"Reistad","Sampalli"
53553,"Luby","Jiann"
293146,"Gill","Jaewon"
78505,"Stasinski","Haldun"
436406,"Penttonen","Hironoby"
90099,"Riexinger","Guangming"
263023,"Binding","Peer"
406513,"England","Luisa"
463285,"Lally","Piyush"
236509,"Dayang","Sibyl"
447474,"Setiz","Shaunak"
210561,"Zultner","Jaber"
26545,"Rosenbaum","Badri"
464675,"Foote","Evgueni"
103919,"Verhaegen","Chikara"
457748,"Braunschweig","Youngkon"
416659,"Hempstead","Jordanka"
22737,"Szemeredi","Willard"
436145,"Lung","Zeljko"
278486,"Maraist","Aiichiro"
97340,"Hiyoshi","Vishu"
446232,"Chelton","Mart"
13943,"Plump","Maya"
412408,"Yetim","Arun"
226633,"Benzmuller","Xuejun"
275367,"Hebert","Maren"
274233,"Miake","Augustine"
54058,"Rohrbach","Muneo"
219320,"Smailagic","Aleksander"
52777,"Schiper","Takahira"
262411,"Warwick","Ronghao"
298041,"Chiodo","Arup"
287790,"Shigei","Kenton"
206795,"Undy","Debatosh"
97689,"Zeidenstein","Maria"
73506,"Grabner","Sakthirel"
425641,"Lindenbaum","Jeong"
244316,"Kuszyk","Khun"
19424,"Chvatal","Shooichi"
75793,"Koshino","Vincent"
437434,"Vieri","Vitali"
476338,"Rissland","Sukumar"
448199,"Harllee","Flemming"
55965,"Mitzlaff","Basim"
457577,"Rosay","Adin"
424855,"Preusig","Premsyl"
59413,"Albarhamtoshy","Huei"
28298,"Ritcey","Holgard"
474800,"Kaminger","Patricio"
421368,"Ibel","Masaru"
65313,"Kamber","Tua"
270633,"Millington","Duri"
248959,"Noriega","Elrique"
254311,"Turnbull","Jaques"
69397,"Decleir","Hausi"
93985,"Raczkowsky","Pramod"
34353,"Snyers","Mingdong"
200510,"Baranowski","Kien"
294114,"Versino","Zissis"
210980,"Peltason","Val"
52059,"Kuzuoka","Martina"
437423,"Ecklund","Steen"
404625,"Brandsma","Ingmar"
402105,"Vanwelkenhuysen","Toshimitsu"
409713,"Braunmuhl","Tommaso"
431895,"Speel","Xiaoqiang"
57207,"dAstous","Berto"
11556,"Hashii","Masasuke"
228152,"Lung","Sailaja"
74215,"Qiwen","Tooru"
481857,"Ecklund","Ulises"
200820,"Chinen","Morris"
48173,"Cooley","Ziya"
82280,"Farrel","Woody"
461213,"Ramaiah","Yuichiro"
39148,"Mayerwieser","Eirik"
99726,"Lupu","Duangkaew"
269485,"Haddadi","Subhrajyoti"
220698,"Lienhardt","Miomir"
60235,"Bojadziev","Boriana"
269749,"Makrucki","Guadalupe"
242935,"Fioravanti","Tetsushi"
273872,"Heuter","Yishai"
66922,"Vernadat","Palash"
47115,"Rijsenbrij","Richara"
42677,"Landherr","Hilary"
39193,"Eickenmeyer","Masali"
17971,"Macedo","Basil"
279676,"Rabehasaina","Gen"
214581,"Isaac","Mang"
401547,"Bolsens","Augustine"
48577,"Piazza","Peternela"
407598,"Matheson","Remmert"
84884,"Dolinsky","Ortrun"
42513,"Blokdijk","Genki"
259649,"Comellas","Suzette"
242162,"Bodoff","Yinghua"
259580,"Snedden","Tru"
224558,"Schrooten","Tianruo"
243999,"Rosenbaum","Teruyuki"
95616,"Beetstra","Gregory"
66144,"Kading","Turgut"
424099,"Strandh","Kwangyoen"
84629,"Kaltofen","Heon"
283440,"Krichel","Leen"
274873,"Zongker","Ramachenga"
75000,"Ritcey","Hidekazu"
258851,"Chvatal","Utpal"
11927,"Aingworth","Mana"
249851,"Taneja","Giao"
246424,"Gimbel","Zhaofang"
211304,"Hainaut","Bowen"
459303,"Tchuente","Kensei"
467916,"Brandsma","Shen"
425674,"Paludetto","Guoxiang"
445947,"Kampfer","Shalesh"
12232,"Ratnakar","Subhankar"
411536,"Hebert","Foong"
29535,"Kropp","Val"
26711,"McClurg","Takahiro"
407360,"Ananiadou","Masamitsu"
267284,"Barvinok","Radoslaw"
37691,"Luke","Hatem"
32511,"Condotta","Shaw"
235043,"Makrucki","Temple"
470786,"Schaaf","Yuichiro"
257488,"Lamma","Shaw"
237328,"Schusler","Khue"
469777,"Anick","Hatsukazu"
418759,"Wegerle","Janche"
404405,"Piancastelli","Yishay"
475173,"Nyanchama","Khoa"
29604,"Babu","Jahangir"
96852,"Kroll","Jacopo"
92906,"Ranka","Szabolcs"
46858,"Gente","Lubomir"
17077,"Quittner","Hironoby"
101230,"Pepe","Danae"
43173,"Molenkamp","Venkatesan"
419911,"Hofstetter","Seongbin"
254840,"Kaelbling","Pradeep"
209437,"Validov","Candido"
218704,"Aumann","Alois"
29548,"Lunt","Petter"
265191,"Boudaillier","Uinam"
47740,"Linares","Tamiya"
216181,"Biran","Susuma"
19449,"Jansen","Shietung"
233866,"Chleq","Berni"
415457,"Makinen","Sasan"
91650,"Laurillard","Subhrajyoti"
216190,"Hofstetter","Zhaofang"
264551,"Naumovich","Duri"
299423,"Schmittgen","Guozhong"
432566,"Orlowski","Dzung"
93832,"Emiris","Abdelkader"
401855,"Peir","Steve"
281430,"Ginneken","Nobuyoshi"
219839,"Swiler","Sugwoo"
284242,"Zucker","Sastry"
267640,"Dredge","Atreye"
218184,"Kawashimo","Eberhardt"
81157,"Zykh","Aleksander"
28429,"Hempstead","Lillian"
430313,"Vuskovic","Carrsten"
286349,"Rikino","Conor"
439120,"Makrucki","Luigi"
245029,"Slobodova","Gennadi"
32225,"Biron","Reuven"
471731,"Blokdijk","Pragnesh"
457057,"Roohalamini","Xinglin"
70487,"Besancenot","Vasilii"
437202,"Walstra","Yuguang"
237476,"Vilarrasa","Khalil"
439233,"Tyugu","Yannis"
428442,"Pavlopoulou","Margareta"
402998,"Cesareni","Horward"
30904,"Tchuente","Fen"
29168,"Schwabacher","Nahid"
66404,"Kalorkoti","Chinya"
463786,"Kaminger","Shahaf"
434209,"Naumovich","Xiong"
291861,"Worfolk","Ramya"
416837,"Borovoy","Sachio"
405377,"Siepmann","Lenore"
297117,"Gist","Horward"
45861,"Melton","Leaf"
470878,"Percebois","Ziva"
468408,"Skrikant","Herb"
72645,"Bojadziev","Mack"
221981,"Ecklund","Weiye"
101426,"Perelgut","Zhonghui"
12499,"Lamba","Izaskun"
10050,"Dredge","Yinghua"
411394,"Ramsay","Christ"
244359,"McAffer","Maria"
231669,"Tischendorf","Mohua"
442146,"Rosaz","Sasan"
254925,"Kobara","Sukumar"
471428,"Baca","Kinh"
206808,"Stasinski","Danil"
91343,"Heystek","Kauko"
44112,"Heystek","Alain"
477209,"Gniady","Szabolcs"
420146,"Wossner","Jongsuk"
202868,"Roohalamini","Marsja"
73632,"Ambroszkiewicz","Juichirou"
432912,"Siepmann","Khosrow"
42829,"Panangaden","Mats"
270697,"Plavsic","Ishfaq"
20774,"Janetzko","Jasminko"
429148,"Conry","Sreenivas"
296189,"Shiratori","Bouchung"
405032,"Solovay","Yinghua"
445363,"Tsukune","Filipp"
62786,"Ramaiah","Gro"
75505,"Isaac","Jacopo"
217201,"Papadias","Serif"
19868,"Godskesen","Jaihie"
237101,"Conte","Joydip"
283621,"Pehl","Ranan"
276049,"Coullard","Bikash"
425005,"Narahari","Dung"
19012,"Panangaden","Gal"
422126,"Pearson","Make"
35594,"Ramalingam","Sreenivas"
433283,"Conti","Ymte"
455545,"Delgrange","DAIDA"
94470,"Broder","Deniz"
408509,"Stavenow","Nirmal"
403072,"Vadhan","Subir"
465072,"Zambonelli","Masasuke"
440561,"Chinin","Zeljko"
64171,"Kaelbling","Heather"
11659,"Pileggi","Tremaine"
475623,"Barriga","Takanari"
28836,"Ravishankar","Huiqun"
454307,"Denis","Rayond"
49099,"Fendler","Conrado"
51792,"Merkl","Aral"
430642,"Buescher","Heping"
57850,"Kawashima","Ayakannu"
69062,"Bakhtari","Kiyokazu"
38839,"Kirkerud","Lunjin"
219713,"Munke","Chaosheng"
477146,"Thombley","Yoshimitsu"
239281,"Tanemo","Shooichi"
450377,"Lamba","Bedir"
10767,"Doering","Monique"
266511,"Mahmud","Kristinn"
233301,"Perz","Karlis"
266701,"Serre","Radhakrishnan"
430861,"Covnot","Baocai"
101691,"Sundgren","Shaowei"
411288,"Benzmuller","Niranjan"
288749,"Trumbly","Surveyors"
92911,"Pulkowski","Emran"
452312,"Portugali","Kaijung"
472060,"Rahier","Gen"
92444,"Schrooten","Mayumi"
260192,"Schlegelmilch","Murthy"
231575,"Hofman","Kiyokazu"
431254,"Homond","Yakichi"
72654,"Kilgour","Berna"
284808,"Fontan","Phillip"
435218,"Burnard","Breannda"
265573,"Pollacia","Branimir"
25791,"Jullig","Claude"
288378,"Dayana","Toshimori"
100204,"Honglei","TRUE"
401865,"Emmart","Eberhardt"
441227,"Stemann","Haldon"
251556,"Nitsche","Lucien"
76170,"Hellwagner","Kwee"
67459,"Armand","Rajmohan"
96109,"Chappelet","Jasminko"
442391,"Schaft","Jouni"
26727,"Hoogerwoord","Luisa"
212185,"Christ","Gonzalo"
297759,"Guerreiro","Dannz"
251254,"Sidhu","Phule"
292624,"Jiang","Huiqun"
216223,"Koshino","Zhilian"
51064,"Usdin","Sven"
259176,"Fargier","Berto"
60681,"Ebeling","Lillian"
254391,"Basagni","Kristian"
233794,"Perl","JoAnne"
64114,"Koyama","Arra"
32229,"Wossner","Weiwu"
432618,"Rahier","Luigi"
432583,"Mitsuhashi","Seongbin"
91616,"Guenter","Lansing"
224478,"Lukaszewicz","Yannik"
428013,"Uehara","Freyja"
412320,"Rajaraman","Gennady"
63614,"Willoner","Berna"
441350,"Fairtlough","Cristinel"
294180,"Rodier","Herbert"
88983,"Kusakari","Mario"
267668,"Antonisse","Bilhanan"
32019,"Shigei","Piyawadee"
226058,"Riexinger","Bingning"
40169,"Isaac","Remco"
298025,"Egerstedt","Ohad"
107996,"Nitta","Licheng"
298489,"Boreale","Subbu"
259582,"Bugrara","Yuichiro"
69447,"Dahlbom","Lene"
102440,"Farrow","Yucai"
444293,"Klerer","Cullen"
272619,"Peot","Masaki"
90537,"Erol","Dhritiman"
48526,"Ciolek","Kristinn"
59990,"Reistad","Manibrata"
219235,"Usdin","Munehiko"
451541,"Tsukune","Patricia"
250499,"Aseltine","Arif"
83730,"Lorie","Dharmaraja"
478024,"Poehlman","Masaki"
222983,"McClure","Zeydy"
406788,"Simkin","Avishai"
258745,"Conta","Hugo"
405007,"Sethi","Kayoko"
223962,"Schonegge","Fusako"
107862,"Speckmann","Siamak"
48678,"Nilsson","Ravishankar"
81927,"Francisci","Premal"
52381,"Anick","Berry"
473858,"Gecseg","Yuqun"
287624,"Ambroszkiewicz","Francesca"
465663,"Llado","Anoosh"
106270,"Kalefeld","Mantis"
281887,"Chleq","Aral"
478630,"Brickell","Idoia"
254690,"Garigliano","Mark"
211355,"Gischer","Tonny"
474155,"Cusworth","Tsuneo"
260184,"Kornatzky","Pintsang"
232189,"Larfeldt","Ravishankar"
68464,"Millington","Nikolaus"
76065,"Taubenfeld","Waiman"
438598,"Fandrianto","Dante"
438973,"Peres","Filipp"
265145,"Cooman","Sastry"
242564,"Kuzuoka","Susanta"
52722,"Zeidenstein","Youssef"
211241,"Alblas","Elzbieta"
299329,"Brattka","Maja"
268876,"Hofmeyr","Pohua"
258003,"Rubsam","Abdelghani"
241195,"Oehlmann","Krister"
54465,"Bresenham","Torsten"
40492,"Waterhouse","Sverrir"
29014,"Luan","Nahla"
233196,"Bottner","Masoud"
31138,"Sichman","Fumiko"
277228,"Hofman","Udaiprakash"
434706,"Bridgland","Haldon"
456146,"Stemann","Giap"
104688,"Smeets","LiMin"
107334,"Peak","Rafail"
475191,"Detkin","Kazuhito"
205943,"Krohm","Chinya"
96911,"Jeansoulin","Hirochika"
438194,"Denny","Mack"
246152,"Skrikant","Maria"
87060,"Birdsall","Willard"
417039,"Feldmann","Chrisa"
283942,"Kieras","Ibibia"
21863,"Matzen","Kendra"
105800,"Baig","Golgen"
51555,"Brizzi","Takanari"
71878,"Calkin","Sariel"
228313,"Marchesini","Moon"
291609,"Dulli","Berry"
455451,"Perelgut","Sanjoy"
282813,"Baer","Turgut"
95709,"Thambidurai","Evgueni"
12199,"Poupard","Huan"
27852,"Polupanov","Leucio"
272211,"Merey","Arunachalam"
95827,"Ponthieu","Mahmut"
92028,"Baez","Jingling"
251905,"Terekhov","Bernardo"
471840,"Kalafatis","Piyawadee"
205519,"Casperson","Peternela"
44460,"Schapiro","Eric"
286841,"Zobel","Hidekazu"
32664,"Pashtan","Charmane"
236648,"Roison","Djenana"
80152,"Anguita","Suvo"
53091,"Sadowsky","Theron"
279505,"Narahari","Maia"
226464,"Huxford","Shigeo"
211074,"Vesna","Richara"
478550,"Setia","Prasadram"
266471,"Birke","Quingbo"
475586,"Servi","Nakhoon"
467701,"Viele","Troy"
403550,"Czap","Chriss"
230128,"Jenevein","Alagu"
48371,"Krupka","Valery"
467680,"Luon","Ravishankar"
294604,"Negoita","Roselyn"
479252,"Zeilberger","Shao"
260449,"Kading","Seshu"
231633,"Binding","Sudhanshu"
107719,"Arlazarov","Jaewoo"
441628,"Bazelow","Lubomir"
281681,"Erdmenger","Shigehiro"
202042,"Strehl","Margareta"
414415,"Erdmenger","Maha"
286875,"Wielonsky","Freyja"
93214,"Haumacher","Bilhanan"
106153,"Gluchowski","Arfst"
44474,"Kavraki","Shuzo"
431637,"Schaft","Greger"
211361,"Candan","Garnet"
217630,"Ghemri","Alassane"
104442,"Bratsberg","Itzchak"
68841,"Picel","Along"
238252,"Suppi","Uno"
46917,"Rothe","Hatim"
30768,"Farrag","Krassimir"
258850,"Heuter","Werner"
39648,"Lanphier","Gad"
478230,"Weedman","Weiru"
102962,"Kobara","Chirstian"
74704,"Picco","Navin"
214217,"Emden","Percy"
24605,"Merli","Arvind"
82875,"Terekhov","Domenick"
296857,"Reghbati","Toshimo"
445213,"Crelier","Heeju"
52342,"Karcich","Niranjan"
471350,"Comellas","Constantine"
294643,"Simmen","Berni"
257665,"Gide","Keiichiro"
82089,"Menhoudj","Shuji"
20787,"Demian","Yoshinari"
215955,"Denti","Kasidit"
474882,"Jenevein","Ronghao"
427365,"Sethi","Yuping"
253808,"Gladwell","Irena"
58225,"Simmen","Michaela"
258306,"Bain","Tru"
55536,"Baba","Jungsoon"
215559,"Picco","Stabislas"
258341,"Chimia","Dmitri"
32411,"Uhrig","Kyoichi"
429780,"DuCasse","Venkatesan"
89210,"Rosca","Xiaoqiang"
296175,"Zschoche","Murthy"
236479,"Validov","Hilary"
232392,"Fargier","Hongzhu"
244659,"Swiss","Tuval"
30564,"Kalloufi","Ortrud"
226535,"Denis","Mircea"
102474,"Sidhu","Chuanti"
75024,"Ermel","Roded"
479738,"Luff","Salvador"
102559,"Vanwelkenhuysen","Hairong"
66153,"Zhang","Yongmin"
299827,"Perelgut","Shalesh"
281448,"Fujisaki","Rosalyn"
283965,"Lung","Alain"
49211,"Perko","Satosi"
203193,"Peek","Mountaz"
85794,"Fadgyas","Ennio"
21752,"Bernatsky","Arto"
209346,"Schueller","Boaz"
476477,"Bernini","Hugh"
441039,"Pena","Chenyi"
265720,"Otillio","Yucai"
407928,"Bellone","Szabolcs"
220179,"Mitchem","Bouchung"
458814,"Falck","Munehiro"
234933,"Jeansoulin","Boaz"
404670,"Schaad","Moheb"
256521,"Kampfer","Bangqing"
201993,"Kroll","Shigehito"
459865,"Bernick","Chrisa"
77462,"Karnin","Idoia"
440457,"Kandlur","Ashish"
55484,"Bednarek","Gilbert"
13524,"Porotnikoff","Chaoyi"
447581,"Montemayor","Giri"
246186,"Iwayama","Martina"
51552,"Markovitch","Mariusz"
457009,"Botman","Gudjon"
410777,"Brodie","Uli"
106733,"Ghalwash","Suebskul"
462005,"Kushner","Pramod"
95024,"Spelt","Satosi"
226415,"Glowinski","Debatosh"
15783,"Engberts","Margareta"
82269,"Ramsey","Nirmal"
264632,"Hooghiemstra","Chenyi"
92194,"Christ","Chaoyi"
455144,"Tsukune","Ennio"
439981,"Chiodo","Soenke"
237001,"Raczkowsky","Mountaz"
402288,"Lalonde","Hironoby"
452180,"Oxman","Godehard"
69867,"Rothe","Miyeon"
442471,"Setia","Uzi"
428171,"Matteis","Remko"
292118,"Rodier","Ipke"
94215,"Snyers","Kristen"
245930,"Sanella","Sachio"
294682,"Bugaenko","Khun"
284803,"Chinal","Suebskul"
36955,"Morrin","Lidong"
297800,"Rosiles","Lenore"
45530,"Ramsey","Niteen"
480920,"Plumb","Flemming"
477326,"Khalid","Yuriy"
109544,"Demizu","Menkae"
479547,"Reghbati","Marla"
224132,"Prenel","Youpyo"
401043,"Dymetman","Nahid"
214682,"Neimat","Jaroslava"
38878,"Champarnaud","Hauke"
95312,"Perez","Sedat"
220729,"Kamber","Shimshon"
259668,"Langford","Marek"
53520,"Asrin","Vitali"
34043,"Chimia","Kristian"
285698,"Butner","Somnath"
231276,"Butner","Jayesh"
64191,"Domenig","Visit"
208125,"Motley","Douadi"
417613,"Rajala","Xinan"
101454,"Gladwell","Tooru"
480031,"Pews","Basant"
262908,"Jonsson","Mayuko"
221952,"Heering","Laurentiu"
13758,"Sidou","Subhrajyoti"
217860,"Nyrup","Ayakannu"
15209,"Luca","Takushi"
462945,"Karnin","Anoosh"
50730,"Chenney","Hironobu"
249352,"Welham","Jixiang"
243188,"Honglei","Marsja"
421716,"Bhattacharjee","Bedir"
108215,"Mukaidono","Temple"
78489,"Herber","Barun"
412371,"Delgrossi","Elzbieta"
466545,"Krybus","Kwangjo"
461431,"Potthoff","Zhenbing"
472596,"Hofstetter","Changho"
416410,"Collette","Aris"
23919,"Seiwald","Kwok"
48980,"Bamford","Zhongwei"
103645,"Raczkowsky","Falguni"
78296,"Tagansky","Annemarie"
462647,"Dolinsky","Manibrata"
83539,"Thiran","Yakichi"
37979,"Porotnikoff","Anyuan"
264503,"Shanbhogue","Leen"
28750,"Speckmann","Guangming"
20305,"Birnbaum","Gou"
403061,"Swan","Danil"
20997,"Antonakopoulos","Make"
296989,"Erez","Nechama"
80963,"Guerreiro","Shen"
291847,"Eterovic","Bokyung"
282722,"Quadeer","Xiaocheng"
258134,"Straney","Dzung"
287274,"Stamatiou","Marek"
420876,"Aloia","Aloys"
47392,"Bashian","Shietung"
479219,"Luit","Visit"
250437,"Gyorkos","Khedija"
435654,"Conry","Maren"
73595,"Vandervoorde","Nobuyoshi"
434943,"Rindone","Neven"
431291,"Hammerschmidt","Hideyuki"
24587,"Warwick","Elzbieta"
402584,"Koblick","Rimli"
470633,"Stanfel","Sadok"
32322,"Larfeldt","Froduald"
290249,"Uehara","Pintsang"
57666,"Spataro","Lunjin"
273674,"Ratnakar","Sadok"
215576,"Anger","Takushi"
40396,"Narahara","Sachem"
474195,"Guenter","Zongyan"
431415,"Pfau","Ebbe"
69445,"Puppo","Gift"
50728,"Gerlach","Aria"
236957,"Matzen","Marsal"
237288,"Lagarias","Tomofumi"
11044,"Cherinka","Elvia"
297228,"Suermann","Hideyuki"
215460,"Anandan","Eberhardt"
295016,"Rosch","Kerryn"
12858,"Driscoll","Jianwen"
401904,"Lukaszewicz","Ewing"
21711,"Bach","Shin"
480391,"Viele","Stevo"
90400,"Baig","Huei"
429933,"Sommen","Yuichiro"
243511,"Yetim","Parke"
60333,"Vadhan","Guoxiang"
251603,"Baar","Yunming"
254823,"Streit","Serif"
204239,"Plavsic","Beshir"
59499,"Furedi","Lijie"
437493,"Piancastelli","Idoia"
256979,"Kohling","Karsten"
57356,"Nishimukai","Petter"
24449,"Servi","Marsja"
416938,"Validov","Reinhold"
94428,"Bugrara","Leszek"
18496,"Pileggi","Boalin"
284877,"Chorvat","Satosi"
60427,"Bamford","Aiichiro"
295387,"Ratzlaff","Constantine"
109853,"Melichar","Kazuyasu"
25131,"Baja","Lokesh"
93534,"Mitsuhashi","Gino"
437627,"Chinen","Pranav"
219502,"Rodiger","Sadun"
217186,"Claffy","DeForest"
83868,"Serot","Barton"
453903,"Minakawa","Kenroku"
20042,"Munck","Margareta"
222573,"Bellmore","Gadiel"
292368,"Lorin","Dmitri"
104392,"Kinley","Laurentiu"
283196,"Lorys","Arlette"
210927,"Uehara","Kenton"
80693,"Cesareni","Duri"
38355,"Pocchiola","Lijie"
261128,"Menhoudj","Elzbieta"
438954,"Panienski","Kenton"
438668,"Swist","Youngkon"
295764,"Kalafatis","Serap"
214215,"Cardazo","Xiaoqiang"
204276,"Norsworthy","Fumiya"
34505,"Kumaresan","Felicidad"
49241,"Einsfeld","Tsz"
41401,"Slobodova","Kiyotoshi"
70881,"Tsunoo","Boguslaw"
426193,"Rattan","Huiqun"
281193,"Kropp","Yucai"
455394,"Escriba","Temple"
107258,"Zaumen","Parviz"
104363,"Xiaoshan","Mansur"
68599,"Zucker","Alair"
408307,"Cronin","Guadalupe"
265247,"Frolund","Mingsen"
476853,"Conde","Kazuhiko"
427623,"Itschner","Shaunak"
109744,"Hemaspaandra","Lansing"
239124,"Ramsey","Jaana"
283413,"Bahr","Mona"
37101,"Pappas","Jaewon"
36239,"Luit","Phule"
462578,"Chinin","Jackson"
101128,"Veccia","Sedat"
53915,"Famili","Tomofumi"
22557,"Luon","Abdulla"
470502,"Terwilliger","Kendra"
221838,"Asrin","Masami"
270169,"Jullig","Satosi"
89518,"Kusakari","Yuuichi"
36318,"Ghazalie","Michaela"
213224,"Demeyer","Godehard"
430019,"Luders","Zhaofang"
288280,"Luft","Rance"
231214,"Ladret","Ung"
455472,"Delgrange","Toney"
57173,"Qiwen","Gererd"
409855,"Porenta","Angus"
291960,"Heuser","Kenton"
68986,"Cappello","Tadahiro"
16283,"Fortenbacher","Izaskun"
280442,"Danecki","Kinh"
473345,"Chimia","Chinhyun"
218477,"Kornatzky","Vishwani"
260011,"Falck","Rosalie"
428716,"Goldhammer","Jeanne"
274509,"Rothe","Nadjib"
109305,"Fairtlough","Dmitri"
403299,"Lunt","Mats"
469105,"Reinhard","Dinah"
436485,"Haumacher","Paris"
57254,"Ghemri","Aleksander"
51267,"Improta","Deniz"
437830,"Plotkin","Bezalel"
420353,"Angot","Ziyad"
280385,"Kossowski","Kerhong"
62557,"Heydon","Achilleas"
32164,"Penttonen","Isamu"
248706,"Azuma","Panayotis"
51777,"Schaaf","Kristen"
102428,"Rando","Danny"
454769,"Peral","Rafols"
74779,"Thibadeau","Beshir"
42326,"Bazzichi","Sreenivas"
241087,"Bael","Arun"
278508,"Improta","Mansur"
216787,"Vernadat","Basem"
257470,"Auria","Dines"
102697,"Rosaz","Aluzio"
72858,"Rossi","Sachin"
428698,"Velardi","Susanta"
39278,"Guting","Lenore"
65099,"Decleir","Ronghao"
43246,"Oskamp","Berthier"
425851,"Rusmann","Rafael"
99099,"Salverda","Werner"
68194,"Kavvadias","Kiyomitsu"
21519,"Acton","Xumin"
224307,"Gammage","Abdulah"
104974,"Nergos","Danel"
293769,"Valtorta","Paris"
40192,"Heystek","Zeydy"
416211,"Tsukuda","Subbu"
406747,"Birke","Huiqun"
86269,"Swift","Kristinn"
23543,"Shihab","Ishfaq"
227140,"Bresenham","Yuichiro"
12330,"Eugenio","Oguz"
16667,"Bazzichi","Munehiko"
84435,"Zlotek","Toong"
231580,"Baca","Christophe"
435121,"Matzen","Duangkaew"
70867,"Qiwen","Supot"
463431,"Samarati","Lalit"
208033,"Ermel","Visit"
29364,"Kilgore","Billie"
458749,"Kaltofen","Reinhard"
44465,"Teitelbaum","Brigham"
266982,"Zaiane","Danai"
249852,"Schade","Ziya"
237735,"Raney","Kristof"
466377,"Mawatari","Aiman"
481724,"Trelles","Hausi"
285388,"Kaelbling","Sanjai"
95739,"Syang","Lubomir"
75665,"Merey","George"
268645,"Kilgour","Falguni"
279066,"Majewski","Kayoko"
480599,"Yamaashi","Candida"
403338,"Naudin","Toney"
233590,"Soloway","Berna"
406612,"Ruther","Goetz"
455468,"Skrikant","Giao"
237944,"Pellegrinelli","Sivanarayana"
200167,"Swist","Krassimir"
293904,"Rahier","Bernt"
83199,"Schurmann","Kellyn"
211530,"Zultner","Toshiko"
444324,"Heuser","Jinpo"
94227,"Veevers","Gila"
86795,"Sevcikova","Baoqiu"
257360,"Otillio","Honglan"
16364,"Gini","Yifei"
213015,"Plessier","Gonzalo"
263932,"Baalen","Giao"
239527,"Pollacia","Boutros"
479741,"Shobatake","Elgin"
272868,"Tsukune","Hinrich"
207250,"Kropf","Aluzio"
429355,"Valette","Wilmer"
274948,"Tanemo","Subbu"
16671,"Orlowska","Kish"
439018,"Scharstein","Gay"
39197,"Penttonen","Sadok"
417490,"Bade","Sungwon"
63355,"Rikino","Yongmao"
55421,"Chvatal","Brigham"
476984,"Schreiter","Xiaobin"
280130,"Turnbull","Qingxiang"
204630,"Peron","Mayumi"
439516,"Sichman","Marke"
31336,"Ciolek","Shichao"
261941,"Erol","Jianhua"
439470,"Steenbeek","Subhada"
88265,"Perin","Shrikanth"
90497,"Dulin","Radoslaw"
402871,"Ullian","Przemyslawa"
299658,"Schiper","Jaber"
231209,"Streit","Minghong"
47255,"Nastansky","IEEE"
440782,"Ponthieu","Munehiko"
475152,"Aloia","Arie"
449659,"Ratnaker","Jaewoo"
50813,"Varley","Xiaopeng"
207957,"Luders","Rildo"
244873,"Oppitz","Arunachalam"
45436,"Limongiello","Gila"
289473,"Rouquie","Vatsa"
268464,"Zielinski","Wojceich"
445632,"Bressoud","Zhiguo"
296446,"Michaeli","Jouni"
10878,"Deville","Lakshmi"
235339,"Lakshmanan","Bader"
477958,"Petersohn","Nalini"
253184,"Riexinger","Mokhtar"
460769,"Krogh","Valery"
269610,"Narwekar","Behnaam"
440747,"Radwan","Kiam"
54055,"Famili","Mitsuyuki"
242821,"Baby","Vojin"
292893,"Kolinko","George"
263728,"Schlegelmilch","Ghassan"
20538,"Hebert","Gro"
107712,"Birjandi","Sumant"
436306,"Marciano","Moheb"
82610,"Poulakidas","Toney"
409122,"Vendrig","Yishai"
258211,"Peres","Uli"
219059,"Cmelik","Shih"
422526,"Dalton","Ult"
58020,"Leppanen","Wilmer"
70132,"Manders","Gal"
451001,"Bottner","Kitty"
238138,"Crooks","Yaghout"
70525,"Alpin","Ohad"
207015,"Setiz","Alagu"
244883,"Osgood","Guoxiang"
261038,"Zeleznik","Shimshon"
272839,"Setia","Janche"
452040,"Champarnaud","Kazuhide"
457766,"Toyoshima","Adil"
400633,"Lueh","Takahito"
404029,"Zizka","Yinlin"
298170,"Schwabacher","Moie"
275462,"Thombley","Jiafu"
97076,"Luff","Odinaldo"
430264,"Milicic","Fumitaka"
41503,"Acton","Van"
455043,"Braunmuhl","Heeju"
63586,"Tibblin","Prodip"
418491,"Constantine","Aram"
51172,"Ramalingam","Niranjan"
25717,"Speek","Froduald"
277039,"Serna","Nikolaos"
61615,"Iwayama","Geraldo"
278878,"Trelles","Gay"
269055,"Litvinov","Niteen"
457589,"Krybus","Tonia"
429518,"Poujol","Tomokazu"
242731,"Erdmenger","Arun"
219244,"Vecchi","Zhiguo"
216960,"Stellhorn","Houman"
286289,"Wilfing","Eishiro"
61557,"Esteva","Duke"
72944,"Garigliano","Dmitri"
254234,"Lortz","Ibibia"
209750,"Potthoff","Jessie"
458948,"Boissier","Mang"
242864,"Keohane","Masaki"
79459,"Setia","Slavian"
265365,"Reghbati","Tsz"
262826,"Granlund","Conal"
85327,"Stellhorn","Susuma"
477012,"Garigliano","Mayumi"
478094,"Mahmud","Sushant"
263556,"Perry","Przemyslawa"
408020,"Winter","JoAnne"
297113,"Peral","Mari"
426641,"Chandrasekhar","Shem"
226484,"Daescu","Xiaoqiu"
24414,"Gewali","Younwoo"
294060,"Spell","Shir"
70729,"Pelz","Deniz"
461463,"Kaminger","Aron"
293414,"Bazelow","Alain"
463972,"Lagarias","Neelam"
291788,"Poupard","Makato"
247015,"Junet","Sahrah"
51400,"Luca","KayLiang"
43078,"Wuwongse","Radhia"
30379,"Puppo","Stabislas"
412720,"Sommen","Susanne"
218154,"Leslie","Shahaf"
37661,"Begiun","Masamitsu"
271441,"Nanard","Aluzio"
209512,"Hoogerwoord","Makato"
241951,"Isaak","Gererd"
450447,"Massonet","Demos"
287079,"Luef","Denny"
225286,"Hofman","Dante"
62797,"Flowers","Herb"
31479,"Taneja","Gennadi"
427385,"Schwartzburd","Demin"
272608,"Harllee","Ung"
24862,"Muntz","Susumu"
463943,"Yurov","Phuoc"
438522,"Majewski","Sailaja"
13588,"Dahlbom","Xuejia"
10304,"Erie","Bernt"
101878,"Stroustrup","Tetsushi"
289909,"Vecchio","Hilari"
415779,"Christianini","Yuguang"
407828,"Sundgren","Xinglin"
284945,"Tchuente","Berto"
225671,"Isaak","Ranan"
278956,"Hashii","Ronnie"
245371,"Iacovou","Ingmar"
65028,"Businaro","Yifei"
294653,"Seuren","Vishv"
67643,"Alencar","Kiyotoshi"
430966,"Pietracaprina","Hidde"
210865,"Koyama","Olivera"
466155,"Rathonyi","Masami"
435595,"Foote","Jianhui"
227964,"Azulay","Nadjib"
30805,"Lanteri","Ramzi"
400907,"Lamparter","Satyanarayana"
250800,"Maierhofer","Gunilla"
474541,"Pena","Herb"
253449,"Cullers","Achilleas"
273462,"Luga","Mark"
261620,"Fordan","Yongqiao"
416710,"Syrzycki","Rosli"
97978,"Cesareni","Koichi"
443248,"Holburn","Nectarios"
444310,"Millington","Gian"
266083,"Peng","Koichi"
256277,"Genther","Khaled"
41348,"Nitsch","Shin"
413117,"Lichtman","Stafford"
208774,"Weiland","Sastry"
40379,"Engberts","Fumino"
295631,"Warwick","Chaosheng"
237316,"Walstra","Mona"
98460,"Bage","Holgard"
458686,"Danecki","Adam"
429380,"Kowalchuk","Foong"
292258,"Marquardt","Oddvar"
214085,"Baaz","Saeed"
80565,"Alpay","Ekawit"
437966,"DuBourdieux","Kamakshi"
226340,"Nitsch","Giao"
51603,"Crabtree","Souichi"
56039,"Nicolson","Greger"
46777,"Anger","Shigehito"
261350,"Onuegbe","Tze"
430222,"Menhardt","Jaewoo"
226325,"Avouris","Leni"
12399,"Luga","Mihalis"
452788,"Pettis","Georgi"
420995,"Litecky","Berto"
462477,"Munawer","Tsvetan"
456502,"Giaccio","Shiv"
458678,"Rohrbach","Narain"
93092,"Sudkamp","Radhika"
106069,"Genin","Emran"
440480,"Luders","Stepehn"
70977,"Wiegley","Ayonca"
56133,"Sullins","Ebru"
217691,"Gire","Aamer"
27272,"Genin","Kwan"
204139,"Cummings","Fai"
67678,"Lowrie","Dietrich"
90637,"Kusakabe","Kauko"
73530,"Budinsky","Lokesh"
284720,"Falster","Heping"
275889,"Cunliffe","Frederique"
475993,"Koblick","Khaled"
67060,"Baig","Susanta"
468639,"Vecchi","Magdalena"
239831,"Diderrich","Miyeon"
23176,"Janetzko","Kwangyoen"
29301,"Fadgyas","Wanqing"
66311,"Gajiwala","Fumiya"
416487,"Anick","Marsja"
289939,"Coombs","Jaewon"
59673,"Merks","Marla"
68850,"Nastansky","Fan"
481467,"Polajnar","Margareta"
276205,"Nitsch","Chiranjit"
11594,"Butner","Pradeep"
224281,"Morton","Tadahiko"
72254,"Cooley","Ohad"
28543,"Grandbois","Aimee"
432463,"Ducloy","Malu"
402731,"Parhami","Jacqueline"
38331,"Basart","Manibrata"
26536,"Seuren","Premsyl"
63408,"Champarnaud","Conal"
400774,"Skrikant","Mingdong"
289729,"Speer","Tsutomu"
455766,"Schaft","Ranga"
243722,"Ritzmann","Heekeun"
28307,"Ghelli","Zeydy"
38710,"Papastamatiou","Shimshon"
240765,"Decleir","Fumino"
58761,"Brookner","Ekawit"
457229,"Peternell","Souichi"
228142,"Talmor","Vojin"
210430,"Matzke","Zito"
202570,"Back","Leaf"
18479,"Gulla","Mechthild"
254253,"Chartres","Khatoun"
401944,"Farris","Premal"
107680,"Perna","Nectarios"
81019,"Haddadi","Halsur"
451666,"Schlumberger","Munehiro"
28021,"Mitzlaff","Lucien"
13249,"Rissland","Oldrich"
14979,"Marletta","Steen"
25408,"Swiler","Nikolaus"
18519,"Peltason","Chikara"
463746,"Reistad","Berhard"
276924,"Walstra","Adil"
291524,"Onuegbe","Fei"
443068,"Marsiglia","Danny"
94833,"Kleiser","Miyeon"
260307,"Dalton","Anyuan"
282850,"Minakawa","Huan"
281139,"Seghrouchni","Lorien"
447762,"Cochrane","Kazuhito"
238276,"Glowinski","Marla"
455660,"Brender","Larisa"
434849,"Chinen","Christoper"
255930,"Terwilliger","Jayson"
437992,"Navazio","Slavian"
64060,"Chartres","Mostafa"
449171,"Luiz","Divier"
73278,"Schurmann","Apostol"
13083,"Wilfing","Marek"
226673,"Linares","Berna"
457377,"Larfeldt","Huiqun"
39470,"Veeraraghavan","Henk"
95979,"Dusink","Takahito"
17874,"Minakawa","Rutger"
411089,"Menyhert","Aria"
24626,"Giarratana","Zhilian"
218590,"Coullard","Giap"
440977,"Fontet","Ibibia"
441682,"Kroft","Arnould"
270677,"Pargaonkar","Yannik"
419403,"Farrow","Xudong"
205934,"Pena","Kwee"
294970,"Rosay","Peer"
447879,"Radivojevic","Ramalingam"
234686,"Bouloucos","Abdelwaheb"
106897,"Chaudhury","Susanna"
262467,"Cincotta","Muneo"
227093,"Figueira","Beshir"
69941,"Hoppenstand","Pohua"
52017,"Peot","Radhakrishnan"
11009,"Axelband","Alper"
474500,"Herath","Goetz"
435629,"Foote","Keiichiro"
291368,"Rodier","Gita"
279393,"Montresor","Jixiang"
245106,"Wroclawski","Goo"
55228,"Millington","Keiichiro"
209680,"Mersereau","Sudharsan"
250624,"Oehlmann","Mayuri"
232188,"Benzaken","Sachio"
26155,"Garnick","Anyuan"
471345,"Bonifati","Renny"
409841,"Brodal","Dharmaraja"
402847,"Chaudhuri","Gou"
421292,"Suri","Shuzo"
52849,"Farrar","Yucai"
219820,"Tsukune","Nectarios"
433593,"Narlikar","Adit"
28337,"Erdmenger","George"
471798,"Kornatzky","Armond"
74513,"Rajcani","Zhigen"
26297,"Angiulli","Aria"
83992,"Cappelli","Lunjin"
72794,"Awdeh","Kazuhisa"
224431,"Bruckman","Xiadong"
466061,"Basawa","Francesca"
242672,"Gewali","Petter"
208711,"Marciano","Susanne"
413271,"Spelt","Gopalakrishnan"
279694,"Birch","Atreye"
289584,"Staelin","Filipe"
207154,"Wendorf","Almudena"
91567,"Siksek","Zine"
425065,"Borovoy","Berna"
12113,"DeMori","Larisa"
291005,"Wilfing","Carrsten"
202766,"Ranst","Sasan"
463565,"Thisen","Gianluca"
21116,"Pelc","Tonny"
280580,"Terkki","Marl"
445552,"Kleiser","Ziyad"
430954,"Pardalos","Keung"
108307,"Suermann","Diederik"
102100,"Birrer","Alair"
437607,"Dechter","Arne"
480864,"Pavlopoulou","Xumin"
456597,"Leppanen","Arvin"
96761,"Markovitch","Murthy"
296804,"Conry","Takushi"
80030,"Kroll","Rance"
209158,"Oaver","Junichi"
21758,"Picht","Susumu"
409471,"Christ","Ebru"
217128,"Winter","Shooichi"
100892,"Kolvik","Fumino"
37948,"Zykh","Jayson"
243352,"Verhaegen","Genevieve"
452394,"Danlos","Chikara"
290959,"Fujisawa","Ziyad"
293000,"Birnbaum","Aleksander"
273643,"Auria","Conor"
15110,"Dolinsky","Martina"
245500,"Lamba","Pranay"
463329,"Anandan","Leon"
481696,"Schieder","Zejun"
445315,"Conde","Otmar"
221439,"Cichocki","Arno"
213100,"Narahara","Persi"
202468,"Bauknecht","Bouchung"
58219,"Spieker","Sailaja"
16712,"Schurmann","Flemming"
481091,"Pramanik","Sreekrishna"
248640,"Eiter","Jessie"
239355,"Leonhardt","Zissis"
213140,"Danecki","Tru"
420390,"Pillow","Mostafa"
267243,"Plotkin","Luisa"
423932,"Beetstra","Douadi"
225375,"Gips","Weiye"
276734,"Leivant","Rasiah"
60882,"Armand","Tetsushi"
291630,"Vesel","Munir"
245557,"Solares","Tzu"
37793,"Brendel","Naftali"
425547,"Hasham","Remko"
51127,"Lorie","Mohan"
225528,"Kulisch","Sukumar"
82559,"Pavlopoulou","Mariangiola"
405955,"Kaelbling","Owen"
285481,"Jiang","Licheng"
413711,"Stasinski","Adil"
86136,"Matzat","Subir"
442128,"Pileggi","Augustine"
90228,"Camurati","Udi"
75351,"Baig","Mountaz"
82489,"Condotta","Hairong"
426728,"Dratva","Saniya"
409475,"Plotkin","Aloys"
272768,"Rohrbach","Slavian"
11190,"Mellouli","Saeko"
466502,"Cangellaris","Lobel"
211889,"Boguraev","Kellie"
69080,"Sessa","Jiann"
31564,"Rosis","Juichirou"
472283,"Uhrik","Fan"
455278,"Heemskerk","Zejun"
109806,"Puoti","Premal"
65030,"Pollacia","Wonhee"
84331,"Rousseau","Ziyad"
424020,"Legleitner","Rance"
55387,"Birsak","Tran"
291995,"Nicolson","Yishai"
402615,"Cunliffe","Dmitri"
279004,"Roccetti","Tooru"
290871,"Muniz","Peternela"
21681,"Ellozy","Masadi"
423327,"Lichtman","Constantijn"
212281,"Kornatzky","Guenter"
104908,"Baja","Qingxiang"
36574,"Bernick","Cheong"
58170,"Chelton","Geraldo"
461490,"Blokdijk","Cristinel"
37843,"Sudbeck","Shirish"
434934,"Ranai","Nahum"
231754,"Stemann","Yannis"
234732,"Chachaty","Troy"
102759,"Sadowski","Izaskun"
78985,"Wynblatt","Demin"
452750,"Debuse","Hailing"
244186,"Majewski","Chirstian"
221713,"Ratnakar","Lakshmi"
215523,"Emmerich","Feixiong"
252477,"Jahnichen","Khedija"
255168,"Ananiadou","Ziva"
436240,"Billawala","Xiong"
47492,"Hammerschmidt","Mokhtar"
413490,"Kakkar","Mani"
292366,"Worfolk","Uinam"
292090,"Schoegge","Pascal"
275888,"Tibblin","Mohd"
45437,"Krohm","Dinkar"
442941,"Kossowski","Tsvetan"
56442,"Delaune","Feiyu"
26382,"Zuberek","Aloke"
437888,"Thebaut","Xiaopeng"
424114,"Genther","Przemyslawa"
401001,"Nyrup","Dinkar"
279573,"Nyanchama","Sigeru"
273143,"Foote","Ramya"
103125,"Aamodt","Huican"
12880,"Setia","Fumiya"
440022,"Denna","Xinan"
225598,"Glinert","Ramachenga"
227758,"Guting","Fox"
85923,"Candan","Odoardo"
77401,"Frezza","Uzi"
417742,"Kossowski","Tetsurou"
274730,"Chandrasekhar","Uma"
443801,"Gopalakrishnan","Yefim"
410826,"Ernst","Kamakshi"
410720,"Pargas","Akeno"
468400,"Markovitch","Leif"
45714,"Backhouse","Yaghout"
453328,"Fasbender","Sailaja"
288046,"Feldhoffer","Tokuyasu"
269170,"Nooteboom","Marek"
38394,"Shackell","Xiping"
108479,"Malinowski","Gou"
405420,"Hennings","Nakhoon"
444995,"Usdin","Suzette"
103881,"Ramaiah","Yucai"
43811,"Kroll","Remko"
270821,"Bierbaum","Hatem"
105121,"Vilarrasa","Jasminko"
451605,"Kabayashi","Gianluca"
403823,"Falco","Jolita"
64355,"Maraist","Boriana"
212365,"Champarnaud","Leon"
17986,"Angelopoulos","Oguz"
257636,"Couchot","Nahla"
18848,"Pagter","Yaghout"
427243,"Alblas","Hisao"
247894,"Calkin","Ger"
20130,"Picco","Xiaoshan"
472472,"Busillo","Mizuhito"
421171,"Wroclawski","Hilari"
235764,"Back","Janche"
454196,"Mansanne","Ingemar"
31766,"Masand","Rance"
435950,"Boyle","Munenori"
289061,"Koshino","Kwee"
202917,"Warwick","Hironoby"
42906,"Silva","Sudhanshu"
34289,"Boguraev","Yoshinari"
10095,"Morton","Hilari"
293549,"Rullman","Alexius"
472914,"Lorho","Weidon"
106811,"Akazan","Yucel"
466703,"Joslin","Wanqing"
444932,"Parfitt","Boaz"
19976,"Kitsuregawa","George"
472887,"Kaltofen","Gino"
443867,"Perelgut","Fumitake"
417777,"Picel","Vitali"
269893,"McAlpine","Tayeb"
105940,"Suwa","Taizo"
81251,"Piazza","Yaghout"
432393,"Simkin","Yongqiao"
440961,"Snyers","Jouko"
436193,"Garrabrants","Jiang"
238330,"Sullins","Xinyu"
463965,"Christ","Jahangir"
400881,"Baby","Suebskul"
80349,"Lenart","Kristina"
283553,"Bodoff","Tristan"
455990,"Trystram","Mong"
275006,"Pillow","Abdelkader"
474030,"Bashian","Masamitsu"
475128,"Fabrizio","Marjo"
218400,"Staelin","Conor"
207090,"Uhrig","Stein"
94192,"Chinin","Leszek"
418626,"Shanbhogue","Marla"
86728,"Wixon","Dmitry"
228145,"Picco","Marit"
10002,"Simmel","Bezalel"
23480,"Busillo","Dannz"
471195,"Champarnaud","Moto"
243656,"Haumacher","Leon"
406217,"Bugrara","Mara"
454579,"Snyers","Shushma"
469100,"Duclos","Guther"
405602,"Anguita","Shao"
66312,"Eiter","Zijian"
414899,"Ferriere","Cristinel"
295745,"DuCasse","Genta"
70327,"Mitsuhashi","Kristine"
48225,"Osgood","Paris"
103436,"Chorvat","Goh"
39803,"Ranst","Subir"
29121,"Fontet","Shakhar"
259491,"Marsiglia","Pranay"
21385,"Shiratori","Mikhail"
86337,"Munke","Rafols"
420249,"Billawala","Premsyl"
296553,"Sommer","Arie"
211874,"Schreiter","Shir"
441497,"Reutenauer","Parto"
29180,"Marrevee","Xiaoshan"
281381,"Kushner","Shahar"
70427,"Swiss","Kwangho"
473355,"Taneja","Toshimi"
218597,"Gomatam","Kamakshi"
76422,"Pillow","Danel"
38497,"Hiltgen","Anyuan"
466412,"Birdsall","Mayuri"
428903,"Sadowski","Dung"
92539,"Bouloucos","Hauke"
445426,"Flexer","Pintsang"
54750,"Beilner","Zhanqiu"
429180,"Veccia","Guozhong"
222130,"Stellhorn","Vincent"
58021,"Griswold","Alexius"
35945,"Caine","Sivanarayana"
254889,"Sichman","Hitofumi"
243189,"Rebaine","Goh"
446105,"Merey","Yishay"
35647,"Pulkowski","Vishv"
415262,"Kalsbeek","Weicheng"
261589,"Perry","Volkmar"
85553,"Blokdijk","Pranas"
54848,"Chappelet","Fay"
39309,"Heydon","Alair"
63418,"Bratten","Vasilis"
267616,"Litzler","Kerhong"
60338,"Fraisse","Girolamo"
260404,"Kusalik","Gina"
80692,"Haumacher","Arno"
450361,"Zockler","Fusako"
261885,"Roccetti","Oddvar"
60507,"Mamelak","Subhankar"
61359,"Blokdijk","Juichirou"
43676,"Mawatari","Goa"
480350,"Kalloufi","Zijian"
443879,"Krupka","Danil"
226425,"Nergos","Chiradeep"
215097,"Baumann","Mads"
103039,"Camarinopoulos","Premsyl"
75424,"Marshall","Yechiam"
18729,"Camurati","Shaowen"
248931,"McAlpine","Constantijn"
223818,"Chaudhuri","Yurij"
47330,"Esposito","Jenwei"
414623,"Luca","Prodip"
205070,"Gelosh","Qingxiang"
292085,"Mansanne","Yannik"
38187,"Segond","Guenter"
451966,"Shanbhogue","Gil"
442462,"Acton","Rance"
31225,"Kieras","Barry"
467207,"Perry","Tokuyasu"
280773,"Lyonns","Zhanqiu"
105572,"Haldar","Vivian"
200322,"Terlouw","Kazuhito"
478527,"Pettis","Shrikanth"
442162,"Claffy","Tadahiro"
418544,"Dalton","Souichi"
430002,"Angiulli","Yuuichi"
426903,"Braunschweig","Bangqing"
238378,"Kusalik","Xumin"
65529,"Panienski","Yoshimitsu"
56397,"Himler","Nechama"
26646,"Muhling","Ottavia"
405791,"Wuwongse","Tzu"
48457,"Pearson","Gopalakrishnan"
37280,"Nyanchama","Nathan"
465029,"Zumaque","Heejo"
411377,"Junet","Arto"
20160,"Gerteisen","Gaurav"
422139,"Streit","Sachar"
295796,"Trachtenberg","Ewing"
266510,"Aingworth","Roded"
431067,"Masamoto","Billie"
62231,"Brodal","Marek"
411017,"Herath","Jiang"
255509,"Maginnis","Manibrata"
481000,"Zirintsis","Hidefumi"
32931,"DasSarma","Almudena"
12358,"Syrotiuk","Achilleas"
296977,"DeMori","Tsutomu"
17538,"Renear","Elrique"
102626,"Jonsson","Suzette"
425426,"Arlazarov","Martial"
68839,"Famili","Shuky"
48331,"Masaki","Jiafu"
72500,"Mellouli","Michaela"
37381,"Denti","Surveyors"
227176,"Demeyer","Ebru"
458462,"Rissanen","Eirik"
203184,"Linnainmaa","Angus"
426791,"Irland","Alair"
455189,"Szmurlo","Sumant"
453902,"Klyachko","Saeko"
236527,"Encarnacion","Roded"
56068,"Schapiro","Haldun"
453183,"Ventosa","Maha"
96102,"Oxenboll","Marin"
86537,"Decaestecker","Herbert"
462779,"Junot","JoAnna"
274378,"Luce","Jiang"
52072,"Georg","Zeydy"
48853,"Vecchio","Danae"
103276,"Bernardinello","Takahito"
108295,"Farrar","Menkae"
403778,"Melichar","Petter"
417522,"Gruenwald","Marsal"
419000,"Sluis","Subhada"
223926,"Mattern","Przemyslawa"
10296,"Lorho","Petter"
31224,"Apsitis","Uta"
206117,"Capobianchi","Ger"
22407,"Glinert","Magdalena"
99273,"Bottner","Gudjon"
254711,"Weedman","Szabolcs"
410997,"Xiaoshan","Remco"
61355,"Jeansoulin","Bader"
30730,"Pelc","Willard"
470311,"Oxman","Shaleah"
269589,"Melski","Udaiprakash"
80706,"Hardjono","Garnik"
46032,"Cesareni","Eran"
44623,"Schaap","Abdelwaheb"
249269,"Encarnacion","Aran"
217178,"Chimia","Yonghoan"
72419,"Harbusch","Mostafa"
43313,"Plavsic","Quingbo"
415168,"Talmon","Hirochika"
222167,"Improta","Hidekazu"
255768,"Plavsic","Yuuichi"
444137,"Makinen","Van"
23998,"Neimat","Amabile"
466259,"Cooke","Arvin"
481499,"Birke","Marit"
265754,"Schiettecatte","Arunachalam"
216668,"Rodite","Kellie"
60997,"Olano","Kitty"
425144,"Fabrizio","Yannis"
232685,"Hambrick","Ult"
202553,"Krichel","Limsoon"
233596,"Plump","Srinidhi"
292766,"Veeraraghavan","Dines"
236121,"Ghazalie","Georg"
88906,"Riexinger","Pranjal"
268132,"Adachi","Franziska"
57569,"Jahnichen","Marco"
35682,"Brender","Chriss"
31491,"Selenyi","Sigeru"
408884,"Luck","Filipp"
93024,"Whitcomb","Henk"
287177,"Nergos","Yuichiro"
62009,"Stanfel","Masoud"
443394,"Senzako","Frederique"
52954,"Narahari","Shaibal"
213981,"Melski","Kazuyasu"
285829,"Henders","Jeanne"
441205,"Werthner","Yuuichi"
409780,"Halevi","Danny"
57842,"Samarati","Sachio"
269292,"Suri","Udaiprakash"
449577,"Brobst","Serap"
413233,"Masada","Khalid"
259675,"Iwayama","Goo"
58376,"Diderrich","Marsja"
49629,"Hitomi","Maren"
40962,"Condotta","Chuanyi"
407099,"Joslin","Nalini"
225342,"Hambrick","Moty"
100451,"Kuhnemann","Shir"
457125,"Krupka","Leah"
449274,"Stifter","Padma"
81702,"Jullig","Suzette"
476167,"Dulli","Genta"
36787,"Paciorek","Geoffry"
25622,"Zirintsis","Berthier"
464682,"Plessier","Mohit"
443316,"Kisuki","Ranga"
73899,"Redmiles","Naftaly"
459622,"Benzaken","Kwok"
70909,"Wossner","Shir"
13736,"Albarhamtoshy","Pranas"
444897,"Luke","Cathie"
408794,"Sanella","Sudhanshu"
475740,"Decleir","Sanjiv"
426383,"Otillio","Jeong"
58884,"McDermid","Danil"
46963,"Cesareni","Val"
441200,"Uhrig","Keung"
292282,"Anily","Golgen"
428708,"Pappas","Sachin"
49202,"Chiola","Zhaofang"
446813,"Simkin","Masali"
416829,"Pulkowski","Xumin"
471875,"Choobineh","Otmar"
70585,"Stanfel","Marlo"
13431,"Sidje","Danco"
293078,"Bisiani","Jaideep"
264019,"Barreiro","Ulises"
402946,"Heuser","Yongmao"
87665,"Panwar","Suzette"
269746,"Coullard","Souichi"
210674,"Underwood","Aluzio"
252452,"Waleschkowski","Zijian"
465908,"Schaad","Jessie"
235740,"Baer","Arco"
219351,"Ouhyoung","Arun"
452109,"Ghalwash","IEEE"
63449,"Glinert","Ronnie"
441252,"Bennis","Arun"
407128,"Attimonelli","Premsyl"
86055,"Gaughan","Denis"
255267,"Callaway","Srinidhi"
96184,"Chiodo","Shietung"
208870,"Hanratty","Faiza"
48562,"Cmelik","Tokuyasu"
24184,"Bodoff","Aloke"
445220,"Luft","Florina"
418789,"Shihab","Lubomir"
67702,"Marwedel","Achilleas"
412549,"Journel","Mari"
210334,"Sifakis","Mohua"
75142,"Speckmann","Uwe"
473497,"Rande","Achilleas"
299530,"Czap","Rafael"
239806,"Kadhim","Byong"
236263,"Kaiser","JiYoung"
238026,"Skogmar","Kazuhito"
225337,"Ghelli","Kazuhito"
23656,"Kawashimo","Xiaoheng"
463301,"Schaap","Amstein"
461187,"Knightly","Haldun"
254369,"Varker","Selwyn"
48672,"Servi","Mantis"
19624,"Wolniewicz","Younwoo"
46071,"Peron","Gretta"
411978,"Rosin","Dmitry"
66468,"Chappelet","Weiyi"
285124,"Marwedel","Shakhar"
289651,"Vickson","Eckart"
289259,"Jarecki","Fayez"
72339,"Gerteisen","Sreekrishna"
416345,"Kohling","Vishwani"
26413,"Perng","Marsal"
34754,"Llado","Maren"
102363,"Portugali","Malu"
281863,"Langford","Yuriy"
275134,"Auria","Dzung"
40221,"Delaune","Kwangsub"
401830,"Remmele","Jeanne"
67856,"Merle","Alejandra"
56387,"Tibblin","Faiza"
42864,"Pearson","Menkae"
59980,"Sifakis","Tua"
423347,"Masada","Yagil"
293393,"Chandrasekhar","Jolita"
78566,"Gulla","Valter"
73457,"Gajiwala","Kellie"
229120,"Baja","Aimee"
70123,"Takkinen","Aloys"
406311,"Vickson","Shiv"
290441,"Collavizza","Gregory"
427413,"Rusmann","Kokou"
277367,"Sundgren","Sergi"
431929,"Shackel","Giao"
280002,"Kabayashi","Heejo"
75981,"Cunliffe","Jiang"
46758,"Azadmanesh","Kenroku"
220364,"Birdsall","Takushi"
79772,"Gulik","Xiaoqiu"
98477,"Braunmuhl","Utz"
201437,"Zirintsis","Aamod"
61896,"Waleschkowski","Danco"
471416,"Guerreiro","Lidong"
205000,"Griswold","Charmane"
476586,"Felcyn","Mara"
214340,"Ernst","Arra"
81778,"Dratva","Tsz"
274924,"Iisaka","Sarita"
472553,"Kenevan","Fusako"
468478,"Talmor","Shih"
459051,"Pell","Trygve"
252573,"Guardalben","Rafael"
103656,"Cherinka","Jiann"
289763,"Validov","Mandell"
292928,"Gaughan","Fuqing"
77172,"Erie","Arch"
50547,"Baalen","Mayumi"
464007,"Danley","Kshitij"
106778,"Rehfuss","Jiakeng"
413654,"Birke","Olivera"
219437,"Homond","Arlette"
22264,"Lung","Adam"
70303,"Naudin","Sumant"
210963,"Hasham","Sergi"
473483,"Gulla","Genta"
219976,"Tzvieli","Mikhail"
283346,"Rindone","Achilleas"
265614,"Joslin","Kirk"
70425,"Businaro","Mechthild"
244613,"Zielinski","Somnath"
222243,"Segond","Kristine"
69887,"Leijenhorst","Amabile"
470498,"Garnick","Yishay"
469631,"Plumb","Honglan"
106464,"Vakili","Heejo"
48946,"Shobatake","Marsja"
480326,"Barbanera","Tayeb"
450044,"Broder","Steen"
449878,"Bernini","Lihong"
474911,"Babu","Tomofumi"
62142,"Koprowski","Pranav"
33103,"Huttel","Horward"
278333,"Cichocki","Eric"
76204,"Rajala","Atreyi"
278295,"Teitelbaum","Tse"
92121,"Kakkad","Mototsugu"
269693,"Benzaken","Poorav"
62719,"Stanfel","Odoardo"
289692,"Muniz","Ekawit"
429459,"Langford","Nimmagadda"
447987,"Rebaine","Eldridge"
440711,"Braunmuhl","Shichao"
268465,"Riefers","Zhilian"
256598,"Ratnakar","Yunming"
263232,"Isard","Toney"
28591,"Kalsbeek","Jianwen"
256846,"Gopalakrishnan","Conor"
33753,"Lundstrom","Tsutomu"
424670,"Trystram","Yolla"
33413,"Vrecion","Foong"
428036,"Talmon","Petter"
72279,"Sambasivam","Nathalie"
22347,"Perin","Yahiko"
473998,"Angot","Shaunak"
47620,"Willoner","Mayumi"
474219,"Junet","Deborah"
51631,"Unno","Gao"
270369,"Slobodova","Baruch"
423182,"Winter","Shuji"
234334,"Kornatzky","Kshitij"
474398,"Seghrouchni","Anestis"
38236,"Clouatre","Kinh"
428897,"Emmart","Randy"
28058,"Gargeya","Nikolaus"
71766,"Lieblein","Gennady"
40027,"Rehfuss","Joydip"
443653,"Asser","Gregory"
268573,"Atrawala","Jiakeng"
473777,"Luan","Kannan"
47177,"Thimonier","Harjit"
32450,"Brodal","Karoline"
42698,"Perng","Lokesh"
471847,"Maccarone","Katsuo"
48717,"Ebeling","Ramachenga"
19793,"Thombley","Masasuke"
428877,"Mandell","Jinxi"
210764,"Fujisaki","Eberhardt"
455543,"Edelhoff","Cordelia"
203158,"Usdin","Shuichi"
44549,"Cooke","Gregory"
250807,"Thiria","Martijn"
223141,"Skrikant","Garnet"
452128,"Shanbhogue","Lene"
406745,"Hutter","Gadiel"
64877,"Chorvat","Chaitali"
250989,"Herbst","Bader"
462450,"Kirkerud","Isaac"
262348,"Frezza","Aksel"
403421,"DasSarma","Francoise"
34645,"Ciolek","Manibrata"
431517,"Luon","Moss"
252862,"Schicker","Shahab"
82348,"Lortz","Takahiro"
279158,"Clemencon","Kersti"
83983,"Narahara","Khue"
229944,"Kroft","Zsolt"
17513,"Barreiro","Spyrose"
443102,"Honiden","Filipe"
102707,"Back","Junichi"
443716,"Luft","Vidar"
276534,"Impagliazzo","Weiye"
237077,"Isaac","Lihong"
213459,"Taubenfeld","Mari"
451735,"Karner","JoAnne"
59289,"Sridhar","Yucel"
225390,"Middleton","Mechthild"
246749,"Hanratty","Salvador"
232863,"Detkin","Adin"
36134,"Czap","Gal"
59257,"Delaune","Subhrajyoti"
247502,"Iivonen","Yinlin"
48941,"Impagliazzo","Piyush"
82389,"Stellhorn","Elzbieta"
22559,"Khalil","Serge"
38418,"Bahi","Kerryn"
433488,"Antonisse","Wayne"
477541,"Baik","Mototsugu"
400922,"Atrawala","Utpal"
87104,"Falster","Rasiah"
292225,"Masaki","Byong"
281712,"Matzov","Rosita"
257721,"Gniady","Trygve"
279195,"Buchter","Hercules"
270351,"Ouhyoung","Heping"
454874,"Stranks","Chriss"
432269,"Remmers","Aran"
403347,"Yamaashi","Conal"
275665,"Rodiger","Ibibia"
92918,"Giaccio","Katsuo"
69921,"Isaac","Steve"
284228,"Pelc","Fuqing"
434460,"Hebden","Dines"
277528,"Eugenio","Zorica"
441155,"Baumann","Weijing"
453999,"Bernini","Yinlin"
424192,"Rosenbaum","Boaz"
76566,"Pettit","Tsvetan"
109600,"Chvatal","Xuejun"
287242,"Gewali","Mong"
219404,"Peron","Rosita"
265077,"Alameldin","Divine"
12707,"Zastre","Gregory"
267368,"Boyle","George"
429339,"Peyn","Vishv"
288287,"Kushnir","Shahaf"
436369,"Dichev","Rafael"
421224,"Atrawala","Ebru"
106888,"Plesums","Ger"
433629,"Pluym","Khue"
461558,"Zhang","Maria"
82724,"Schapire","Subbu"
19147,"Bennis","Chaitali"
103926,"Camarinopoulos","Jiafu"
464389,"Wilfing","Khaled"
418087,"Awdeh","Macha"
70264,"Nyanchama","Yolla"
106772,"Barriga","Fumitake"
25751,"Brendel","Elgin"
413992,"Heusch","Mary"
201107,"Garnier","Aleksandar"
102820,"Polupanov","Pintsang"
429532,"Vendrig","Bartek"
224801,"Leonhardt","Mohamadou"
217023,"Pleszkun","Shay"
407216,"Apsitis","Frederique"
456466,"Negoita","Syozo"
28164,"Fabrizio","Sudharsan"
275646,"Ranta","Tsz"
216659,"Carrera","Munehiko"
262762,"Laurillard","Kirk"
255312,"Feinberg","Ferdinand"
76232,"Hedayat","Georg"
233422,"Yeung","Yolla"
452761,"Hellwagner","Vishwani"
259877,"Magalhaes","Ghassan"
272544,"Malinowski","Yefim"
17335,"Kusakabe","Shakhar"
82782,"Weisert","Tesuro"
423619,"Ellozy","Gaurav"
422979,"Shihab","Kiyokazu"
17332,"Grospietsch","Valery"
480819,"Hashii","Cheong"
413707,"Muhlberg","JoAnne"
12690,"Mitchem","Valter"
96213,"Wossner","Shahid"
437758,"Adachi","Goetz"
217111,"Frolund","Elzbieta"
467641,"Engberts","Masadi"
423371,"Qiwen","Jamaludin"
279008,"Norsworthy","Collette"
200660,"Vecchio","Kenton"
465536,"Dratva","Petter"
202894,"Eppinger","Jiong"
65097,"Meszaros","Yinlin"
419700,"Soloway","Harjit"
202360,"Jeong","Indrajit"
223308,"Snedden","Oldrich"
86704,"Matteis","Gretta"
286900,"Kadhim","Theron"
85985,"Hebden","Arunachalam"
54640,"Lindqvist","Jinya"
436400,"Lanzelotte","Heping"
422418,"Nergos","Khaled"
89630,"Rosiles","Jaihie"
26228,"Christianini","Shigehiro"
33947,"Picaronny","Stein"
475598,"Selenyi","Mircea"
255780,"Streng","Krassimir"
65467,"Perng","Jeane"
239678,"Snyers","Bader"
38544,"Harllee","Berni"
406480,"Rodier","Sastry"
283497,"Ibel","Nakhoon"
251512,"Shackel","Yuriy"
91415,"Nilsson","Jamaludin"
474838,"Lanzelotte","Wilmer"
60772,"Rijsenbrij","Atreyi"
428134,"McDermid","Sadok"
233664,"Barriga","Jessie"
421023,"Oppitz","Badri"
77257,"Hopewell","Tse"
88091,"Mondadori","Karsten"
413280,"Landherr","Radoslaw"
405134,"Lamba","Jovan"
424633,"Covnot","Itzchak"
86549,"Itzfeldt","Ute"
208043,"Huhdanpaa","Kwangjo"
97708,"Marciano","Alexius"
244085,"Paludetto","Bernardo"
406929,"Czap","Kwee"
54917,"Demian","Kauko"
14986,"Srimani","Perla"
252287,"Camurati","Fox"
280604,"Besselaar","Feipei"
66181,"Loncour","Zongyan"
400950,"Erie","Otmar"
214945,"Speel","Marlo"
445351,"Granlund","Susanna"
40401,"Pero","Eben"
201228,"Jayawardene","Shem"
74620,"Marciano","Cordelia"
292426,"Yetim","Berto"
66091,"Fiutem","Billur"
59895,"Szilard","Baruch"
257669,"Terwilliger","Khun"
70336,"Luit","Jungsoon"
18090,"Stemann","Eberhardt"
15511,"Kowalchuk","George"
415632,"Birch","Vojin"
277712,"Kavanagh","Irene"
38587,"Trystram","Rasikan"
432928,"Fargier","Giordano"
10499,"Luft","Maik"
278751,"Hofstetter","Susuma"
40345,"Peyn","Mohammed"
10292,"Ghelli","Yucel"
207482,"Griswold","Apostol"
457384,"Prampolini","Limsoon"
414195,"Vilarrasa","Gal"
22179,"Garnick","Rosine"
256860,"Savasere","Ramachenga"
75928,"Varley","Limsoon"
228503,"Budinsky","Radhakrishnan"
403682,"Prampolini","Kokou"
29231,"Sury","Van"
452748,"Cronau","Ewing"
60853,"Mawatari","Yolla"
270888,"Rodham","Dannz"
219457,"Gulik","Claudi"
53168,"Ohori","Yunming"
282033,"Lienhardt","Matk"
231067,"Isaak","Qingxiang"
285370,"Coney","Zsolt"
56113,"Strehl","Aleksander"
278475,"Masand","Jixiang"
102969,"Lindenbaum","Mang"
52710,"Chiodo","Danae"
29978,"Rissland","Renny"
281452,"Sridhar","Debaprosad"
284480,"Christ","Yaghout"
266431,"Ohori","Chikako"
276783,"Giarratana","Falguni"
249354,"Vigier","Kazuhiko"
264680,"Businaro","Zissis"
249418,"Cincotta","Dharmaraja"
247315,"Lorho","Fei"
430648,"Perri","Shuho"
94566,"Wrigley","Adas"
299673,"Papastamatiou","Leucio"
418054,"Awdeh","Kendra"
200852,"Varley","Sverrir"
292653,"Gide","Basim"
64045,"Lampe","Zine"
228371,"Barbanera","Bernd"
99443,"Woycyznski","Zita"
292650,"Hiraishi","Horward"
432989,"Worfolk","Toshimo"
246263,"Cromarty","Ranan"
78556,"Bernardinello","Moty"
29143,"Lundstrom","Weicheng"
237650,"Ecklund","Kien"
471806,"Mondadori","Rajmohan"
278671,"Gronowski","Marc"
50085,"Melton","Shounak"
81380,"Hiroyama","Sajjad"
269449,"Peron","Muzhong"
24009,"Wuwongse","Aiichiro"
449723,"Seuren","Toney"
427578,"Janetzko","Pranas"
13124,"Garnick","Quingbo"
442242,"Badr","Arra"
221289,"Giveon","Martijn"
246589,"Duclos","Murthy"
43714,"Binding","Chiradeep"
429156,"Sundgren","Ioana"
422278,"Luck","Etsuo"
400214,"Casperson","Mona"
416312,"Petereit","Baruch"
91599,"Mitina","Tsz"
435833,"Varley","Thanasis"
297209,"Schaad","Subhash"
234216,"Portugali","Youpyo"
463526,"Sluis","Vasiliy"
106836,"Ghemri","Yurii"
67142,"Yavatkar","Hsiangchu"
97135,"Underwood","Mechthild"
12624,"Zykh","Zhongwei"
13501,"Peek","Caolyn"
98022,"Rothenberg","Mihalis"
90689,"Pepe","Claude"
264693,"Kemmerer","Basim"
25447,"Cichocki","Vishwani"
265831,"Hempstead","Takanari"
201699,"Lorie","Aamod"
418244,"Pokrovskii","Zissis"
228913,"Bodoff","Zeljko"
266943,"Melter","Yongdong"
291205,"Eterovic","Marko"
273054,"Strehl","Karoline"
256461,"Muniz","Khedija"
63771,"Benaini","Niclas"
425281,"Erbe","Alagu"
418039,"Ramalingam","Shuichi"
264942,"Kornyak","Mariangiola"
425832,"Spell","Saddek"
295743,"Pena","Gennadi"
207941,"Emmerich","Florian"
33343,"Gunderson","Chiradeep"
47417,"Snyers","Hilari"
201182,"Preusig","Berry"
216292,"Zizka","Goh"
107099,"Cannata","Maren"
14413,"Masand","Shim"
21970,"Esteva","Subbu"
32948,"Kowalchuk","Tesuro"
19489,"Papadias","Ramzi"
471000,"Stavenow","Ayonca"
459038,"Peyn","Wilmer"
424426,"Parhami","Taegyun"
264038,"Choobineh","Tran"
291118,"Kalafatis","Giri"
40975,"Nishimukai","Danai"
82441,"Brickell","Masaki"
101783,"Schlumberger","Bilhanan"
260144,"Baja","Fun"
294218,"Kuhnemann","Tzvetan"
454980,"Plumb","Fan"
235817,"Sidou","Mingsen"
62436,"Picaronny","Weijing"
24025,"Katalagarianos","Alselm"
207340,"Cesareni","Valeska"
404053,"Perly","Akhilish"
229399,"Maquelin","Shaw"
89074,"Chandrasekhar","Dmitry"
74251,"Jayawardene","Akemi"
276196,"Iivonen","Angel"
215765,"Yetim","Vasiliy"
275894,"Usdin","Ranga"
228470,"Schlenzig","Naftaly"
64414,"Pettit","Martins"
255702,"Speel","Shim"
457989,"Emiris","Shridhar"
433509,"Demian","Dzung"
438327,"Menhoudj","Miyeon"
238344,"Stiles","Radhika"
422575,"Gulla","Elliott"
427726,"Sidhu","Junichi"
451759,"Ressouche","Josyula"
51761,"Sherertz","Shunichi"
11785,"Kalsbeek","Hongzhu"
20566,"Vakili","Aloke"
425655,"Klyachko","Kinh"
284784,"Bellmore","Yuping"
206743,"Zaiane","Marsha"
475235,"Albarhamtoshy","Richard"
454281,"Preusig","Turgut"
449536,"Undy","Geoffry"
452092,"Kolinko","Rosine"
93938,"Veeraraghavan","Boutros"
468290,"Suppi","Adamantios"
87787,"Luca","Shin"
448794,"Bage","Kristinn"
430338,"Kirkerud","Kiam"
20496,"Kalloufi","Ishfaq"
86071,"Kavvadias","Premsyl"
255434,"Perin","Basant"
56746,"Fadgyas","Mads"
19195,"Falby","Honglan"
216130,"Kitsuregawa","Magy"
57279,"Swab","Rafail"
205875,"Niizuma","Muzhong"
282788,"Siprelle","Insup"
441145,"Krzyzanowski","Panayotis"
38957,"Ramsay","Brewster"
445329,"Demke","Tomofumi"
299794,"Birta","Feipei"
294331,"Kambil","Avishai"
248520,"Pietrzykowski","Collette"
295814,"Billawala","Aimee"
285078,"Masand","Hitomi"
247104,"Schnelling","Jinya"
283067,"Shihab","Bluma"
202220,"Bolsens","Uwe"
209642,"Randi","Stabislas"
30490,"Wursthorn","Shir"
50993,"Reutenauer","Bartek"
462043,"Stenning","Kwangho"
477625,"Lundstrom","Claude"
245144,"Peternell","Manohar"
438610,"Dulin","Soenke"
423596,"Heystek","Lokesh"
409292,"Bellmore","Premal"
471375,"Beeson","Youssef"
430353,"Asser","Rosella"
45340,"Baik","Kitty"
275086,"Rahier","Remzi"
105006,"Dahlbom","Somnath"
16107,"Luit","Feiyu"
415542,"Jenevein","Seshu"
98128,"Ambroszkiewicz","Kazuhisa"
104080,"Kadhim","Niteen"
217217,"Castellani","Tuval"
82479,"Kroft","Rutger"
12803,"Boissier","Gad"
72176,"Thibadeau","Olivera"
443699,"Feldhoffer","Anoosh"
251207,"Pettey","Anwar"
55375,"Caine","Houman"
461554,"Rosen","Shigenori"
29539,"Heering","Chaosheng"
243030,"Ibel","Shrikanth"
226688,"Norsworthy","Arun"
449025,"Levasseur","Shao"
294929,"Godskesen","Ranga"
249049,"Botman","Renee"
27567,"Basawa","Khalid"
207681,"Zongker","Changho"
228910,"Streit","Panayotis"
50948,"Alpin","Jouko"
297339,"Miake","Berry"
105553,"Openshaw","Moon"
90926,"Heyers","Tadahiro"
428047,"Baek","Feixiong"
232098,"Bale","Margareta"
226184,"Mitsuhashi","Sadegh"
86611,"Zlotek","Jaewon"
473953,"Heystek","Janche"
75474,"Orsini","Mari"
446116,"Pfau","Lubomir"
65849,"Reeken","Selwyn"
460033,"Ariola","Paris"
57967,"Heiserman","Amabile"
452165,"Guenter","Jayson"
239074,"Koprowski","Chenyi"
74613,"Hiroyama","Sumant"
61610,"Coorg","Younwoo"
20561,"Doering","Mabo"
257314,"Ghalwash","Georgi"
223992,"Schlenzig","Claude"
73224,"Schurmann","Ziya"
86399,"Baek","Guozhong"
85270,"Isard","Valery"
258471,"Birjandi","Sreekrishna"
61100,"Willoner","Mokhtar"
474793,"Srimani","Arunachalam"
297266,"Furedi","Adil"
214348,"Maierhofer","Honglan"
33814,"Androutsos","Hairong"
475989,"Muniz","Jayson"
217546,"Brickell","Chinhyun"
251144,"Gadepally","Kensyu"
230866,"Zaumen","Francoise"
28383,"Chimia","Gladys"
266442,"Geffroy","Tooru"
223007,"Basart","Chuanyi"
34471,"Demeyer","Odysseas"
86759,"Demian","Sahrah"
415057,"Spelt","Falguni"
415473,"Gulik","Yonghoan"
54028,"Czaja","Masadi"
43703,"Menyhert","Hongzhu"
15740,"Pocchiola","Stepehn"
220707,"Stille","Zine"
87405,"Khasidashvili","Jianhua"
67359,"Strooper","Yongmin"
471373,"Crelier","Tokuyasu"
437908,"Bade","Fatemeh"
47919,"Sichman","Subhash"
272760,"Anger","Aiman"
266608,"Sessa","Amstein"
259467,"Majewski","Marit"
36814,"Kisuki","Jiafu"
38821,"Ramsak","Nectarios"
223139,"Iacovou","Bowen"
439203,"Molenkamp","Tua"
273500,"Picci","Hidekazu"
410415,"Chenney","Marsal"
240901,"Detkin","Hironobu"
443574,"Denna","Duke"
458025,"Speer","Moti"
432342,"Kisuki","Reinhard"
448902,"Hennings","Sarita"
43376,"Parhami","Bernice"
108132,"Swist","Sampalli"
429113,"Turnbull","Gaurav"
27138,"Taubman","Shichao"
86355,"Radwan","Hongzue"
283166,"Oppitz","Parto"
72463,"Falco","Vasilii"
90775,"Dredge","Florian"
10548,"Gunderson","Ramalingam"
419099,"Broomell","Heon"
53636,"Grandbois","Nirmal"
466517,"Porenta","Mart"
408770,"Bach","Odysseas"
91212,"Lamba","Zine"
240447,"Merlo","Faiza"
59361,"Perez","Shawna"
238469,"Barvinok","Duke"
41175,"Ozeki","Deniz"
62873,"Miyakawa","Abdelghani"
57105,"Backhouse","Gererd"
56870,"Ouhyoung","Lorien"
279274,"Nittel","Duro"
405769,"Reinhard","Alejandro"
470415,"Marletta","Zito"
236011,"Sidhu","Shaowen"
470885,"Harnett","Kasidit"
234154,"Liedekerke","Khaled"
268105,"Begiun","Kerhong"
219280,"Barvinok","Along"
214194,"Suri","Ramachenga"
280832,"Snyers","Patricia"
80783,"Huxford","Akeel"
49152,"Menhoudj","Venkatesan"
449913,"Linares","Oscar"
443631,"Braunmuhl","Bingning"
39216,"Backhouse","Perla"
430300,"Binkley","Xuedong"
427219,"Iisaka","Chenyi"
444680,"Koshino","Arnould"
40217,"Shokrollahi","Padma"
93265,"Broomell","Bokyung"
285249,"Verhoeff","Gen"
247785,"Hofman","Jovan"
409113,"Tetzlaff","Uma"
89405,"Perry","Kagan"
471219,"Chvatal","Becky"
261172,"Luit","Katsuyuki"
467212,"Leonhardt","Laurentiu"
204458,"Rossi","Angel"
85019,"Garigliano","Nathan"
422999,"Cannane","Kristen"
208682,"Sidje","Jasminko"
201242,"Peir","Kasturi"
221038,"Mahnke","Kenroku"
240865,"Sewelson","Ziva"
469108,"Bashian","Constantino"
19752,"Swiler","Sampalli"
252211,"Baaz","Foong"
477351,"Assaf","Aksel"
205701,"Nanard","Manohar"
462711,"Spinelli","Urs"
479543,"Aumann","Dmitri"
255830,"Apsitis","Arumugam"
247820,"Cronau","Mang"
242971,"Itschner","Mack"
85017,"Swiler","Falguni"
100391,"Meriste","Kayoko"
474684,"Klyachko","Chinhyun"
74013,"Zongker","Terresa"
280843,"Garrabrants","Arfst"
86352,"Gien","Masamitsu"
228576,"Motley","Owen"
207512,"Basagni","Valeska"
423101,"Langford","Lenore"
420733,"Delaune","Jungsoon"
43638,"Vidya","Mamdouh"
247832,"Linnainmaa","Siddarth"
243198,"Matheson","Sajjad"
444109,"Gerlach","Oldrich"
98889,"Pezzoli","Xiaoqiang"
26996,"Rodier","Toshiko"
231021,"Theuretzbacher","Shietung"
13555,"Matteis","Lijia"
211570,"Crooks","Stabislas"
461376,"Eppinger","Shaowen"
261080,"Delgrande","Ziyad"
410016,"Mansanne","Mandell"
404339,"Eiron","Shahab"
17832,"Ermel","Joydip"
252513,"Lund","Jungsoon"
35420,"Luiz","Odoardo"
274017,"Fortenbacher","Mona"
458882,"Jeong","Troy"
11015,"Riesenhuber","Jeanna"
284435,"Rando","Piyawadee"
297146,"Randt","Odinaldo"
400122,"Heiserman","Eldridge"
15039,"Huttel","Krister"
421333,"Pollock","Bogdan"
419839,"Uhrik","Geraldo"
421142,"Shrader","Kazuhiko"
411858,"Baaz","Weiye"
239576,"Duclos","Jaewoo"
40171,"Pauthner","Otilia"
106281,"Conia","Abdelghani"
469019,"Pietracaprina","Tokuyasu"
57630,"Velardi","Reinhold"
41706,"Walston","Saniya"
288209,"Baez","Elvia"
263055,"Serna","Nahum"
13329,"Rissland","Ottavia"
444860,"Ramsay","Boalin"
93276,"Bennet","Suzette"
292935,"Swab","Kagan"
211247,"Garnham","Abdelkader"
31558,"Hmelo","Shuzo"
296886,"Veevers","Renee"
415513,"Gonthier","Udi"
450592,"Brizzi","Miquel"
224235,"Kumaresan","Mohamadou"
76867,"Schapiro","Uri"
81148,"Gill","Zhigen"
22819,"Koblitz","Anestis"
418011,"Melter","Mariangiola"
245180,"Hoppenstand","Zorica"
445257,"Sinitsyn","Tamiya"
209034,"Ozeri","Gopalakrishnan"
61148,"Wrigley","Arlette"
262140,"Szemeredi","Fan"
71890,"Koshiba","Jeong"
294418,"Tomescu","Filipp"
69404,"Pargas","Edwin"
200116,"Nivat","Eben"
270097,"Malinowski","Eirik"
234244,"Zwicker","Werner"
261716,"Szemeredi","Youpyo"
233493,"Kading","Kazuhisa"
39628,"Demri","Itzchak"
421285,"Seuren","Fumino"
211780,"Chleq","Niranjan"
444910,"Feinberg","Shaibal"
411304,"Sommen","Masasuke"
69504,"Munos","Nirmal"
459737,"Breugel","Moon"
19859,"Denis","Gal"
212167,"Terlouw","Utpal"
436477,"Businaro","Golgen"
467966,"Tasistro","Yahiko"
289954,"Velasco","Nikolaus"
253664,"Fontet","Moni"
420938,"Baba","Jingling"
88242,"Schapiro","Mohit"
96953,"Felder","Lakshmi"
59844,"Jiafu","Danco"
86131,"Muchinsky","Domenick"
209334,"Karunanithi","Werner"
22758,"Rijckaert","Mabry"
268675,"Covnot","Diederik"
270945,"Baja","Doowon"
409028,"Hebden","Steve"
89104,"Rande","Zeljko"
440354,"Rossi","Tomoyuki"
229492,"Matzov","Girolamo"
450249,"Waschkowski","Abdelwaheb"
457900,"Dahlbom","Pranas"
422107,"Silva","Hatem"
215094,"Magalhaes","Weicheng"
424763,"Valtorta","Geraldo"
46219,"Henseler","Gen"
222022,"Mayerwieser","Dung"
30769,"Frolund","Berry"
435616,"Kinley","Jungsoon"
267786,"Gecsel","Ravishankar"
299454,"Peternell","Ronnie"
77263,"Keustermans","Arto"
432815,"Smailagic","Martins"
32742,"Sommen","Luigi"
262671,"Zhiwei","Evgueni"
476248,"Majewski","Guttorm"
214260,"Rikino","Juyoung"
251565,"Vuskovic","Gill"
32638,"Bakhtari","Marjo"
200715,"Schwabacher","Gretta"
461969,"Benzmuller","Aimee"
243344,"Noriega","Bojan"
230700,"Monarch","Vidya"
212046,"Lindenbaum","Mana"
441228,"Winter","Kazuhiko"
453047,"Wossner","Fox"
53359,"Barreiro","Guther"
245942,"Lorin","Emran"
403333,"Vadhan","Maris"
94639,"Ranon","Persi"
278448,"Pluym","Jenwei"
235821,"Caine","Jeane"
103689,"Antonakopoulos","Charlene"
93412,"Sinicrope","Sivanarayana"
78816,"Talmon","Hugo"
16117,"Felcyn","Josyula"
443505,"Pargas","Ronghao"
79463,"Hennebert","Mizuhito"
455646,"Hofman","Bangqing"
239066,"Pesch","Stafford"
286088,"Negoita","Jaana"
454105,"Katalagarianos","Shimshon"
257300,"Taubenfeld","Nimmagadda"
99349,"Versino","Irene"
12284,"Khasidashvili","Hatim"
238852,"Staudhammer","Gou"
82472,"Rajaraman","Wayne"
21875,"Sabnani","Tua"
46369,"Waschkowski","Genta"
39174,"Heusch","Jinya"
474432,"Brickell","Uli"
92446,"Schach","Mariangiola"
449173,"Birsak","Doowon"
463253,"Yetim","Harngdar"
15558,"Pehl","Aron"
92063,"Olivero","Deniz"
66448,"Beilner","Frederique"
222259,"Lagarias","Moni"
454195,"Pettit","Dmitry"
28892,"Isaak","Caolyn"
424696,"Schnelling","Jacopo"
25695,"Erdi","Radhika"
286936,"Poujol","Danny"
58557,"Deyuan","Basil"
31411,"Zaumen","Moheb"
15620,"Randi","Alejandro"
269809,"Orlowska","Szabolcs"
75273,"Strehl","Anyuan"
221881,"Cyne","Subhash"
66343,"Kropatsch","Eran"
18128,"Polupanov","Muzhong"
267109,"Kaminger","Mohua"
259058,"Nitsch","Nobuyoshi"
412089,"Marakhovsky","Kenton"
17149,"Griswold","Leen"
414192,"Ozery","Chinho"
297381,"Muhling","Gio"
86853,"Giveon","Dhritiman"
227482,"Cromarty","Aamer"
57755,"Munoz","Breannda"
81022,"Demian","Aruna"
78116,"Beerel","Tokuyasu"
57602,"Crabtree","Anneke"
242174,"Masamoto","Shin"
244354,"Bauknecht","Gudjon"
205545,"Compeau","Tianruo"
36600,"Thorensen","Berto"
460723,"Pollock","Christfried"
274394,"Zastre","Aamod"
99040,"Kalorkoti","Danil"
278173,"Taneja","Pantung"
73429,"Vesna","Mayuko"
413205,"Prampolini","Mototsugu"
423423,"Schurmann","Yechiam"
264485,"Fontet","Eben"
224296,"Undy","Barton"
58199,"Karnin","Yechiam"
24177,"Aumann","Van"
53129,"dAstous","Sampalli"
106937,"Wilharm","Adamantios"
463289,"Wolniewicz","Sachio"
402044,"Rodite","Charmane"
467198,"Zaiane","Lijie"
461551,"Jording","Zito"
468633,"Seghrouchni","Martial"
416314,"Seghrouchni","Cathie"
402797,"Deville","Rosalie"
69023,"Slobodova","Kazuhisa"
257474,"Benaini","Aran"
203200,"Lovengreen","Kristin"
282343,"Haldar","Xinglin"
206264,"Khasidashvili","Mihalis"
20277,"Heiserman","Sasan"
448655,"Khasidashvili","Sungwon"
35938,"Woycyznski","Mayuri"
412555,"Bade","Takahito"
433702,"Engberts","Mingsen"
106895,"Kaelbling","Weiru"
15242,"Strehl","Kasturi"
204968,"Merlo","Guenter"
480946,"Tiemann","Naftali"
295592,"Lindqvist","Honesty"
247757,"Chinal","Stella"
426176,"Siochi","Christoph"
90248,"Yemenis","Aiman"
64881,"Stamatiou","Arie"
15716,"Pargas","Flemming"
413152,"Chiola","Xinglin"
443585,"Fiutem","Ugo"
244768,"Wroclawski","Falguni"
289363,"Pluym","Adam"
226492,"Demian","Aiichiro"
400386,"Fortenbacher","Serif"
259191,"Talmon","Suvo"
22688,"Ebeling","Sham"
298821,"Schaft","Chrisa"
65450,"Rosch","Jianhui"
101741,"Krzyzanowski","Hideyuki"
57229,"Usery","Haldon"
212360,"Khamsi","Narain"
452598,"Lampe","Sumant"
439089,"Speel","Brendon"
454166,"Marletta","Vidar"
227576,"Katiyar","Gor"
57772,"Stamatiou","Tomoyuki"
479403,"Peral","Gadiel"
406064,"Ramsay","Fumiya"
471715,"Schusler","Pasqua"
428039,"Emmart","Gully"
277219,"Naumovich","Kenroku"
235007,"Flexer","Rafols"
456099,"Pargas","Shietung"
422873,"Iwayama","Elgin"
35615,"Plump","Ishfaq"
106638,"Famili","Eben"
68263,"Bodoff","Fumiko"
432898,"Holburn","Fumitaka"
426242,"DuBourdieux","Kamakshi"
77452,"Gulak","Shaz"
75557,"Vecchio","Angus"
450755,"Hiraishi","Ravishankar"
50669,"Hooghiemstra","Naftali"
77720,"Saoudi","Pramod"
72832,"Strandh","Maha"
480490,"Undy","Lunjin"
24976,"Vakili","Khun"
452124,"Beausoleil","Badri"
444848,"Salverda","Udo"
452949,"Businaro","Vasilis"
241712,"Kitsuregawa","Tokuyasu"
59465,"Luiz","Lillian"
291470,"Nyanchama","Patricia"
269919,"Cappello","Yolla"
228129,"Dechter","Percy"
226827,"Badache","Uri"
223929,"Callaway","Sailaja"
30784,"Griswold","Along"
26925,"Gils","Jolita"
293435,"Lorch","Isaac"
85110,"Maquelin","Volkmar"
437613,"Nyrup","Greger"
290337,"Soicher","Jaroslava"
220921,"Chorvat","Byong"
297600,"Birke","Tsvetan"
275870,"Melski","Greger"
211219,"Lanteri","Jamaludin"
58129,"Schnabel","Chuanyi"
237582,"Poulakidas","Sigeru"
20878,"Kriebel","King"
105025,"Wuwongse","Kazuyasu"
47799,"Mukaidono","Jongsuk"
416810,"Erie","Masami"
200275,"Honglei","Van"
273858,"Matzen","Gunilla"
19698,"Avouris","Gina"
446367,"Ananiadou","Achilleas"
13680,"Speer","Denny"
60947,"Shokrollahi","Make"
407782,"Bernini","Kasturi"
207721,"Yetim","Heejo"
85706,"Lukaszewicz","Adit"
106762,"Erol","Shaibal"
10099,"Sullins","Valter"
220894,"Thiria","Hongzue"
225682,"Gargeya","Dipayan"
282496,"Axelband","Yakichi"
280300,"McClurg","Remmert"
102038,"Heijenga","Kristen"
299879,"Bale","Kazuhisa"
22095,"Schlumberger","Breannda"
400539,"Rosca","Fox"
454430,"Billawala","Theirry"
276969,"Garnier","Eishiro"
11840,"Hofman","Jayson"
229552,"Shackel","Utpal"
28301,"Brickell","Adil"
296437,"Lund","Frederique"
85929,"Ashish","Jaihie"
106338,"Kolvik","Phule"
107058,"Kaelbling","Jessie"
274807,"Soloway","Sibyl"
235243,"Imataki","Ferdinand"
61917,"Grospietsch","Izaskun"
288315,"Mellouli","Dharmaraja"
475448,"Lorys","Ingemar"
66458,"Marchesini","Aral"
204357,"Motley","Nechama"
410406,"Mapelli","Bogdan"
435343,"Collavizza","Yinlin"
408582,"Clemencon","Rosli"
299036,"Wolniewicz","Geoffrey"
273591,"Shackell","Yinghua"
264302,"Staylopatis","Juichirou"
219863,"Detkin","Haldun"
107257,"Czaja","Rosine"
266703,"Woycyznski","Conor"
78279,"Kornyak","Pranjal"
416761,"Rosenbaum","Elrique"
273431,"Birge","Denis"
242444,"Speer","Isaac"
79742,"Fiutem","Vishwani"
437255,"Cardazo","Padma"
451058,"Hoogerwoord","Xumin"
465958,"Underwood","Jianhao"
75503,"Unno","Shin"
413573,"Aloia","Giordano"
252492,"Ghemri","Shounak"
442133,"Angel","Bernd"
405640,"Hopewell","Masako"
475962,"Steenbeek","Rasiah"
296243,"Casley","Arne"
268553,"Carrere","Mototsugu"
104089,"Fetvedt","Yonghoan"
51357,"Rissanen","Valter"
281115,"Katalagarianos","Huei"
444830,"Koprowski","Rasikan"
273893,"Rebaine","Yannik"
108354,"Poujol","Arch"
66155,"Hasenauer","Ulises"
284312,"Conta","Remmert"
223164,"Raney","Fumiyo"
411622,"Benveniste","Xiadong"
459632,"Riefers","Fayez"
238590,"Spataro","Yifei"
218149,"Maliniak","Shichao"
22695,"Shrader","Aiichiro"
200714,"Sudbeck","JoAnne"
107393,"Schicker","Jasminko"
25781,"Bolotov","Jiann"
69184,"Cooke","Koichi"
56115,"Peltason","Breannda"
298224,"Schmiedel","Val"
220743,"Pavlopoulou","Persi"
99756,"Khasidashvili","Keung"
281924,"Stentiford","Gennady"
446539,"Bharadwaj","Laurentiu"
224323,"Schwartzbauer","Ebru"
223658,"Usery","Make"
411047,"Wendorf","Ebbe"
33061,"Zolotykh","Zijian"
297573,"Rikino","Lihong"
75638,"Demke","Dinkar"
28713,"Jenevein","Radoslaw"
272490,"Yetto","Annemarie"
200034,"Portugali","Youngkon"
272318,"Angot","Carrsten"
16307,"Setia","Marlo"
260053,"Munawer","Thodoros"
253548,"Malinowski","Felicidad"
250531,"Panienski","Emdad"
463068,"Chepyzhov","Nevin"
235647,"Parhami","Adin"
56391,"Kugler","Shuichi"
259160,"Badr","Marsha"
69019,"Rothenberg","Valdiodio"
433679,"Katzenelson","Serenella"
218587,"Curless","Radhakrishnan"
213861,"Boguraev","Mona"
243772,"Lipner","Adamantios"
414724,"Bottner","Phuoc"
268283,"Hiraishi","Bikash"
23464,"Baranowski","Tomokazu"
256519,"Shobatake","Sreenivas"
441105,"Picci","Amabile"
219377,"Remmers","Miyeon"
449415,"Rubsam","Bingning"
401434,"Heuser","Theirry"
56403,"Honglei","Alagu"
89177,"Driscoll","Masasuke"
77753,"Valtorta","Masanao"
419167,"Rindone","Reinhold"
431228,"Lundstrom","Vugranam"
421542,"Kolvik","Xumin"
69457,"Itzfeldt","Wuxu"
272356,"Morris","Basant"
274503,"Lunt","Weicheng"
221709,"Parascandalo","Edwin"
447337,"Ghazalie","Ghassan"
244787,"Talmor","Rosalyn"
249677,"Lundstrom","Jouko"
32466,"Dalphin","Youpyo"
445320,"Botman","Khun"
422195,"Angelopoulos","Guoxiang"
34915,"Tetzlaff","Christ"
476421,"Chorvat","Gaetan"
105503,"Sooriamurthi","Chinya"
29478,"Terwilliger","Constantijn"
78032,"Farrar","Gen"
15388,"Spelt","Heekeun"
104866,"Gelosh","Anestis"
214835,"Kaiserswerth","Eric"
106714,"Radwan","Kaijung"
48044,"Luga","Zhonghui"
277965,"Murillo","Luigi"
38147,"Plumb","Keung"
41024,"Huhdanpaa","Owen"
409723,"Rosar","Ziva"
206316,"Iwayama","Masali"
31218,"Vernadat","Shounak"
256492,"Perri","Kazuhiko"
245543,"Brattka","Nechama"
408181,"Emden","Zhigen"
414367,"Ginneken","Sreekrishna"
70119,"Schwartzburd","Oscal"
38554,"Isaac","Yechezkel"
404649,"Molberg","Sreenivas"
462395,"Wrigley","Zhenbing"
400787,"Gimarc","Alain"
45919,"Denti","Aemilian"
91584,"Bernick","Woody"
23677,"Sevcikova","Rafael"
85939,"Schlegelmilch","Xinyu"
75748,"Varman","Xuejia"
288835,"Bennis","Behnaam"
203531,"Copas","Xuejun"
411735,"Falster","Cordelia"
280419,"Heuser","Dante"
426273,"Siksek","Marke"
290839,"Aamodt","Guoxiang"
47037,"Docker","Jagoda"
30128,"Jansch","Selwyn"
274047,"Bail","Mitsuyuki"
52699,"Schauser","JiYoung"
284492,"Birsak","Armond"
438768,"Comte","Toney"
231200,"Botman","Unal"
433691,"Rijsenbrij","Sailaja"
17830,"Kruskal","Tze"
244650,"Brizzi","Roddy"
283126,"Molenaar","Leaf"
281064,"Mateescu","Lijie"
253121,"Swift","Woody"
247317,"Liedekerke","Elvis"
270383,"Boguraev","Marsha"
224679,"Simmel","Mats"
37403,"Braccini","Mahmut"
423070,"Kavvadias","Rafail"
108763,"Cooke","Sadegh"
258767,"Czaja","Mingzeng"
249489,"Roisin","Navin"
288307,"Renear","Vitaly"
472610,"Perng","Honesty"
54200,"Bratten","Xudong"
56371,"Mullainathan","Irene"
445477,"Sanella","Tsuneo"
248452,"Beznosov","Leaf"
44379,"Perelgut","Xinglin"
14991,"Bael","Odinaldo"
407943,"Masada","Bikash"
449921,"Schieder","Oksana"
402422,"Scharstein","Sasan"
460863,"Mitzlaff","Harngdar"
442913,"Liedekerke","Hilari"
429207,"Slutz","Weiye"
259639,"Luef","Youpyo"
244901,"Dulin","Yahiko"
273423,"Mitzlaff","Kwangyoen"
294055,"Candan","Genta"
475223,"Isaac","Feipei"
417565,"Edelhoff","Pranjal"
265169,"Muchinsky","Kazuyasu"
37571,"Zyda","Lena"
449503,"Veldwijk","Uriel"
282418,"Esteva","DAIDA"
98142,"Zweizig","Mart"
209744,"Conta","Steve"
234182,"Braunmuhl","Mountaz"
64652,"Bugrara","Uta"
436744,"Luders","Remzi"
226875,"Heydon","Aiman"
30343,"Coors","Valeri"
438421,"Pollacia","Danae"
77318,"Erez","Tzvetan"
447419,"Halloran","Herbert"
35079,"Michaeli","Houman"
475059,"Radwan","Christophe"
444336,"Pintelas","Kristine"
422734,"Kampfer","Quingbo"
417217,"Einsfeld","Denny"
65741,"Kaminger","Sakthirel"
279188,"Uludag","Tooru"
456553,"Gulla","Aram"
266963,"Ecklund","Radhia"
243955,"Marchegay","Marjo"
219359,"Pappas","Susanta"
82956,"Sundgren","Sudhanshu"
279417,"Bamford","Zorica"
459681,"Braccini","Niteen"
10270,"Hartvigsen","Bedir"
203906,"Peac","Ulf"
257544,"Peng","Sanjoy"
23877,"Motley","Tesuro"
290485,"Limongiello","Feiyu"
105158,"Gecsei","Gina"
33543,"Copas","Woody"
222219,"Ranum","Hirochika"
291294,"Luby","Yoshimitsu"
25544,"Cronan","Shaw"
476564,"Brookner","Zhilian"
89363,"Schieder","Foong"
285282,"Baig","Nikolaos"
70680,"Marshall","Naftali"
297307,"Trelles","Michaela"
432544,"Serdy","Pradeep"
58604,"Strooper","Ingemar"
256664,"Poupard","Alejandra"
254441,"Cappelli","Kristen"
44199,"Vickson","Jagoda"
29326,"Swiler","Badri"
22405,"Parveen","Gritta"
459147,"Akiyama","Jongsuk"
11377,"Rosti","Dayanand"
11850,"Maginnis","Bikash"
16829,"Collavizza","Pintsang"
287484,"VanScheik","Saeko"
248026,"Detkin","Gretta"
481110,"Isaac","Beshir"
212313,"Ushiama","Sahrah"
108962,"Rajcani","Przemyslawa"
428745,"Honglei","Gad"
238987,"Koyama","Seongbae"
208853,"Kropf","Susumu"
275173,"Mukaidono","Mohammed"
297100,"Schaap","Bangqing"
427681,"Manderick","Genta"
467339,"Rahimi","Hongzhu"
223461,"Kusalik","Manibrata"
438822,"Hanabata","Jolita"
217967,"Merli","Candido"
297594,"Picht","Atreye"
73992,"Gadepally","Panayotis"
100627,"Meszaros","Ottavia"
437660,"Polajnar","Youngkon"
78048,"Jumpertz","Jaewoo"
423258,"Mamelak","Brendon"
259834,"Sambasivam","Fay"
408447,"Werthner","Mayuri"
77025,"Viele","Roded"
206843,"Mukaidono","Kish"
91187,"Falby","Shigehito"
297868,"Anido","Leif"
265970,"Ratzlaff","Dekang"
291624,"Bresenham","Irene"
69913,"Sidou","Sorina"
51157,"Neiman","Josyula"
59722,"Cappelli","Shunichi"
227553,"Schwartzbauer","Trygve"
48313,"Alameldin","Fox"
263596,"Luca","Danil"
215282,"Stasinski","Panayotis"
33433,"Lorho","Berni"
205576,"Takkinen","KayLiang"
455360,"Morrin","Arvin"
286716,"Conia","Khatoun"
434721,"Weedman","Djenana"
410978,"Azadmanesh","Shin"
251813,"Sewelson","Kristine"
412608,"Keustermans","Claude"
275305,"Chvatal","Honesty"
403861,"Nitta","Stabislas"
273954,"Plavsic","Slavian"
100018,"Hasham","Claude"
93256,"Aingworth","Claudi"
51882,"Beidas","Bingning"
83407,"Seuren","Gino"
256921,"Whittlesey","Munehiro"
250622,"Brizzi","Syozo"
54659,"Ranon","Mohd"
479910,"Docker","Tetsushi"
45194,"Baek","Tsz"
449208,"Hasenauer","Dmitry"
416879,"Schrooten","Bluma"
245835,"Back","Peternela"
49310,"Assaf","Yechiam"
451354,"Bouloucos","Ingemar"
289602,"Henseler","Ayakannu"
58120,"Kugler","Uwe"
453525,"Genin","Along"
440916,"Cummings","Gaetan"
252069,"Peac","Kazuhisa"
105773,"Schade","Ebbe"
457262,"Kornatzky","Tsuneo"
445227,"Parveen","Ramya"
67660,"Pena","Kwangjo"
60519,"Thibadeau","Vesna"
458157,"Lakshmanan","Matt"
211988,"Winter","Nikolaos"
226918,"Zhang","Olivera"
218249,"Gire","Yinghua"
233083,"Przulj","Sanjay"
200177,"Cronan","Giri"
231128,"Deville","Francoise"
214292,"Siegrist","Howell"
72507,"Rossi","Adel"
240696,"Velardi","Boutros"
438462,"Krybus","Ronghao"
69533,"Christ","Kazuhide"
86037,"Badache","Khaled"
466153,"Mitina","Kazuhiro"
454895,"Rahier","Kazuhide"
56595,"Einsfeld","Krister"
259435,"Bahk","Marc"
478179,"Bugrara","Nathan"
452078,"Tramer","Hugh"
217394,"Backhouse","Raimond"
259453,"Vernadat","Nakhoon"
77108,"Stemann","Zeydy"
34513,"Halevi","Foong"
464665,"Beausoleil","Seongbin"
24229,"Ellozy","Tua"
254512,"Harbusch","Utz"
463057,"Swan","Kwangyoen"
211207,"Schmiedel","Gino"
227162,"Gruenwald","Zeljko"
449809,"Copas","Xiping"
443467,"Zhiwei","Mariusz"
223391,"Rahier","Sashi"
88461,"Couchot","Utz"
458619,"Passafiume","Chrisa"
243891,"Rodite","Shan"
58453,"Zeleznik","Arvin"
251979,"Percebois","Rosalie"
40148,"Solares","Yucai"
246764,"Czaja","Shuzo"
465289,"Perez","Troy"
10810,"Lunn","Lijie"
81846,"Ponthieu","Ingmar"
34150,"Miculan","Leen"
428467,"Siepmann","Ewing"
206111,"Hmelo","Guoxiang"
287970,"Stafford","Tonia"
426439,"Babb","Harngdar"
260301,"Carrere","Jayson"
246883,"Gulla","Tooru"
43665,"Shobatake","Sariel"
81505,"Spelt","Sergi"
418261,"Warwick","Mansur"
284586,"Percebois","Udo"
91679,"Greenaway","Hyuckchul"
26525,"Morris","Siamak"
200195,"Beeson","Yinghua"
62900,"Alencar","Gio"
265126,"Perez","Rasikan"
21815,"Henseler","Marsha"
87059,"Leuchs","Girolamo"
65395,"Valette","Remko"
60745,"Gischer","Roddy"
425002,"Sommen","Roddy"
31698,"Rajaraman","Bernardo"
477226,"Peral","Almudena"
297734,"Erman","Domenick"
72863,"Kavvadias","Mohd"
461011,"Baak","Kensyu"
49573,"Vidal","Przemyslawa"
452322,"Ouhyoung","Rosella"
239414,"Renear","Sverrir"
50937,"Farris","Berna"
291564,"Huhdanpaa","Duri"
435796,"Zschoche","Amalendu"
432417,"Hockney","Sigeru"
418203,"Michaeli","Matk"
450175,"Babu","Anoosh"
48011,"Ramaiah","Stevo"
275859,"Bahl","Weidon"
25040,"Picco","Toshimo"
208459,"Nivat","Lobel"
22873,"Ashish","Ebbe"
63943,"Karcich","Shai"
296108,"Karnin","Marsha"
253528,"Codenie","Venkatesan"
38215,"Bisiani","Zvonko"
464408,"Gruenwald","Boguslaw"
408836,"Senzako","Hsiangchu"
278678,"Farris","Lubomir"
436524,"Manderick","Georgi"
214981,"Reistad","Licheng"
99047,"Landherr","Jenwei"
209535,"Chinal","Hirochika"
98956,"Magliocco","Szabolcs"
422670,"Swiss","Luisa"
403665,"Zeidenstein","Moriyoshi"
402333,"Bahi","Barna"
14787,"Poujol","Irene"
275959,"Chandrasekhar","Fen"
52222,"Schlenzig","Ghassan"
466619,"Fordan","Mansur"
291272,"Velardi","Ekawit"
45003,"Pulkowski","Udo"
17447,"Boreale","Zengping"
249916,"Mahmud","Boalin"
42970,"Businaro","Zijian"
226366,"Vingron","Bernice"
17039,"Ratnakar","Takahira"
206060,"Gilg","Yuichiro"
441955,"Sommer","Sudhanshu"
31406,"Narahara","Leandro"
206241,"Danecki","Kazuhira"
47380,"Schmittgen","Lein"
211608,"Doering","Sreekrishna"
44160,"Speer","Youjian"
400720,"Gecseg","Nobuyoshi"
286352,"Gornas","Toshiki"
62349,"Hofstetter","Manibrata"
234045,"Zschoche","Gift"
265721,"Morrey","Jongsuk"
248844,"Leppanen","Remmert"
81363,"McAffer","Selwyn"
404655,"Joslin","Danco"
213329,"Roohalamini","Tonny"
241176,"Serra","Vitaly"
81439,"Lorys","Giri"
443555,"Barvinok","Hideyuki"
102643,"Caine","Muneo"
460581,"Lung","Jacqueline"
451841,"Bisiani","Yuping"
284232,"Koshino","Gift"
97666,"Alencar","Spyrose"
91852,"Junot","Constantine"
253041,"Erez","Saniya"
58790,"Zockler","Peternela"
262381,"Diderrich","Berna"
234869,"Cronin","Zhongwei"
203563,"Dehkordi","Ugo"
275564,"Figueira","Mrinalini"
72765,"Grospietsch","Troy"
21866,"Peak","Uri"
479178,"Miake","Ottavia"
474083,"Vakili","Aloys"
406218,"Poupard","Ingemar"
401801,"Baek","Subhash"
201468,"Pargas","Rosli"
465178,"Morris","Rafail"
459021,"Menhardt","Teruyuki"
454777,"Weedon","Theirry"
91647,"Flowers","Luise"
49342,"Mungall","Xumin"
37586,"Jiang","Richard"
256605,"Menhardt","Niteen"
224297,"Kabayashi","Aemilian"
246462,"Gimarc","Djelloul"
255345,"Brookman","Emran"
242421,"Lorch","Steve"
459921,"Quittner","Chirstian"
98350,"Butterworth","Qiwen"
219953,"Bouloucos","Evgueni"
87065,"Kalorkoti","Yagil"
458100,"Herber","Baziley"
265806,"Bahk","Gudjon"
263002,"Bernatsky","Ramzi"
241851,"Marzano","Domenico"
102566,"Gopalakrishnan","Kagan"
424788,"Gihr","Hitofumi"
450490,"Luft","Deborah"
421521,"Serdy","Yongmin"
220859,"Picci","Fun"
480418,"Wendorf","Jeane"
236544,"Meriste","Lillian"
287872,"Kakkar","Indrajit"
232410,"Otillio","Fan"
275200,"Angel","Lucian"
105283,"Ruemmler","Seongbin"
212637,"Fasbender","Junichi"
97933,"Harnett","Uwe"
237634,"Schahn","Zito"
444965,"Asmuth","Sariel"
299287,"Ertl","Sumant"
296242,"Dechter","Amalendu"
435324,"Gien","Werner"
230098,"Nilsson","Fen"
217506,"Takanami","Gully"
103685,"Zyda","Hongzhu"
16824,"Chaudhuri","Masadi"
62948,"Merey","Becky"
288426,"Erez","Golgen"
480713,"Tsukuda","Saeko"
239474,"Colorni","Wilmer"
299979,"Kornyak","Satoru"
243576,"Lodder","Abdulah"
408577,"Schwabacher","Ibibia"
467634,"Veccia","Kwan"
414239,"Genin","Aron"
294734,"Roison","Niranjan"
252820,"Zallocco","Yuuichi"
449747,"Ramsay","Anyuan"
84340,"Granlund","Moriyoshi"
14544,"Janetzko","Licheng"
296309,"Herath","Hailing"
99791,"Negoita","Holgard"
12826,"Mandell","Claude"
255275,"Stille","Frederique"
461398,"Kushner","Duangkaew"
416523,"Uhrik","Angus"
228648,"Takanami","Mountaz"
400945,"Litvinov","Olivera"
38351,"Emmerich","Shimshon"
293693,"Baumann","Tokuyasu"
47744,"Boreale","Lillian"
277248,"Erni","Barna"
49930,"Conte","Girolamo"
24049,"Ramaiah","Yurij"
45501,"Dulay","Zhilian"
22172,"Erev","Jessie"
465698,"Demos","Ranan"
400691,"Birta","Keung"
295800,"Weisert","Jingling"
74491,"Slobodova","KayLiang"
89233,"Gruenwald","Ebbe"
228855,"Christianini","Jiann"
259899,"Thambidurai","Joydip"
203169,"Bage","Vishv"
70312,"Luan","Mooi"
102114,"Bisiani","Yurij"
101265,"Pluym","Emran"
74987,"Trelles","Mountaz"
275576,"Hegner","Xiping"
68968,"Mukaidono","Seshu"
292002,"Bierbaum","Bluma"
208542,"Ranst","Ibibia"
46619,"Docker","Taizo"
230430,"Speel","Akeel"
207292,"Encarnacion","Juichirou"
257139,"Merlo","Angus"
76538,"Schaad","Soenke"
86954,"Vesel","Sedat"
57810,"Kakkad","Greger"
12189,"Redmiles","Berni"
219725,"Zockler","Elvis"
255495,"Engelmann","Suzette"
57474,"Katalagarianos","Gilbert"
269109,"Goldhammer","Karlis"
227418,"Suomi","Zsolt"
472690,"Glinert","Tran"
210024,"Michaeli","Christfried"
82546,"Giarratana","Masanao"
460186,"Papastamatiou","Zhanqiu"
256633,"Heystek","Babette"
55810,"Schaaf","Leif"
294549,"Etalle","Gurbir"
401570,"Famili","Hugo"
439186,"Magliocco","Shahaf"
420879,"Fioravanti","Gita"
412108,"Vesel","Macha"
253159,"Janetzko","Khue"
278622,"Keustermans","Toshiki"
258135,"Figueira","Gian"
435079,"Copas","Gladys"
76590,"Bazelow","Mats"
289091,"Speel","Cathie"
412173,"Koblick","Magdalena"
460168,"Rissland","Stevo"
281697,"Rusterholz","Nirmal"
438841,"Griswold","Edwin"
404123,"Encarnacion","Arfst"
240254,"Oxman","Ishfaq"
255094,"Baaleh","Chinya"
202284,"Katzenelson","Gererd"
461848,"Lemarechal","Randi"
288578,"Birrer","Boguslaw"
291649,"Kruskal","Arnould"
106707,"Boguraev","Zsolt"
447641,"Lamma","Fay"
13147,"Ginesta","Shichao"
46981,"Sudbeck","Chirstian"
83512,"Heuser","Dinkar"
454600,"Hanratty","Subhash"
401494,"Hartvigsen","Martial"
265580,"Szemeredi","Remco"
210905,"Dechter","Bokyung"
20239,"Heystek","Tua"
245626,"Mahmud","Jamaludin"
69999,"Ravishankar","Kensyu"
257276,"Schonegge","Eldridge"
441061,"Klyachko","Ramalingam"
421628,"Schwartzbauer","Qunsheng"
299822,"Stavenow","Mabhin"
224326,"Ghazalie","Carrsten"
244832,"Sridhar","Marlo"
437137,"Lunn","Xiaoqiu"
98360,"Brobst","Leah"
54987,"Schwabacher","Sven"
273583,"Frijda","Fayez"
32324,"Mattern","Arne"
34968,"Vickson","Adamantios"
292684,"Ecklund","Marc"
408136,"Kadhim","Kendra"
50383,"Gihr","Arco"
247548,"Majewski","Giri"
87001,"Maquelin","Sanjit"
263907,"Mukaidono","Bangqing"
211675,"Kalloufi","Yunming"
80299,"Collette","Susanne"
466989,"Kuszyk","Yishay"
224613,"Fontan","Alassane"
471217,"Couchot","Kenton"
431949,"Gulla","Mark"
19260,"Baja","Giao"
58739,"Christianini","Moie"
263240,"Sudbeck","Debatosh"
70664,"Sinicrope","Fumitake"
91277,"Andreotta","Hauke"
46591,"Ducloy","Ingemar"
297840,"Jullig","Marsja"
283535,"Henders","Yannik"
36300,"Cyre","Magy"
94524,"Rosti","Branimir"
458640,"Ramamoorthy","Pramod"
282995,"Cardazo","Tetsushi"
418022,"Sury","Lidong"
244016,"Bennis","Irena"
237908,"Siegrist","Mack"
91830,"Ghazalie","Vishv"
67275,"Orsini","Monique"
292322,"Colorni","Adamantios"
24319,"Baer","Adel"
467853,"Roison","Yuqun"
25684,"Riesenhuber","Mizuhito"
295386,"Speek","Eldridge"
245615,"Lanzelotte","Dayanand"
87639,"Makrucki","Vasiliy"
51196,"Spelt","Krisda"
22046,"Nilsson","Shao"
77417,"Barriga","Tesuya"
271225,"Makrucki","Caolyn"
233844,"Back","Sailaja"
436675,"Mayerwieser","Hein"
283146,"Luft","Chinhyun"
47867,"Niizuma","Sajjad"
410157,"Brookner","Sumali"
209003,"Kitai","Maik"
440904,"Vickson","Eran"
103340,"Schicker","Adit"
237509,"Haraldson","Sandeepan"
462726,"Budinsky","Shugo"
94995,"DeMori","Ranga"
278577,"DiGiano","Morris"
421094,"Bernatsky","Tuval"
437429,"Guerreiro","Nadjib"
450730,"Bennet","Volkmar"
296823,"Kuhnemann","Shahid"
34361,"Kalorkoti","Torsten"
417645,"Tsukune","Roddy"
215092,"Rijckaert","Chaosheng"
86289,"Falby","Patricio"
460531,"Lagarias","Satyanarayana"
291873,"Matzov","Arto"
235891,"Pfau","Yuguang"
48929,"Puoti","Chrisa"
403562,"Aloisi","Mikhail"
59040,"Vecchio","Hatsukazu"
102256,"Pettis","Djelloul"
84564,"Stassinopoulos","Fei"
88200,"Ramamoorthy","Mahendra"
221229,"Haumacher","Gad"
39814,"Tomescu","Kristen"
220957,"Tibblin","Volkmar"
476222,"Mellouli","Kristian"
258877,"Sadowsky","Shaunak"
464003,"Irland","Otilia"
109421,"Birke","Rosita"
224169,"Zirintsis","Guther"
460975,"Miake","Filipe"
295100,"Nitta","Zita"
82795,"Gammage","Rosine"
422970,"Ramalingam","Izaskun"
83186,"Rando","Petter"
277733,"Nooteboom","Venkatesan"
17904,"Pokrovskii","Supot"
90085,"Oppitz","Branimir"
268103,"Mukaidono","Arnd"
265882,"Fontet","Francoise"
272835,"Lubachevsky","Bernd"
10314,"Apsitis","Christfried"
476595,"Gargeya","Mack"
11248,"Tsukuda","Uinam"
242038,"Cooman","Arto"
431777,"Driscoll","Zeljko"
445238,"Impagliazzo","Huiqun"
272500,"Carrere","Mani"
272236,"Sherertz","Kensei"
56725,"Penz","Hatim"
24931,"Barbanera","Samphel"
427569,"Hebert","Kagan"
468177,"Lammel","Masadi"
408896,"Porenta","Kagan"
224771,"Ernst","Nikolaus"
30439,"Lamba","Masasuke"
408544,"Cardazo","Trygve"
254024,"Ernst","Richard"
453526,"Furedi","Bernardo"
435059,"Lukaszewicz","Josyula"
295720,"Chelton","Mingsen"
413593,"Norsworthy","Salvador"
68327,"Pettis","Shigeo"
244905,"Schapire","Mahendra"
265974,"Ohori","Sumali"
435477,"Sabnani","Wuxu"
413096,"Ramaiah","Nahid"
406677,"Shrader","Subhada"
226502,"Nollmann","Atreye"
49315,"Gihr","Debaprosad"
107783,"Thebaut","Aris"
88857,"Toyoshima","Hideo"
55056,"Erez","Lein"
211196,"Varker","Uriel"
267839,"Bahk","Mokhtar"
106482,"Selenyi","Alselm"
448219,"Segond","Zhilian"
421220,"Muniz","Sreekrishna"
16782,"Redmiles","Premsyl"
293880,"Kampfer","Piyawadee"
287881,"Decaestecker","Gunilla"
35976,"Fujisaki","Hongzue"
33627,"Duclos","Arif"
431845,"Unno","Kasturi"
238246,"Munoz","Shakhar"
65525,"Conti","Lansing"
22358,"Decaestecker","Arvind"
45587,"Puppe","Uinam"
261400,"Schaaf","Chinho"
14050,"Botman","Duangkaew"
33050,"Majewski","Jungsoon"
284009,"Dratva","Alain"
446110,"Linnainmaa","Berni"
246562,"Rosti","Mariusz"
241940,"Schoegge","Carrsten"
227923,"Aingworth","Luisa"
299271,"Heystek","Divine"
23529,"Birrer","Temple"
104166,"Beznosov","Zhaofang"
81056,"Kruskal","Junsik"
279228,"Verspoor","Yannis"
207570,"Peroz","Kerhong"
107360,"Roccetti","Tru"
405612,"Cincotta","Fusako"
448165,"Schwaller","Anyuan"
216471,"Peroz","Zorica"
87287,"Baek","Xiping"
414866,"Veeraraghavan","Boalin"
28333,"Awdeh","Kannan"
415603,"Decaestecker","Irena"
108102,"Ranum","Angus"
22341,"Barvinok","Shir"
432779,"Crabtree","Ottavia"
15478,"Erbe","Miyeon"
254368,"Kriebel","Zine"
33674,"Impagliazzo","Abdelwaheb"
45103,"Gente","Shir"
296121,"Puppe","Arie"
445108,"Bierbaum","Masanao"
217188,"Bach","Leszek"
266517,"Kowalchuk","Tianruo"
89776,"Remmers","Seongbae"
437324,"Seghrouchni","Luisa"
98345,"Muchinsky","Emdad"
288420,"Speckmann","Isamu"
271709,"Warwick","Toshimo"
478266,"Hennings","Krister"
102877,"Kranzdorf","Augustine"
20534,"Kalloufi","Rosita"
63602,"Yemenis","Miyeon"
222651,"Gornas","Kagan"
446365,"Schapire","Heon"
60245,"Henders","Jiakeng"
426567,"Huhdanpaa","Shigehito"
401094,"Marchesini","Boaz"
11813,"Muhlberg","Gita"
256164,"Khalid","Somnath"
23898,"Braccini","Leucio"
60791,"Taubenfeld","Suzette"
79244,"Bashian","Yuriy"
463682,"Schicker","Guther"
267732,"Schapire","Gretta"
216915,"Rajaraman","Arunachalam"
412816,"Radhakrishnan","Sibyl"
298682,"Lambe","Werner"
453837,"Basawa","Shrikanth"
20170,"Himler","Emdad"
96070,"Kamber","Jaana"
451986,"Eickenmeyer","Jianhao"
417595,"Roccetti","Maik"
223961,"Plotkin","Anoosh"
90265,"Delgrossi","TRUE"
272943,"Gewali","Temple"
273264,"Broder","Tonny"
107140,"Diderrich","Ortrud"
45385,"Rosaz","Conrado"
480455,"Jansen","Jouni"
466808,"Peot","Shigehito"
37477,"Babu","Byong"
278874,"Walstra","Gudjon"
281174,"Loncour","Paris"
102673,"Vigier","Stamatina"
405587,"Loncour","Sudhanshu"
283852,"Waterhouse","Arfst"
200225,"Stiles","Gay"
45754,"Baja","Piyawadee"
33975,"Aloia","Barry"
280643,"Peroz","Dmitry"
99836,"Terekhov","Mani"
76945,"Sherertz","Gita"
436868,"McClurg","Mikhail"
426087,"Eppinger","Demin"
288006,"Sundgren","Miyeon"
474012,"Vendrig","Subhrajyoti"
470965,"Swiss","Snehasis"
226815,"Demke","Lena"
57415,"Rullman","Takahiro"
291779,"Pardalos","Shay"
92630,"Erie","Arunachalam"
34554,"Constantine","LiMin"
24872,"Decaestecker","Oguz"
420915,"Zumaque","Yefim"
236709,"Plesums","Shaibal"
263485,"Bazzichi","Parviz"
49717,"Broder","Rasiah"
36345,"Bouloucos","Aimee"
477779,"Glinert","Rafail"
31797,"Tramer","Stevo"
443466,"Ranai","Susanta"
50075,"Muntz","Shaz"
445332,"Waleschkowski","Marjo"
273978,"Chenoweth","Huican"
46015,"Masand","Weiye"
263970,"Alpin","Chenye"
239106,"Huxford","Xudong"
472233,"Ponthieu","Odinaldo"
403330,"Carrera","Miyeon"
56973,"Ossenbruggen","Bernd"
244687,"Angel","Vitaly"
432641,"Fandrianto","Conrado"
247242,"Katiyar","Yuping"
100701,"Benaini","Shigeo"
408860,"Koblitz","Mingdong"
464388,"Besancenot","Atilio"
231265,"Kolinko","Guozhong"
87027,"Yetim","Ashish"
244952,"Mondadori","Leen"
419669,"Monarch","Florina"
23960,"Chiola","Qingxiang"
465646,"Dayang","Sakthirel"
211504,"Ouhyoung","Jaewon"
206718,"Ramaiah","Koldo"
282141,"Itzfeldt","Shai"
411126,"Servieres","Berry"
429983,"Ponthieu","Gay"
280988,"Katzenelson","Jaroslava"
423072,"Poujol","Reinhard"
299391,"Masada","Leah"
442942,"Kamber","Ebru"
426840,"Luby","Cathie"
101709,"Leslie","Zine"
24655,"Yeung","Miquel"
470976,"Dredge","Snehasis"
238610,"Lores","Yannis"
464365,"Krogh","Shaowen"
228223,"Hatcliff","Pranav"
253476,"Kornyak","Zhaofang"
247249,"Underwood","Shawna"
35036,"Chappelet","Shaunak"
34175,"Azuma","Shahaf"
249203,"Grospietsch","Wonhee"
433737,"McDermid","Sajjan"
275604,"Kropatsch","Chandrasekaran"
241857,"Cullers","Yishai"
417241,"Carrera","Hailing"
236237,"Spieker","Claude"
95080,"Gips","Yolla"
55996,"Bellmore","Stamatina"
90122,"Halevi","Taisook"
15838,"Montresor","Zissis"
427390,"Cannane","Jaroslava"
86594,"Zongker","Magdalena"
268190,"Ermel","Paddy"
211111,"Brookman","Youngkon"
39955,"Erde","Shigeaki"
420586,"Ressouche","Uzi"
264471,"Pews","Temple"
433225,"Bazelow","Conor"
61334,"Winter","Georgi"
242918,"Fontet","Edwin"
55908,"Ghalwash","Xinglin"
449820,"Desikan","Shimshon"
240373,"Esteva","Arve"
275358,"Raczkowsky","Jeong"
295382,"Chinal","Aloke"
431060,"Siksek","Charlene"
456441,"Roccetti","Aluzio"
293756,"Matteis","Kousuke"
436297,"Bauknecht","KayLiang"
100094,"Itschner","Nagui"
412523,"Baja","Maris"
30467,"Itzfeldt","Christophe"
425906,"Dalphin","Munir"
401681,"Morrey","Yongmao"
414269,"Flowers","Jamaludin"
254113,"Sessa","Ravishankar"
94133,"Usery","Hironobu"
475433,"Ferriere","Irene"
208381,"Stemann","Chiranjit"
422827,"Verspoor","Arfst"
402115,"Rijckaert","Izaskun"
410475,"Yavatkar","Aron"
202821,"Nanard","Etsuo"
225043,"Zirintsis","Roselyn"
108341,"Montemayor","Stevo"
68434,"Buescher","Nimmagadda"
18024,"Casperson","Uzi"
422887,"Bruckman","Itzchak"
102874,"Middleton","Leon"
477129,"Setiz","JoAnne"
82459,"Pettit","Manohar"
80864,"Birnbaum","Radhia"
36030,"Kleiser","Berni"
412009,"Luef","Sanjiv"
476137,"Farrel","Oguz"
77801,"Hmelo","Hugo"
455937,"Miara","Haldon"
85365,"Alpay","Hideyuki"
281898,"Sevcikova","Sudhanshu"
229942,"Sluis","Yechiam"
464189,"Chenoweth","Sachem"
212133,"Bolotov","Arfst"
34593,"Farrow","Tse"
285070,"Schaap","Juyoung"
456204,"Zschoche","Leif"
409075,"Veldwijk","Yucai"
72042,"Krybus","Yinlin"
273878,"Cannard","Subhada"
260899,"Werthner","Otmar"
415005,"Zielinski","Shmuel"
260397,"Crabtree","Nikolaos"
429120,"Passafiume","Tsuneo"
207003,"Nicolson","Jasminko"
212986,"Cooman","Sanjay"
225311,"Crabtree","Ghassan"
63226,"Geffroy","Arch"
72440,"Rosar","Xiping"
57231,"Kushner","Elgin"
438289,"Collavizza","Kiyokazu"
72084,"Ligten","Miquel"
208952,"Conry","Almudena"
109685,"Georgakopoulos","Shigehiro"
35612,"Baek","Gonzalo"
448032,"Merey","Masoud"
414926,"Limongiello","Mohua"
103585,"Dusink","Juichirou"
464056,"Denos","Cheong"
36856,"Erdi","Eric"
281291,"Chaudhury","Duri"
430635,"Koblick","Khaled"
255052,"Tchuente","Paddy"
473191,"Gniady","Bodh"
465834,"Slutz","Nevin"
433383,"Hutter","Manu"
258927,"Kragelund","Fumiya"
25425,"Swick","Dharmaraja"
472398,"Marwedel","Kensyu"
29302,"Leslie","Sashi"
70222,"Jakobus","Qunsheng"
65945,"Hasham","Zhigen"
77297,"Zumaque","Wanqing"
101247,"Gelosh","Mansur"
241494,"Olivero","Sahrah"
430310,"Collette","Akeel"
249341,"Reinhart","Miquel"
76984,"Riefers","Gilbert"
72301,"Hasenauer","Roded"
417464,"Shanbhogue","Valdiodio"
93937,"Eickenmeyer","Adin"
283808,"Georg","Yongqiao"
225515,"Herber","Jenwei"
64429,"Leslie","Maia"
265693,"Nitto","Giordano"
211260,"Chepyzhov","Masadi"
218337,"Rothenberg","Richara"
105020,"Aamodt","Mostafa"
220806,"Gulla","Guadalupe"
280734,"Masaki","Aris"
89187,"Merkl","Rosita"
258180,"Vendrig","Kitty"
92241,"Oaver","Zeydy"
471483,"Ozeki","Janalee"
261052,"Ertl","Takahito"
422164,"Ratnaker","Hugo"
297690,"Murtagh","Yuguang"
477005,"Prampolini","Berthier"
73618,"Tsukune","Kiyotoshi"
88023,"Erbe","Babette"
84861,"Pepe","Conor"
409511,"Sridhar","Roded"
203881,"Berztiss","Rance"
457714,"Pfau","Tomofumi"
453851,"Bednarek","Paloma"
64970,"Legleitner","IEEE"
276878,"Ravishankar","Yechiam"
99601,"Kropp","Susuma"
12349,"Denos","Yannik"
254596,"Denti","Heeju"
87315,"Gimarc","Jouko"
34787,"Christianini","Behnaam"
432274,"Peac","Jiang"
473185,"Granlund","Saddek"
475248,"Sinicrope","Shuho"
447621,"Picci","Jaber"
43343,"Tibblin","Abdulla"
408998,"Kuhnemann","Reinhold"
40230,"Thorensen","Mads"
200376,"Strehl","Chaitali"
424177,"Kulisch","Reinhold"
78615,"Zaumen","Christ"
89989,"Plump","Charmane"
243236,"Kisuki","Giordano"
212991,"Delgrande","Jovan"
89774,"Anandan","Adhemar"
456384,"Petersohn","Leszek"
436734,"McFarlan","Gay"
463173,"Uludag","Matt"
245730,"Terlouw","Tua"
23412,"Covnot","Reinhard"
425532,"Setia","Pohua"
10567,"Journel","Dietrich"
233840,"Varker","Demos"
248256,"Falby","Sajjan"
200559,"Soicher","Tesuro"
420276,"Pocchiola","Genki"
274694,"Shimshoni","Youssef"
19824,"Zykh","Kinh"
200469,"Lung","Jianhua"
60281,"Randi","Navid"
34226,"Siksek","Gilbert"
209260,"Ouhyoung","Maya"
101400,"Koyama","Domenick"
88371,"Vilarrasa","Gift"
212826,"Malabarba","Leucio"
82945,"Merle","Bodo"
432684,"Fairtlough","Otilia"
472392,"Masada","Uzi"
464284,"Henders","Huiqun"
225201,"Azevdeo","Aiman"
99546,"Lorys","Kazuhiro"
50748,"Danecki","Sigeru"
279397,"Karcich","Elvis"
467611,"Raczkowsky","Marla"
466265,"Hainaut","Jixiang"
91199,"Ligten","Tru"
79435,"Butner","Chinhyun"
224517,"Monkewich","Manton"
432935,"Speer","Luigi"
250998,"Emden","Takahiro"
212889,"Rahier","Yannik"
87687,"Pashtan","Noritoshi"
57894,"Azumi","Lein"
216306,"Bierbaum","Tadahiro"
63844,"Karcich","Tomoyuki"
445878,"Schurmann","Toshimori"
252985,"Ramsak","Giordano"
232488,"Cheshire","Fay"
222448,"Peral","Bader"
26559,"Ligten","Ewing"
11859,"Muhlberg","Ipke"
269723,"Andreotta","Sachem"
456684,"Geffroy","Tianruo"
86315,"Matzov","Dharmaraja"
254292,"Eppinger","Pranas"
222775,"Jayawardene","Bernd"
15064,"Comyn","Wilmer"
461102,"Bhattacharjee","Zengping"
430782,"Rando","Khue"
258614,"Sanella","Mizuhito"
474017,"Nitto","Jaihie"
10517,"Speek","Tiina"
52929,"Hofstetter","Rayond"
476997,"Gente","Bowen"
287249,"Gopalakrishnan","Richara"
267094,"Kaelbling","Ymte"
238179,"Thorelli","Soenke"
427119,"Greibach","Shounak"
77672,"Boissier","Ayonca"
33414,"Bruckman","Youngkon"
287429,"Oehlmann","Oscar"
424072,"Monkewich","Pramod"
280004,"Passino","Bikash"
104353,"Lunn","Leif"
299846,"Peck","Hsiangchu"
98373,"Luit","Uli"
416005,"DuCasse","Chenxi"
214623,"Wegerle","Genta"
456130,"Herath","Arch"
430382,"Dulin","Bangqing"
408005,"Binkley","Kristian"
82845,"Pouyioutas","Mayuri"
457532,"Kalafatis","Sanjoy"
274069,"Cichocki","Susanna"
232904,"Zuberek","Debaprosad"
72247,"Moffat","Tamiya"
406368,"Peot","Kiyokazu"
38233,"Cherinka","Guther"
219559,"Serna","Steen"
83435,"Fargier","Morris"
43516,"Giaccio","Marc"
461915,"Sambasivam","Alejandro"
418859,"Kushner","Tsz"
434168,"Alencar","Aiman"
67570,"Baig","Odysseas"
260605,"Morrin","Jiafu"
208687,"Rosin","Heejo"
289480,"Pelc","Siamak"
401290,"Kugler","Guttorm"
404734,"Mahnke","Tuval"
203116,"Nicolson","Bilhanan"
105685,"Melski","Hatim"
456224,"Vitiello","Halsur"
457553,"Marsiglia","Aemilian"
429505,"Wielonsky","Gina"
256000,"Lodder","Anestis"
98515,"Sambasivam","Dines"
90212,"Rahimi","JiYoung"
41311,"Perri","Bokyung"
476490,"Showalter","Sachem"
259464,"Perri","Tonia"
31042,"Velasco","Anwar"
456837,"Anily","Magy"
41742,"Servi","Pranay"
202263,"Melter","Anneke"
257098,"Ratnaker","Shounak"
46925,"Janetzko","Eran"
15053,"Raczkowsky","Shigeu"
476754,"Beutelspacher","Susanna"
253978,"Stroustrup","JoAnne"
240892,"Wiegley","Charlene"
49845,"Percebois","Alois"
24498,"Turnbull","Chinho"
57819,"Hellwagner","Wilmer"
72057,"Hiroyama","Sergi"
44325,"Gini","Bernt"
415942,"Wendorf","Ult"
250301,"Guenter","Radhakrishnan"
464396,"Cools","Weiru"
280512,"Trelles","Sumant"
418772,"Boudaillier","Dante"
215728,"Choobineh","Harjit"
471744,"Iisaku","Niteen"
230883,"Kawashima","Pradeep"
62997,"Cronau","Shigeaki"
287541,"Narlikar","Armond"
43107,"Verspoor","Tooru"
286659,"Ratnaker","Chiradeep"
274797,"Siochi","Masaki"
96028,"Rosay","Ewing"
474606,"Biros","Hsiangchu"
400972,"Lalonde","Chinho"
83345,"Orlowski","Persi"
455514,"Bierbaum","Rosita"
213469,"Hanabata","Tayeb"
287360,"Lindenbaum","Teruyuki"
96564,"Unno","Aria"
470188,"Callaway","Parto"
472388,"Senzako","Demos"
96877,"Rissanen","Mohit"
25837,"Bugrara","Yonghoan"
219764,"Remmele","Hidde"
258459,"Businaro","Hidekazu"
451673,"Schaap","Gor"
213443,"Syang","Sergi"
77596,"Schahn","Boguslaw"
25472,"Hettesheimer","Shrikanth"
272547,"Bain","Gina"
470086,"Marzano","Shao"
410403,"Skrikant","Abdelaziz"
236201,"Kitai","Izaskun"
244198,"Karner","Junichi"
439930,"Brandsma","Ennio"
219312,"Katalagarianos","Kien"
404931,"Alencar","Mara"
259524,"Rathonyi","Greger"
231225,"Kitai","Mona"
276800,"Remmele","Honglan"
35407,"Lorie","Shem"
17467,"Mikschl","Alagu"
73274,"Chaudhuri","Dinkar"
430226,"Radhakrishnan","Luisa"
47992,"Genin","Hairong"
421018,"Tokunaga","Shih"
53030,"Farrag","Aram"
207954,"Brobst","Zhigen"
253249,"Tiemann","Breannda"
43487,"Ducloy","Kristof"
276029,"Bresenham","Mikhail"
74657,"Talmon","Prodip"
287598,"Jiang","Bader"
88592,"Masada","Jiong"
58240,"Wursthorn","Tokuyasu"
233025,"Ulupinar","Jianhua"
40829,"Mitzlaff","Jianhui"
404237,"Plessier","Dietrich"
203763,"Nitta","Remzi"
442977,"Armand","Marlo"
287733,"Socorro","Shietung"
238980,"Perri","Arch"
451862,"Dredge","Mahmut"
225886,"Schonegge","Vatsa"
107936,"Walstra","Sugwoo"
73471,"McAlpine","Aron"
428328,"Terlouw","Laurentiu"
64753,"Swan","Shahid"
460335,"Sethi","Toney"
454834,"Unni","Teiji"
411605,"Ferriere","Xuedong"
93837,"Staelin","Susanta"
444621,"Hardjono","Persi"
85274,"Rosin","Maha"
81988,"Pews","Lene"
440583,"Ritzmann","Kazuhiro"
298502,"Perna","Lene"
108337,"Miara","Hyuckchul"
247220,"Miyakawa","Aimee"
445562,"Pietracaprina","Alair"
297347,"Heyers","Werner"
466921,"Pauthner","Diederik"
80314,"Irland","Feiyu"
437552,"Xiaoshan","Nitsan"
244718,"Stifter","Jasminko"
90358,"Smailagic","Satoru"
107260,"Tsukune","Wayne"
86461,"Coullard","Kristinn"
421294,"Kowalchuk","Abdulla"
223904,"Luft","Rasiah"
402266,"Liedekerke","Shim"
71922,"Chiola","Lihong"
289108,"Joslin","Georgi"
36118,"Camarinopoulos","Uwe"
90929,"Rattan","Leen"
475732,"Honiden","Claudi"
423924,"Simmel","Gill"
62568,"Asser","Sandeepan"
22259,"Whitcomb","Boutros"
105888,"Hutter","Sanjai"
46027,"Gaughan","Vatsa"
92097,"Gunderson","Boutros"
64205,"Luck","Arto"
468309,"Lichtman","Garnik"
252620,"Peral","Vishv"
205082,"Giveon","Adin"
235854,"Pietrzykowski","Eirik"
223947,"Rabehasaina","Xinyu"
72928,"Rosay","Xiahua"
26099,"Beerel","Kerryn"
454859,"Shihab","Wojceich"
72669,"Nations","Xuejia"
79618,"Lorcy","Jaihie"
64603,"Malinowski","Tsz"
281419,"Matteis","Shaowen"
104424,"Benner","Neelam"
100279,"Gustavson","Mingdong"
92520,"Passino","Berhard"
290349,"Comyn","Kazuyasu"
267826,"Goldhammer","Atreyi"
439407,"Azadmanesh","Sangeeta"
93453,"Covnot","Wanqing"
54497,"Erev","Adam"
267466,"Sluis","Uno"
290318,"Schlenzig","Lokesh"
245258,"Erol","Arra"
202057,"Christianini","Nahla"
77677,"Bennet","Tsvetan"
81515,"Flanders","Aron"
72101,"Barbanera","Guoxiang"
203207,"Anandan","Stepehn"
413780,"Iivonen","Bodo"
58158,"Miyakawa","Hidekazu"
16215,"Eiron","Duri"
31791,"Debuse","Saddek"
76713,"Alpin","Mitsuyuki"
214413,"Goodrum","Sungwon"
276046,"Hartvigsen","Sanjai"
454644,"Ecklund","Marla"
458884,"Kenevan","Takahira"
478222,"Gips","Mariangiola"
439326,"Ruther","Chandrasekaran"
63846,"Lorys","Morrie"
225166,"Lovengreen","Shuho"
450040,"Falby","Iara"
70923,"Broder","Shunichi"
424718,"Smeets","Petter"
248067,"Georg","Atreyi"
66961,"Albarhamtoshy","Lech"
282516,"Sudbeck","Saeko"
97907,"Luiz","Jongsuk"
46426,"Welham","Gina"
461703,"Raczkowsky","Toshimi"
28830,"Kinley","Kenton"
431252,"Stellhorn","Radhia"
233891,"Millington","Masaki"
270059,"Narwekar","Aral"
477246,"Zeilberger","Mara"
31871,"Merks","Constantijn"
230518,"Gilg","Katsuo"
276149,"Casperson","Rafael"
95328,"Junot","Denny"
223636,"Pocchiola","Khatoun"
65134,"Schlegelmilch","Theirry"
456245,"Hiyoshi","Lena"
109754,"Gini","Oldrich"
37347,"Fargier","Lech"
435307,"Baja","Hsiangchu"
29693,"Taubman","Sumant"
41821,"Shanbhogue","Owen"
13432,"Armand","Masadi"
457188,"Serna","Hironoby"
410167,"Taubman","Kousuke"
18174,"Bale","Uta"
282494,"Restivo","Freyja"
253505,"Peternell","Baruch"
78340,"Marsiglia","Arlette"
28537,"Luff","Keung"
414249,"Frijda","Jongsuk"
11144,"Heinisuo","Carrsten"
220379,"Veldwijk","Bikash"
277610,"Bierman","Aral"
270700,"Hinsberger","Duke"
107790,"Plump","Otilia"
426605,"Vural","Joydip"
270527,"Strandh","Hinrich"
79221,"Serna","Dharmaraja"
441273,"Bottner","Yunming"
246702,"Munke","Shounak"
223973,"Plessier","Zhiguo"
63329,"Schaaf","Mart"
233397,"Sundgren","Fay"
51165,"Anily","Kazuyasu"
269280,"Jonsson","Tremaine"
97465,"Gustavson","Claude"
42335,"Talmon","Rosalyn"
231134,"Janetzko","Duro"
289769,"Sichman","Genevieve"
266239,"Schaar","Henk"
416147,"Katalagarianos","Sudhanshu"
38731,"VanScheik","Ingmar"
208587,"Lubachevsky","Georgy"
42674,"Limongiello","Chaoyi"
280979,"Orsini","Remmert"
202103,"Savasere","Uli"
93255,"Wegerle","Mihalis"
405828,"Walston","Zissis"
65518,"Mahmud","Arlette"
260236,"Shiratori","Gennady"
268049,"Ferriere","Sivanarayana"
402645,"Thorensen","Deborah"
296709,"Kobuchi","Jianhua"
470565,"Stellhorn","Janalee"
253764,"Zedlitz","Sham"
476718,"Syrzycki","Babette"
471611,"Whitcomb","Hugo"
60270,"Angiulli","Souichi"
296325,"Keohane","Aemilian"
207714,"Swift","Denny"
451530,"Schlumberger","Xuedong"
230305,"Berstel","Mountaz"
419586,"Katiyar","Changho"
285135,"Peir","Matt"
53761,"Litzkow","Shooichi"
257421,"Rissanen","Mantis"
45255,"Rosar","Guangming"
16375,"Begiun","Zvonko"
289005,"Molberg","Ferdinand"
58757,"Dechter","Aria"
21849,"Jenevein","Krister"
473229,"Lundstrom","Valter"
474894,"Clemencon","Zhensheng"
252203,"Shihab","Guenter"
435999,"Kenevan","Jaques"
226857,"Calkin","Neelam"
76312,"Conte","Sanjai"
228591,"Petereit","Tristan"
36162,"Iisaku","Jaewon"
468884,"Cusworth","Marin"
61891,"Vesel","Nectarios"
453115,"Braunschweig","Fatemeh"
85243,"Matheson","Ronghao"
220323,"Hainaut","Tomoyuki"
88533,"Chaudhuri","Gritta"
286062,"Bail","Charmane"
223876,"Ramsay","Hsiangchu"
207216,"Chelton","Saddek"
89798,"Stiles","Phuoc"
216633,"Delgrande","Horward"
245332,"Vural","Subhrajyoti"
85471,"Nourani","Yolla"
210179,"Felder","Lokesh"
204701,"Bazzichi","Filipp"
474730,"Jiafu","Maren"
406028,"Linnainmaa","Sham"
257978,"DuBourdieux","Candido"
72306,"Luga","Alexius"
81451,"Khasidashvili","Guadalupe"
241965,"Kornatzky","Aimee"
36649,"Chorvat","Sachem"
459845,"Picht","Khedija"
20102,"Morton","Sarita"
295545,"Petersohn","Adin"
66011,"Zlotek","Zhenbing"
448821,"Bauknecht","Vitali"
36610,"Furedi","Girolamo"
428699,"Demri","Pranas"
62464,"Kohling","Toney"
96374,"Jenevein","Somnath"
50201,"Itzfeldt","Sachem"
55102,"Zhang","Masamitsu"
73487,"Khamsi","Subbu"
35493,"Bernardinello","Jaihie"
11519,"Chinen","Halsur"
466742,"Dalton","Shridhar"
59000,"Barvinok","Yuriy"
34295,"Awdeh","Subhada"
424495,"Negoita","Adil"
422397,"Schiettecatte","Gor"
229739,"Suessmith","Chinho"
67389,"Tanemo","Cullen"
436460,"Thorensen","Maha"
450143,"Benzaken","Goetz"
282600,"Jiang","Ewing"
88340,"Fiutem","Gad"
402663,"Raczkowsky","Toshiki"
18531,"Axelband","Jamaludin"
270975,"Geffroy","Lijia"
55933,"Kirkerud","Kristin"
289600,"Camarinopoulos","Yoshinari"
80910,"Terekhov","Oguz"
469591,"Borovoy","Morrie"
14865,"Serra","Ute"
10034,"Swan","Bader"
88591,"Lenart","Kwun"
475399,"Auria","Yahiko"
211430,"Gyimothy","Udo"
86843,"Mahnke","Changho"
431290,"Sambasivam","Toshimori"
22650,"Langford","Yannis"
21486,"Pettit","Ioana"
95997,"Mandelberg","Lidong"
29199,"Mondadori","Chaoyi"
436457,"Deville","Wilmer"
98352,"Erdi","Jianhua"
448998,"Bhattacharjee","Otilia"
92221,"Bednarek","Moie"
73103,"Norsworthy","Hironoby"
271630,"Peac","Fai"
75304,"Cangellaris","Jaques"
291483,"Gurbaxani","Prodip"
249248,"Rodite","Tadahiko"
28089,"Acton","Mahmut"
415184,"Valtorta","Tiina"
209014,"Suri","Tommaso"
435431,"Lieberherr","Ennio"
235225,"Binding","Aloke"
221160,"Rotem","Sailaja"
16153,"Cyre","Shir"
445142,"Chenney","Mingdong"
84728,"Whitcomb","Paloma"
402005,"Gewali","Youngkon"
31554,"Cochrane","Mitsuyuki"
281713,"Benaini","Saeed"
65907,"Akiyama","Elvia"
245025,"Msuda","Arun"
280502,"Foote","Wilmer"
411475,"Osgood","Bedir"
296941,"Lamma","Takahira"
17420,"Stamatiou","Jinpo"
405190,"Schwartzbauer","Nimmagadda"
457729,"Henseler","Aamer"
101161,"Berstel","Bader"
466740,"Feldhoffer","Oddvar"
411364,"Kavanagh","Ibibia"
468371,"Viele","Stamatina"
288063,"Ushiama","Miomir"
263529,"Theuretzbacher","Gudjon"
55084,"Erev","Hyuncheol"
456113,"Holburn","JoAnne"
286588,"Brodie","Angel"
435368,"Falco","Martine"
273314,"Khasidashvili","Cordelia"
74405,"Vecchi","Fai"
410255,"Anguita","Somnath"
294191,"Rodier","Subbu"
24089,"Karner","Zeydy"
450336,"Portugali","Mitsuyuki"
400917,"Garrabrants","Hauke"
281839,"Itschner","Domenico"
24164,"Sankaranarayanan","Eckart"
262238,"Bazelow","Kayoko"
238452,"Terlouw","Hilari"
93243,"Wegerle","Nidapan"
224210,"Birnbaum","Filipe"
289059,"Rosenbaum","Terresa"
264070,"Swan","Djelloul"
36998,"Maliniak","Phule"
408169,"Kakkar","Sajjan"
219688,"Matzov","Mitchel"
407643,"Alpay","Arunachalam"
258044,"Brookner","Yucai"
205563,"Ramamoorthy","Ewing"
438350,"Angiulli","Prodip"
213811,"Piveteau","Kolar"
214411,"Petereit","Gal"
297823,"Menhoudj","Amalendu"
218065,"Qiwen","Ronnie"
65175,"Coombs","Uma"
94746,"Eiter","Thodoros"
246451,"Marquardt","Arvind"
421562,"Sommen","Hironoby"
465790,"Suomi","Masaru"
417725,"Emmart","Janalee"
85868,"Bouloucos","Shaw"
423251,"Zolotykh","Maia"
56713,"Conde","Fumitaka"
83810,"Plump","Khosrow"
268487,"Kaelbling","Gay"
464138,"Flowers","Hiroyasu"
42121,"Auria","Tran"
18701,"Ratnakar","Mori"
93960,"Seghrouchni","Xianlong"
89976,"Peres","Marke"
203953,"Pokrovskii","Lucian"
476968,"Wallrath","Shaleah"
222123,"Karcich","Freyja"
460287,"Luff","Younwoo"
227651,"Szemeredi","Oksana"
28651,"Kieras","Lenore"
465034,"Socorro","Sven"
208508,"Bolsens","Olivera"
56599,"Hooghiemstra","Hugh"
233473,"Denna","Ioana"
33291,"Fetvedt","Adas"
439133,"Servieres","Nikolaos"
68725,"Siegrist","Xinyu"
27858,"Puppe","Matt"
432320,"Bridgland","Luise"
410772,"Strandh","Terresa"
413629,"Aingworth","Kasturi"
413402,"Christ","Nechama"
244698,"Henders","Apostol"
27495,"Beausoleil","Shuji"
245301,"Uhrig","Wonhee"
215779,"Schaaf","Jaber"
260920,"Highland","Irena"
226782,"Beerel","Jaber"
24334,"Brookman","Zhilian"
96585,"Cannard","Shuichi"
472346,"Coorg","Subhada"
56948,"Matzen","Shmuel"
453331,"Condotta","Mostafa"
71816,"Leslie","Ziyad"
444208,"Cesareni","Irena"
201151,"Tyugu","Chaosheng"
47965,"Remmers","Kotesh"
96322,"Veldwijk","Sadok"
465702,"Plump","Kayoko"
228449,"Kushnir","Pascal"
469899,"Streng","Make"
259189,"Luan","Jacopo"
48664,"Vickson","Steve"
294946,"Swab","Satoru"
286801,"Veeraraghavan","Bader"
444192,"Hambrick","Seshu"
76903,"Preusig","Fox"
12294,"Heydon","Arch"
40572,"Porotnikoff","Felicidad"
415545,"Merel","Owen"
282716,"Liedekerke","Tonny"
258806,"Peroz","Aral"
479577,"Pocchiola","Aleksandar"
432228,"Parveen","Teruyuki"
94375,"Schauser","Sibyl"
35686,"Crouzet","Nectarios"
439286,"Tyugu","Brigham"
262560,"Nyanchama","Paloma"
437400,"Yeung","Yakichi"
479413,"Ozery","Shan"
409153,"Backhouse","Arie"
278965,"Delaune","Shridhar"
108537,"Pearson","Nigel"
29894,"Waleschkowski","Arco"
232773,"Morrin","Bodo"
466512,"Oxman","Carrsten"
403864,"Siksek","Abdelghani"
14071,"Manderick","Tristan"
247474,"Wilfing","Hisao"
87129,"Neiman","Keung"
412511,"Angelov","Abdulah"
60753,"Krybus","Kazuyasu"
220056,"Maksimenko","Ugo"
86706,"Kinley","Mariusz"
98569,"Ravishankar","Insup"
52797,"Suri","Otmar"
108673,"Perry","Along"
413054,"Haldar","Panayotis"
281569,"Farrar","Adil"
236686,"Angelov","Palash"
21969,"Middleton","Takahito"
432192,"Ruemmler","Shridhar"
30153,"Tischendorf","Shirish"
401107,"Cronin","Seongbin"
299652,"Luke","Rosalyn"
280486,"Heijenga","Barry"
263486,"Pargaonkar","Gita"
271119,"Henders","Kayoko"
237942,"Siprelle","Moie"
203077,"Stentiford","Kensyu"
65978,"Chaudhuri","Fay"
441996,"Foote","Janche"
245827,"Burnard","Laurentiu"
34562,"Muhlberg","Doohun"
436467,"Edelhoff","Rafael"
438619,"Sichman","Chiranjit"
437826,"Giarratana","Emdad"
52706,"Litvinov","Moheb"
231684,"DeMori","Heeju"
34789,"Khalil","Francoise"
266858,"Murrill","Yuqun"
43480,"Anandan","Arco"
442511,"Gunderson","Huican"
421693,"Ligten","Krisda"
421211,"Nishimukai","Parviz"
74151,"Bahl","Munehiro"
464458,"Perry","Goo"
209710,"Rissanen","Jaana"
230550,"Vitiello","Jessie"
72324,"Curless","Ottavia"
216344,"Orlowski","Tse"
42691,"Piveteau","Yongdong"
66539,"Birnbaum","Shih"
437943,"Hiltgen","Richara"
82145,"Pagter","Zhongwei"
44856,"Seuren","Amabile"
95004,"Lorcy","Xuejun"
460500,"Neimat","Dines"
418799,"Kakkar","Uzi"
292692,"Zhiwei","Teunis"
441344,"Keustermans","Roselyn"
77477,"Ozeki","Percy"
265285,"Kuhnemann","Pranav"
88907,"Heuter","Constantine"
281564,"Majewski","Luise"
478363,"Provine","Maris"
434872,"Reinhart","Tokuyasu"
247998,"Bharadwaj","Matk"
440893,"Roisin","Kwan"
209440,"Servieres","Boalin"
96700,"Panwar","Amstein"
46097,"Kitai","Jiafu"
42722,"Nitsche","Hatem"
21031,"Melski","Margo"
98441,"Reutenauer","Martins"
262631,"Egerstedt","Sverrir"
220544,"Chenoweth","Sadun"
203660,"Olivero","Kasturi"
100762,"Serot","Divine"
88152,"Vanwelkenhuysen","Jinya"
90329,"Renear","Palash"
56570,"Dredge","Kazuhiko"
56343,"Bahi","Karlis"
54277,"Pettit","Phule"
205807,"Acton","Heon"
65787,"Merle","Marek"
21450,"Strehl","Shuji"
272847,"Theuretzbacher","Chinhyun"
409968,"Zallocco","Frazer"
223445,"Thimonier","Fumiyo"
470773,"Krichel","Vasilis"
422868,"Kugler","Fumino"
88472,"Conde","Margareta"
228723,"Paludetto","Garnik"
472742,"Waeselynck","Jinya"
441479,"Hofstetter","Elrique"
258219,"Picht","Masaki"
465547,"Alpin","Bernice"
403907,"Pleszkun","Ashish"
204035,"Plesums","Luigi"
31006,"Pell","Serap"
247989,"Broomell","Xiaobin"
25126,"Ressouche","Weiye"
413401,"Cincotta","Baoqiu"
481360,"Schlenzig","Jaewoo"
449343,"Eickenmeyer","Karoline"
445626,"Lanphier","Satoru"
43710,"Merey","Christfried"
431684,"Setlzner","Nishit"
69255,"Karnin","Siamak"
475520,"Rosch","Renee"
425501,"Alameldin","Manton"
407602,"Ponthieu","Seshu"
205148,"Lunn","Gurbir"
246605,"Lieblein","Jeane"
415248,"Hennebert","Greger"
254064,"Baik","Yishai"
215147,"Luon","Hironoby"
470401,"Roohalamini","Inderjeet"
454930,"Sigstam","Chanjung"
269168,"Passino","Mariusz"
452986,"Kobara","Xiping"
258461,"Gopalakrishnan","Arno"
216365,"Feinberg","Paraskevi"
211862,"Kavanagh","Arvin"
204469,"Cmelik","Ramya"
46041,"Rullman","Sachio"
296429,"Frolund","Theron"
250731,"Driscoll","Ekawit"
468267,"Mitzlaff","Michaela"
107540,"Soloway","Jaques"
50094,"Sudkamp","Ghassan"
32195,"Zaumen","Ziva"
469938,"Stroustrup","Martial"
438154,"Kenevan","Karsten"
272670,"Schmittgen","Shigeichiro"
13808,"Stentiford","Becky"
408512,"Rajcani","Ferdinand"
463423,"Gimarc","Byong"
60518,"Biran","Ziya"
99526,"Hashii","Arne"
11664,"Brizzi","Oksana"
470777,"Standera","Ung"
82936,"Uludag","Pintsang"
218370,"Oskamp","Breannda"
202605,"Merel","Hercules"
288160,"Schlegelmilch","Tzvetan"
257418,"Baar","Nagui"
298676,"Bernini","Marjo"
264981,"Godskesen","Yoshimitsu"
202492,"Kornatzky","Nobuyoshi"
280769,"Schreiter","Juichirou"
284442,"Stellhorn","Lokesh"
295189,"Gruenwald","Huei"
424178,"Siksek","Gaetan"
40806,"Bratten","Utz"
24388,"Milicic","Zhilian"
56314,"Morrey","Bowen"
75592,"Borstler","Gretta"
243988,"Vesna","JiYoung"
258959,"Molberg","Gaetan"
415842,"Mapelli","Jeanne"
54627,"Kusakari","Parke"
12098,"Eugenio","Pranay"
204176,"Ciolek","Ziyad"
47678,"Armand","Atilio"
92922,"Eiter","Aluzio"
79304,"Kavraki","Gino"
64861,"Strandh","Xinan"
79257,"Milicic","Herbert"
73883,"Comellas","Lihong"
443260,"Peroz","Khue"
466687,"Hofstetter","Sachio"
468491,"Makrucki","Kristinn"
402750,"Hofmeyr","Youjian"
98587,"Peyn","Renee"
442217,"Sommer","Junichi"
426625,"Gente","Tayeb"
105187,"Rothenberg","Serenella"
92721,"Kobara","Otmar"
459774,"Matzat","Ortrun"
43651,"Fontet","Sukumar"
108420,"Pietrzykowski","Baruch"
200146,"Coors","Izaskun"
14842,"Godskesen","Anneke"
445393,"Rosca","Parto"
229769,"Munke","Yechiam"
90645,"Dulin","Luisa"
434098,"Kuzuoka","Martien"
465913,"Coors","Jixiang"
477047,"Peris","Nevin"
245719,"Lowrie","Ayonca"
447562,"Dichev","Fen"
481322,"Hettesheimer","Salvador"
248500,"Rajaraman","Kokou"
413607,"Magalhaes","Radhia"
232807,"Luca","Pranjal"
10291,"Seghrouchni","Dipayan"
73416,"Karnin","Tzu"
248899,"Oberman","Sanjit"
58754,"Parveen","Shaowei"
284335,"Zaiane","Xuedong"
283659,"Perna","Vasilis"
437284,"Worfolk","Hausi"
439778,"Ouhyoung","Xinyu"
49006,"Rosay","Ashish"
102488,"Lambe","Zeljko"
245627,"Biron","Zhaofang"
222783,"Conte","Takahira"
226151,"Basart","Evgueni"
103561,"Reinhart","Branimir"
26681,"Rodier","Abdulla"
25259,"Merey","Shin"
291683,"Masand","Denny"
104656,"Walston","Margo"
12974,"Frolund","Gift"
277233,"Jeong","Alain"
40639,"Schnabel","Goo"
37601,"Naumovich","Gilbert"
234784,"Pettey","Gererd"
415628,"Cappelli","Akhilish"
458389,"Kroha","Khosrow"
269284,"Kamber","Sampalli"
58416,"Plavsic","Zeydy"
84070,"Vuskovic","Martins"
244142,"Hanabata","Honesty"
455246,"Pavlopoulou","Guttorm"
51163,"Strehl","Bilhanan"
221210,"Thambidurai","Radoslaw"
453640,"Kolinko","Suebskul"
264496,"Delgrossi","Akeno"
249096,"Falster","Qiwen"
214970,"Belinskaya","Arfst"
442495,"Rande","Ipke"
227451,"Schoegge","Kristen"
459146,"Moffat","Kellie"
425096,"Nastansky","Leandro"
212682,"Roohalamini","Hyuncheol"
51635,"Figueira","Seongbae"
204111,"Roisin","Heather"
476962,"Stranks","Guiseppe"
54538,"Lienhardt","Irene"
260161,"Maksimenko","Hironobu"
43280,"Waterhouse","Sanjit"
24397,"Shimshoni","Shaibal"
461196,"Kinley","Huan"
439874,"Georg","Berna"
424033,"Cooke","Jamaludin"
236012,"dAstous","Branimir"
99421,"Tchuente","Jayson"
475511,"Gluchowski","Rosalie"
12781,"Belinskaya","Bogdan"
219531,"Brender","Changho"
409801,"Pelz","Gopalakrishnan"
29523,"Heusch","Roselyn"
474214,"Chachaty","Masasuke"
51129,"Guting","Divier"
440327,"Plumb","Garnik"
402864,"Kaminger","Adin"
220913,"Goldhammer","Nahid"
262013,"Puppo","Supot"
66827,"Fetvedt","Reinhard"
278731,"Itzfeldt","Kasturi"
207234,"Servi","Akeel"
286333,"Ushiama","Weiru"
275904,"Comte","Chaoyi"
419191,"Zeilberger","King"
255549,"Penttonen","Udi"
21524,"Demizu","Kayoko"
462668,"Jenevein","Bedrich"
460793,"Diderrich","Sarita"
50889,"Cronan","Taisook"
12964,"Bennis","Hidefumi"
270045,"Randt","Tetsushi"
66888,"Alpay","Elvia"
245644,"Rosca","Irene"
225769,"Katalagarianos","Ashish"
278527,"Lorys","Perry"
104955,"Detkin","Magy"
471821,"Bergere","Moty"
106431,"Barreiro","Danil"
437119,"Muhlberg","Gaurav"
230778,"Braunschweig","Kazuhide"
201376,"Swiss","Shuky"
28412,"Karnin","Xinyu"
444849,"Encarnacion","Gritta"
256153,"Penz","Danil"
252225,"Callaway","Malu"
445993,"Strooper","Vatsa"
262351,"Heydon","Gor"
404983,"Rosti","Guadalupe"
480342,"Prampolini","Xuejun"
224416,"Ratnakar","Junichi"
73189,"Erdmenger","Garnik"
445447,"Szmurlo","Joydip"
84219,"Vuskovic","DeForest"
450913,"Alpin","Carrsten"
245227,"Marshall","Mabhin"
417019,"Cherinka","Moss"
296736,"Remmers","Holgard"
222493,"Setlzner","Kauko"
213774,"Heiserman","Ranga"
229755,"Poupard","Mori"
57318,"Pulkowski","Arie"
24500,"Falster","Marsja"
28824,"Kavvadias","Aloke"
35862,"Laventhal","Srinidhi"
428116,"Szemeredi","Tse"
295838,"Ritcey","Bartek"
81247,"Demri","DeForest"
201315,"Sankaranarayanan","Iara"
409109,"Parfitt","Xuedong"
200018,"Butner","Adit"
21081,"Rouquie","Magy"
250465,"Schaft","Chanjung"
480804,"Baez","Piyush"
250376,"Leijenhorst","Boutros"
227630,"Cichocki","Djenana"
262773,"Rossi","Gill"
104340,"Hofmeyr","Saeed"
260001,"Conte","Yifei"
205505,"Perelgut","Byong"
440260,"Pepe","Kazuhira"
56488,"Cherinka","Tze"
274012,"Ramaiah","Clyde"
444744,"Farrar","Weijing"
444581,"Provine","Souichi"
404832,"Schmiedel","Oscal"
77916,"Beetstra","Suvo"
51722,"Mattern","Giap"
38944,"Oskamp","Honglan"
430378,"Yemenis","Sumant"
269928,"Champarnaud","Kokou"
40739,"Itzfeldt","Kazuhiko"
30455,"Jeansoulin","Serap"
431930,"Schapiro","Jaques"
78568,"Rosis","Masako"
283462,"Menyhert","Shiv"
474770,"Schaad","Mabry"
299634,"Frezza","Freyja"
217784,"Vandervoorde","Kerhong"
24711,"Melton","Gritta"
435594,"Ravishankar","Hugo"
47657,"Vigier","Ayonca"
56067,"Lammel","Tse"
77516,"Borstler","Khalil"
69770,"Swen","Gennady"
436378,"Klyachko","Goh"
69021,"Suwa","Hironoby"
273391,"Zongker","Dannz"
54546,"Lodder","Shuichi"
33607,"Thiria","Niclas"
462415,"Giaccio","Ulf"
407601,"Ghelli","Hyuncheol"
70922,"Rande","Eberhardt"
442556,"Niizuma","Anneli"
283713,"Renear","Arumugam"
281100,"Marchegay","Kazuhisa"
76873,"Thebaut","Rosita"
63785,"Stassinopoulos","Larisa"
416677,"Pell","Brewster"
276092,"Michaels","Marsha"
35961,"McClurg","Kwok"
460722,"Gecsei","Zhenhua"
52905,"Felcyn","Kirk"
216857,"Otillio","Christoph"
298108,"Dusink","Bodh"
81480,"Levasseur","Tetsurou"
25276,"Leijenhorst","Sachio"
265005,"Mersereau","Miyeon"
108355,"Middleton","Heeju"
296016,"Munoz","Ayakannu"
285856,"Griswold","Conor"
237361,"Kopetz","Baocai"
105452,"Welham","Juyoung"
67809,"Kragelund","Arlette"
74290,"Menhardt","Geoffrey"
58401,"Garrabrants","Jiang"
68507,"Picht","TRUE"
30497,"Pettis","Youjian"
10151,"Lichtner","Itzchak"
274801,"DuCasse","Fumiko"
204771,"Picaronny","Niclas"
405584,"Danner","Tomofumi"
31366,"Mitzlaff","Giri"
72685,"Pietracaprina","Toshimori"
106999,"Hambrick","Marit"
63808,"Bojadziev","Marlo"
237875,"Nicolson","Muneo"
453009,"Vitiello","Annemarie"
431833,"Bahk","Flemming"
282864,"Monarch","Baziley"
13243,"Huxford","Fay"
207883,"Zongker","Ioana"
419595,"Dichev","Roselyn"
474963,"Curless","Manibrata"
247860,"Ruther","Inderjeet"
54920,"Lally","Shrikanth"
43855,"Pell","Luigi"
290611,"Baer","Kiyokazu"
244609,"Axelband","Charlene"
60184,"Vakili","Miquel"
477822,"Alblas","Angel"
290096,"Reghbati","Dmitri"
35987,"Bala","Wuxu"
33200,"Baar","Mariusz"
458654,"Choobineh","Shmuel"
69753,"Gustavson","Rasiah"
70324,"Clouatre","Phuoc"
295642,"Zolotykh","Vitaly"
280317,"Peng","Mats"
401612,"Henseler","Owen"
216267,"Reistad","Toshimitsu"
269891,"Poujol","Suvo"
464209,"Pell","Premal"
272041,"Gimarc","Younwoo"
260452,"Perin","Tze"
450025,"Marrevee","Dharmaraja"
270878,"Baaleh","Serap"
281520,"Wrigley","Jeanna"
26913,"Bernatsky","Kiam"
294009,"Khasidashvili","Parke"
253288,"Vendrig","Maya"
411252,"Stafford","Gaetan"
51062,"Narlikar","Werner"
96033,"Bottner","Xianlong"
283428,"Peot","Ramachenga"
80158,"Lamma","Nalini"
400515,"Panwar","Sudhanshu"
255803,"McClurg","Taegyun"
414892,"Schmiedel","Felicidad"
101333,"Braunschweig","Along"
96435,"Renear","Barton"
421365,"Anguita","Baruch"
71246,"Paludetto","Toshimitsu"
415600,"Suri","Shaw"
252372,"Conti","Hidekazu"
104449,"Denna","Wonhee"
76270,"Ferretti","Temple"
16960,"Ratnaker","Paddy"
210677,"Oehlmann","Gor"
102588,"Iwayama","Mong"
209397,"Paludetto","Sahrah"
418994,"Perri","Sachio"
445236,"Kemmerer","Bernd"
441032,"Vanwelkenhuysen","Shay"
236116,"Borovoy","Vasilis"
85931,"Rosay","Hilary"
23285,"Bach","Mats"
263226,"McDermid","Qiwen"
85393,"Gide","Toong"
456269,"Fontan","Sastry"
470643,"Kawashimo","Patricia"
285988,"Back","Perla"
299132,"Koyama","Uri"
405888,"Alpay","Leucio"
406577,"Rosen","Weicheng"
255257,"Bernatsky","Somnath"
226988,"Riefers","Kazuyasu"
458540,"Luga","Nobuyoshi"
404192,"Petersohn","Leandro"
248544,"Murrill","Basim"
466373,"Lichtner","Monique"
235846,"Emmerich","Anneke"
93879,"Paciorek","Marsha"
256772,"Malinowski","Hiroyasu"
239890,"Lung","Chuanyi"
76875,"Lindenbaum","Jinya"
95814,"Dulli","Hidefumi"
50497,"Yetim","Zsolt"
16893,"Dratva","Tomoyuki"
471722,"Rathonyi","Urs"
454402,"Capobianchi","Martine"
254705,"Khamsi","Remzi"
243994,"Krybus","Thanasis"
41185,"Panienski","Florian"
424551,"Warwick","Dekang"
432311,"Peres","Filipe"
479946,"Simkin","Pantung"
462145,"Thimonier","Gurbir"
434241,"Mattern","Janche"
480460,"Isaak","Bernice"
421683,"Heystek","Khalil"
273997,"Braunschweig","Yechiam"
225571,"Serre","Xinyu"
295466,"Marrakchi","Joydip"
452690,"Hempstead","Maia"
247503,"Setia","Jeong"
438069,"Naudin","Jiafu"
15533,"Gien","Gift"
14597,"Ritcey","Aloke"
237089,"Benaini","Gully"
230392,"Erev","Petter"
65805,"Manderick","Christoph"
422444,"Mahnke","Bogdan"
70515,"Carrere","Wanqing"
295662,"Beznosov","Kirk"
82168,"Bellone","Leah"
253824,"Khalil","Bodh"
203532,"Schusler","Rosalyn"
26921,"Worfolk","Shin"
11049,"Apsitis","Gift"
400461,"Krohn","Xudong"
59971,"Broder","Stein"
442079,"Pardalos","Masato"
422477,"Piveteau","Phule"
407042,"Wiegley","Mong"
409138,"Miara","Abdulla"
63730,"Pollacia","Mabhin"
58113,"Plumb","Sanjeeva"
464726,"Przulj","Zita"
430603,"Conry","Yongqiao"
456995,"Attimonelli","Souichi"
282866,"Irland","IEEE"
251404,"Schapire","Ipke"
464382,"Brender","Mohamadou"
452654,"Moffat","Arnould"
71615,"Hmelo","Zijian"
54723,"Bellmore","Shay"
439755,"Showalter","Bernt"
250556,"Guting","Zito"
49085,"Mitchem","Isaac"
215677,"Krychniak","Henk"
100081,"Kleiser","Christoper"
422187,"Fendler","Dinkar"
62240,"Hertweck","Jouko"
41137,"Buchter","Bikash"
88157,"Beilner","Aimee"
472068,"Farrel","Pranay"
287071,"Breugel","Zito"
267889,"Adachi","Francesca"
41945,"Luan","Unal"
216758,"Driscoll","Aleksandar"
443082,"Morrey","Bluma"
426428,"Bierbaum","Aloke"
233704,"Baby","Bluma"
471475,"Swab","Subhash"
464661,"Garnham","Moriyoshi"
88390,"Goldhammer","Ranga"
411095,"Mundy","Basant"
42322,"Kemmerer","Anestis"
74288,"Masada","Ramzi"
235271,"Azuma","Gregory"
229197,"Beilner","Adit"
217058,"Hartvigsen","Yakichi"
424029,"Plesums","Yoshimitsu"
52088,"Collette","Sreekrishna"
459663,"Hiyoshi","Yongdong"
264783,"Kawashima","Florina"
71409,"Gerteisen","Narain"
292689,"Matteis","Hideo"
269831,"Butner","Perry"
95281,"Savasere","Kensyu"
213640,"Botman","Moss"
89154,"Isaak","Dietrich"
476981,"Hammerschmidt","Ramya"
479311,"Birch","Eben"
447766,"Takkinen","Goetz"
443311,"Eickenmeyer","Cordelia"
23605,"Clouatre","Arif"
291317,"Gniady","Lenore"
248319,"Wuwongse","Caolyn"
257623,"Validov","Becky"
222355,"Tetzlaff","Abdulla"
461985,"Terkki","Joydip"
406066,"Hatcliff","Adamantios"
14359,"Leslie","Henk"
445464,"Condotta","Mohua"
215160,"Dulin","Anoosh"
87557,"Gniady","Mohua"
32323,"Perri","Bowen"
107873,"Tsunoo","Nathan"
41858,"Schieder","Alair"
30129,"Debuse","Jiakeng"
426188,"Rosay","Danae"
293661,"Takkinen","Oldrich"
272606,"DuBourdieux","Poorav"
236583,"Malabarba","Jordanka"
66414,"Leuchs","Xiaoshan"
42040,"Nitsch","Seshu"
34842,"Chinal","Jolita"
218795,"Michaeli","Adin"
33193,"Radhakrishnan","Aiman"
218984,"Shimshoni","Kristen"
297567,"Alencar","Houman"
284184,"Pero","Sahrah"
457422,"Fasbender","Dung"
73006,"Schiper","Shiv"
242775,"Iisaku","Chinya"
43450,"Nollmann","Halsur"
431591,"Rullman","Heon"
73199,"Gecsei","Vitaly"
271466,"Veevers","Uta"
275251,"Shackel","Olivera"
254405,"Shokrollahi","Kankanahalli"
46113,"Linares","Lech"
31467,"Thebaut","Ramya"
49735,"Rodham","Sachio"
58998,"Gecseg","Apostol"
63538,"Mahmud","Oscal"
15030,"Nourani","Rasikan"
108426,"Markovitch","Susumu"
215237,"Frijda","Padma"
60191,"Gire","Mahmut"
292045,"Pargas","Peternela"
49345,"Larfeldt","Idoia"
423465,"Swen","Guangming"
481649,"Garrabrants","Deniz"
424665,"Vecchi","Hidde"
287913,"Noriega","Abdelaziz"
291119,"Huxford","Bernice"
31028,"Schmiedel","Luisa"
281894,"Greenaway","Pragnesh"
412998,"Krohm","Taizo"
231911,"Sury","Lucien"
243165,"Ballarin","Brewster"
57007,"Halloran","Ramya"
52444,"Serna","Tiina"
29807,"Peltason","Kazuhiko"
428606,"Suomi","Kayoko"
213525,"Hellwagner","Kamran"
72573,"Iacovou","Serif"
109222,"Mukaidono","Ferdinand"
251889,"Ebeling","Turgut"
257990,"Casley","Arun"
404974,"Christ","Pragnesh"
291512,"Schlegelmilch","Chandrasekaran"
253983,"Pelc","Make"
461646,"Henseler","Sadegh"
218638,"Kobuchi","Geraldo"
95240,"Peroz","Kokou"
55828,"Tetzlaff","Jaques"
269201,"Thiran","Houman"
439533,"Bage","Kerryn"
289068,"Rousseau","Arvind"
290403,"Riefers","Kazuhira"
405498,"Comellas","Takahiro"
101099,"Bonifati","Domenick"
78544,"Ariola","Tayeb"
445880,"Narwekar","Fei"
54978,"Godskesen","Aloys"
89188,"Thisen","Gudjon"
461271,"Erva","Constantijn"
263071,"Constantine","Hideo"
293220,"Wolniewicz","Udaiprakash"
433657,"Prampolini","Marko"
431711,"Collette","Heon"
268744,"Selenyi","Etsuo"
54890,"Ramalingam","Moheb"
209815,"Kornyak","Bader"
98251,"Mukaidono","Branimir"
61315,"Kalloufi","Kwun"
76685,"Orlowski","Shahar"
76667,"Puppe","Luisa"
57003,"Azulay","Mani"
420544,"Detkin","Fumiya"
61816,"Rebaine","Aleksandar"
238354,"Shackell","Shai"
239813,"Serna","Utpal"
26901,"Besancenot","Marsja"
454924,"Veeraraghavan","Alselm"
404145,"Danley","Masako"
250164,"Kambil","Josyula"
463462,"Azumi","Divine"
211970,"Claffy","Parviz"
14607,"Selvestrel","Suzette"
479769,"Selenyi","Theron"
448824,"Budinsky","Marke"
85307,"Hiyoshi","Anestis"
415477,"Cronau","Serap"
259728,"Ranum","Uwe"
243039,"Smeets","DeForest"
238949,"Cronin","Minghong"
49986,"Pettey","Rosalie"
473895,"Wursthorn","Hongzhu"
463421,"Kroha","Zhensheng"
470522,"Schapire","Shigeo"
245402,"Kropp","Dinkar"
44070,"Onuegbe","Luerbio"
425344,"Nanard","Christ"
235699,"Marzano","Genta"
24233,"Rosiles","Gen"
272864,"Hellwagner","Jiong"
285795,"Benantar","Apostol"
242399,"Cochrane","Hyuncheol"
77912,"Luit","Mong"
405290,"Eldridge","Youjian"
438708,"Terkki","Hilari"
41394,"Simkin","Koldo"
14181,"Gecsel","Persi"
247161,"Schwaller","Janche"
210916,"Rohrbach","Fen"
447360,"Bressoud","Tuval"
472414,"Anick","Aamod"
274424,"Erol","Mansur"
58015,"Lally","Shunichi"
405444,"Penz","Barton"
40513,"Callaway","Franziska"
97679,"Sethi","Lansing"
267343,"Birch","Kankanahalli"
237280,"Peris","Vatsa"
248293,"Vanwelkenhuysen","Bedir"
67457,"Ghemri","Bartek"
403196,"Leuchs","Kristinn"
224026,"Prampolini","Hercules"
15709,"Aloisi","Lena"
61662,"Serot","Weiru"
34186,"Penttonen","Shigehito"
93028,"Chinin","Claudi"
275795,"Broder","Fuqing"
14783,"Fasbender","Gennadi"
202155,"Bage","Zejun"
211706,"Spell","Garnet"
10537,"Benzmuller","Stella"
404947,"Gulak","Boriana"
265561,"Trelles","Yinghua"
76480,"Klassen","Kazuhisa"
26387,"Chaudhury","Domenico"
413240,"Vilarrasa","Yuguang"
429838,"Barvinok","Marko"
251384,"Cmelik","Sreekrishna"
464228,"Lagarias","Hisao"
82229,"Fairtlough","Gilbert"
39315,"Ranka","Rayond"
259617,"Trelles","Chenyi"
229190,"Jansch","Saeed"
245065,"Rosar","Ioana"
20092,"Smailagic","Unal"
279423,"Mitzlaff","Sadok"
441141,"Tsunoo","Tadanori"
477685,"Keohane","Ymte"
250814,"Herbst","Heeju"
248816,"Vigier","Shin"
215756,"Lagarias","Yurii"
88807,"Angel","Kristine"
427910,"Cincotta","Kiyokazu"
417382,"Copas","Lalit"
264439,"Baig","Munehiro"
200658,"Gire","Nathan"
477255,"Juneja","Serenella"
103823,"Angelov","Jolita"
423498,"Brickell","Chaitali"
455028,"Hasham","JoAnne"
433123,"Weedon","Xumin"
409979,"Leonhardt","Ortrud"
90492,"Hartvigsen","Hitomi"
259320,"Garnick","Uzi"
98249,"Bugaenko","Jenwei"
42391,"Haumacher","Wojceich"
109994,"Takkinen","Guangming"
14176,"Thiran","Seshu"
276474,"Baba","Arunachalam"
247036,"Pepe","Ekawit"
422490,"Plavsic","Oddvar"
233021,"Isaac","Basim"
420684,"Percebois","Stein"
238204,"Plessier","Yuguang"
15011,"Isard","Felicidad"
56203,"Baranowski","Divier"
70262,"Masaki","Adel"
17801,"Alvarado","Taegyun"
472002,"Percebois","Denis"
108764,"Mawatari","Kagan"
226663,"Rotem","Nalini"
412026,"Jiang","Yishay"
225108,"Shumilov","Gil"
212033,"Prochazka","Guther"
435337,"Panienski","Masamitsu"
212146,"Radivojevic","Charlene"
216424,"Merlo","Mikhail"
41344,"Kinley","Marin"
293188,"Morrey","Waiman"
228821,"Denna","Shigeu"
61807,"Hennings","Marsha"
418482,"Cincotta","Arto"
45692,"Malabarba","Lucien"
295736,"Cooley","Radhakrishnan"
442245,"Ernst","Godehard"
230040,"Cannane","Sergi"
429253,"Chvatal","Candida"
237442,"Ponthieu","Susanne"
36417,"Albarhamtoshy","Aamod"
463644,"Schneeberger","Zorica"
24869,"Puppe","Yechiam"
276451,"Riefers","Xiaoqiu"
456432,"Coullard","Otilia"
265523,"Daescu","Koldo"
454359,"Ranon","Honesty"
280871,"Cronin","Khue"
93576,"Thorensen","Xuedong"
246296,"Assaf","Guadalupe"
468130,"Siksek","Marit"
407494,"Dratva","Bingning"
80703,"Nitsche","Randy"
426338,"Rindone","Gao"
217215,"Unni","Idoia"
48175,"Xiaoshan","Margo"
24078,"Einsfeld","Sachem"
204679,"Marchegay","Masaru"
205902,"Bodoff","Susumu"
101785,"Katalagarianos","Noritoshi"
417704,"Erdmenger","Sajjad"
466198,"Werthner","Franziska"
276644,"Fasbender","Iara"
477510,"Demizu","Atreyi"
240732,"Chandrasekhar","Jongsuk"
82399,"Rouquie","Turgut"
61307,"Gniady","Yucai"
58886,"Perez","Franziska"
74876,"Rahimi","Mechthild"
227142,"Mayerwieser","Gita"
10320,"Stasinski","Uinam"
289707,"Gammage","Xiahua"
39229,"DuBourdieux","Tomokazu"
204942,"Nitto","Berthier"
18297,"Nastansky","Guther"
451660,"Egerstedt","Collette"
52012,"Bojadziev","Arunachalam"
282339,"Lung","Shahaf"
73683,"Covnot","Mansur"
420573,"Maliniak","Ger"
68031,"Candan","Guoxiang"
11056,"Speel","Palash"
229136,"Sinitsyn","Abdelghani"
269635,"Munro","Garnet"
210101,"Bottner","Menkae"
460695,"Benantar","Khoa"
108172,"Angelopoulos","Alois"
454903,"Schaar","Gennadi"
241071,"Tetzlaff","Jovan"
414001,"Hmelo","Hatem"
242906,"Schreiter","Shunichi"
429367,"Schlenzig","Kiyomitsu"
429747,"Kavanagh","Sanjiv"
474270,"Schneeberger","Sachio"
26720,"Leonhardt","Chenye"
466608,"Eugenio","Xinan"
408111,"Rabehasaina","Ferdinand"
290575,"Egerstedt","Lansing"
252144,"Ranta","Krister"
275871,"Munch","Sumant"
99088,"Suri","Hironoby"
72783,"Marquardt","Xiaobin"
433236,"Jayawardene","Shietung"
420709,"Lamba","Piyush"
260809,"Maksimenko","Kayoko"
287206,"Schlumberger","Vatsa"
280012,"Conry","Hironobu"
29186,"Waymire","Dannz"
72426,"Biron","Berni"
22240,"Trachtenberg","Hugo"
403090,"Einsfeld","Mats"
76774,"Montemayor","Zsolt"
83768,"Ariola","Mark"
438970,"Rosay","Maren"
26370,"Salvesen","Valery"
17421,"Birjandi","Adel"
38575,"Birnbaum","Mabo"
24956,"Pocchiola","Serap"
12560,"Makinen","Leszek"
428584,"Gluchowski","Maria"
205805,"Birke","Huai"
416924,"Ambroszkiewicz","Vishwani"
427481,"Bierbaum","Jungsoon"
105203,"Tischendorf","Ronghao"
441811,"Lichtner","Salvador"
455434,"Syrotiuk","Bingning"
97065,"Uchoa","Woody"
35251,"Gustavson","Sudhanshu"
218770,"Chimia","Maris"
19888,"Etalle","Rance"
203192,"Perna","Shuichi"
34429,"Bhattacharjee","Jianhua"
216019,"Ranum","Shigeichiro"
271300,"Curless","Gilbert"
55977,"Wynblatt","Aram"
479631,"Hanabata","Lein"
103744,"Rissanen","Remmert"
428242,"Choobineh","Shuichi"
459814,"Muhlberg","Margareta"
275421,"Cooley","King"
91999,"Eppinger","Nikolaos"
236748,"Goodrum","Masadi"
70522,"Baaz","Subhrajyoti"
45534,"Jullig","Perla"
105520,"Lienhardt","Haldun"
70165,"Sluis","Mohd"
269137,"Flexer","Akemi"
69258,"Brendel","Mara"
465993,"Glowinski","Jeane"
297271,"Francisci","Kauko"
56951,"Preusig","Faiza"
63620,"Knightly","Mikhail"
475994,"Biros","Anneke"
260616,"Herath","Amalendu"
208413,"Pena","Takahira"
476859,"Puppo","Luise"
109958,"Eickenmeyer","Bodh"
413465,"Selenyi","Herbert"
202385,"Azumi","Xuedong"
432518,"Flasterstein","Berthier"
63839,"Skafidas","Clyde"
44632,"Danlos","Patricio"
58343,"Vidal","Moto"
246769,"Baar","Shunichi"
44865,"Harnett","Tianruo"
431965,"Melton","Gianluca"
281117,"Coombs","Kazuhide"
283159,"Bach","Selwyn"
263649,"Zongker","Mechthild"
101628,"Bardell","Sudharsan"
428150,"Tokunaga","Ulf"
20603,"Loncour","Yongdong"
403683,"Baaz","Kerhong"
224749,"Terekhov","Zorica"
47702,"Vieri","Juyoung"
238251,"Rubsam","Moto"
261720,"Zambonelli","Fumino"
270877,"Iwayama","Sariel"
249171,"Restivo","Gao"
28030,"Riesenhuber","Tokuyasu"
220199,"Pero","Marek"
451592,"Przulj","Tze"
270282,"Oberman","Mayuko"
16932,"Baumann","Guttorm"
470005,"Dulin","Heping"
78648,"Thambidurai","Yoshimitsu"
34604,"Keohane","Arnd"
247425,"Makinen","Chinhyun"
278631,"Bennis","Reinhold"
289829,"Cooke","Hitofumi"
466102,"Gerlach","Filipe"
415950,"Bonifati","Nathan"
102584,"Slaats","Jianhui"
32221,"Snedden","Pranas"
200420,"Schapire","Byong"
224444,"Perry","Martien"
73336,"Molenkamp","Zhongwei"
61254,"Schwabacher","Carrsten"
278458,"Demir","Teiji"
451503,"Anandan","Rance"
98080,"Erev","Kazuhito"
98286,"Ciolek","Saeed"
297882,"Straney","Candida"
233577,"Llado","Duangkaew"
273740,"Cannata","Youpyo"
80620,"Gischer","Filipe"
288973,"Kaiser","Xinyu"
277183,"Verhaegen","Zine"
44287,"Krohm","Constantijn"
423950,"Marrakchi","Gen"
279595,"Thombley","Susanne"
63162,"Sessa","Chenye"
429384,"Schneeberger","Jayson"
272320,"Kusalik","Yannik"
236387,"Porotnikoff","Hatem"
451075,"Thummel","Frederique"
272139,"Zwicker","Guangming"
268304,"Emiris","Moss"
202473,"Perry","Sigeru"
407002,"Peyn","Kenton"
445333,"Bamford","Marke"
457244,"Jeong","Uwe"
439448,"Mondadori","Irene"
45615,"Herath","Kellie"
78760,"Eterovic","Tsutomu"
460192,"Birta","Leen"
434656,"Bellone","Adas"
268584,"Rahimi","Emran"
249145,"Bultermann","Ortrud"
83339,"Waeselynck","Ymte"
407752,"Dratva","Valter"
27259,"Lipner","Michaela"
11024,"Collavizza","Manton"
260498,"Siprelle","Paloma"
81121,"Heyers","Valdiodio"
22985,"Champarnaud","Ekawit"
53264,"Yemenis","Jolita"
254481,"Schaap","Kwok"
230320,"Chimia","Tomofumi"
220044,"Waeselynck","Val"
73709,"Vural","Gad"
476168,"Senzako","Guangming"
466939,"Ranst","Oscar"
467073,"Pusterhofer","Brewster"
98789,"Kaminger","Bader"
235252,"Zeidenstein","Ortrud"
459393,"Ozeri","Tetsushi"
99291,"Ponthieu","Jaber"
453378,"Lambe","Genevieve"
290691,"Hanratty","Vitali"
481002,"Kroft","Sahrah"
219642,"Gimarc","Khalid"
449299,"McAffer","Charlene"
281482,"Gulik","Tzvetan"
270130,"Ashish","Kayoko"
63432,"Flexer","Demos"
291380,"Miara","Mohammed"
80429,"Suermann","Prodip"
269836,"Eiron","Sajjan"
428846,"Roison","Arvin"
290371,"Kandlur","Woody"
20816,"Collavizza","Moie"
426793,"Zirintsis","Srinidhi"
459771,"Nittel","Martine"
476900,"Pezzoli","Takahito"
43387,"Syang","Fuqing"
466656,"Ramras","Chriss"
427452,"Bresenham","Murthy"
415375,"Sgarro","Xinyu"
34030,"Rodiger","Nobuyoshi"
46300,"Couchot","Yinghua"
440682,"Deville","Masasuke"
80192,"Kalsbeek","Branimir"
38168,"Deverell","Fumiko"
10532,"Wossner","Mary"
454353,"Sudbeck","Shaowen"
458147,"Ramsey","Erzsebet"
109864,"Munck","Khaled"
411970,"Sichman","Sverrir"
230156,"Beeson","Bernt"
249987,"Huxford","Jiong"
471378,"Oehlmann","Sajjad"
415764,"Brlek","Eran"
402106,"Thummel","Fumiya"
26252,"Flowers","Haldun"
88466,"Schlumberger","Sivanarayana"
259502,"Bernick","Becky"
210782,"Bahr","Changho"
431741,"Skafidas","Sudharsan"
40864,"Pusterhofer","Ulises"
23219,"Baez","Radhakrishnan"
203342,"Wissmann","Uta"
64183,"Norsworthy","Gonzalo"
26513,"DuCasse","Mingdong"
247434,"Horswill","Yoshinari"
442606,"Penz","Atreye"
288837,"Rosch","Douadi"
412775,"Feinberg","Stabislas"
36741,"Figueira","Sanjay"
475517,"Taubenfeld","Guttorm"
421319,"Maccarone","Ranga"
404645,"Olivero","Houman"
456286,"Taubenfeld","Maria"
448681,"Gini","Fayez"
403883,"Gladwell","Ute"
400764,"Melton","Shay"
237775,"Fadgyas","Nevin"
282561,"Ferriere","Sanjai"
218678,"Yemenis","Kazuhisa"
72535,"Mitzlaff","Mona"
19081,"Litzler","Lillian"
450702,"Schneeberger","Giap"
282642,"Stasinski","Xiadong"
467956,"Heering","Masato"
458405,"Sundgren","Qiwen"
200729,"Lorys","Emdad"
267797,"Anick","Bernt"
225901,"Braunschweig","Faiza"
47635,"Sommen","Sasan"
452644,"Budinsky","Moie"
459738,"Kulisch","Franziska"
12178,"Chinal","Miyeon"
72595,"Vendrig","Krisda"
449588,"Trelles","Rimon"
427529,"Feldmann","Magy"
408864,"Swab","Akeel"
227523,"Bierman","Masato"
64001,"Gniady","Duke"
412572,"Pintelas","Boaz"
277745,"Suppi","Fay"
253131,"Emmart","Masamitsu"
42401,"Chorvat","Kayoko"
54561,"Clemencon","Dipayan"
428994,"Rissland","Harngdar"
265545,"Denis","Zdislav"
40225,"Schieder","Shakhar"
419322,"Godskesen","Harjit"
45595,"Demizu","Maya"
436148,"Cairo","Basant"
462418,"Theuretzbacher","Rasiah"
27974,"Zucker","Hitomi"
67145,"Camurati","Peer"
426021,"Picht","Bader"
238762,"Lagarias","Nectarios"
475829,"Remmers","Jaques"
249686,"Halloran","Maren"
99547,"Jeansoulin","Yurij"
87261,"Brookman","Kensei"
439086,"Ananiadou","Yongdong"
80063,"Hoogerwoord","Arie"
438676,"Mikschl","Conal"
233213,"Lenart","Zhenhua"
36244,"Hoppenstand","Gift"
286430,"Delgrande","Zijian"
37678,"Chinin","Shay"
12886,"Liesche","Aimee"
403710,"Rothe","Naftaly"
12026,"Pleszkun","Moon"
435314,"Walston","Xinyu"
92854,"McFarlan","Rafael"
55725,"Gils","Harjit"
57949,"Pezzoli","Oldrich"
284838,"Nooteboom","Weiyi"
430920,"Serre","Dines"
403584,"Fandrianto","Boguslaw"
96860,"Bain","Weiyi"
10408,"Kaiser","Martijn"
250418,"Cools","Yannis"
31624,"Picht","Seongbin"
243011,"Rusmann","Genevieve"
415874,"Rando","Naftaly"
218279,"Gerlach","Shridhar"
295124,"Decaestecker","Seongbae"
292418,"Fairtlough","Urs"
455362,"Bernini","Sven"
451953,"Piancastelli","Debatosh"
260252,"Hagimont","Taiji"
429162,"Morrin","Boriana"
425462,"Sherertz","Keung"
106433,"Cherinka","Ortrun"
429656,"Gniady","Golgen"
69251,"Gargeya","Shuky"
423674,"Motley","Ugo"
42100,"Rosin","Percy"
16304,"Hiroyama","Stepehn"
222463,"Zaccaria","Tokuyasu"
70852,"Matzke","Mohua"
106644,"Aingworth","Martina"
405228,"Kisuki","Hidefumi"
237226,"Chinen","Satosi"
33300,"Koshiba","Etsuo"
27665,"Bressoud","Hairong"
60086,"Krzyzanowski","Nirmal"
289389,"Suomi","Adhemar"
71562,"Docker","Basim"
427516,"Gecsei","Makato"
222210,"Demian","Augustine"
52816,"Petersohn","Shounak"
279090,"Schrooten","Valter"
248885,"Kieras","Xiong"
237535,"Lenart","Yefim"
213449,"Vesel","Izaskun"
248712,"Pargaonkar","Saeed"
26503,"Billingsley","Shietung"
268234,"McFarlin","Abdulla"
78462,"Collavizza","Lakshmi"
61751,"Garrabrants","IEEE"
295118,"Redmiles","Navin"
403425,"Chandrasekhar","Yurii"
76757,"Halloran","Marsal"
236064,"Harbusch","Venkatesan"
229101,"Menyhert","Jianwen"
73349,"Werthner","Rosine"
259140,"Samarati","Anyuan"
434649,"Reghbati","Xiping"
13223,"Rabejac","Koldo"
212463,"Avouris","Bodo"
460106,"Whittlesey","Vidya"
100407,"Rubsam","Inderjeet"
438326,"Perna","Dannz"
400446,"Stasinski","Luerbio"
84192,"Terekhov","Lene"
476923,"Benveniste","Fuqing"
467970,"Kuzuoka","Utz"
461960,"Ramsay","Remko"
427009,"Honiden","Sushant"
84789,"Perl","Sadok"
273148,"Azulay","Moie"
73117,"Nannarelli","Kamakshi"
102449,"Luff","Gila"
108257,"Rissanen","Roselyn"
258715,"Validov","Ebbe"
222586,"Navazio","Cathie"
97501,"Conte","Bouchung"
216731,"Kossowski","Padma"
64088,"Griswold","Jagoda"
12398,"Solovay","Arif"
275643,"Setiz","Premsyl"
26260,"Narlikar","Babette"
467822,"Khasidashvili","Akemi"
466917,"Rande","Billur"
255357,"Clouatre","Siddarth"
63810,"Gente","Radhia"
55508,"Cummings","Weidon"
73160,"Back","Sanjoy"
464175,"Melichar","Randy"
421163,"Kambil","Nimmagadda"
207581,"Ratnakar","Fumitaka"
411905,"Cronin","Basim"
452628,"Panienski","Bingning"
410435,"Pezzoli","Claudi"
85960,"Tyugu","Jaber"
50089,"Budinsky","Chinho"
244489,"Falck","Zvonko"
222755,"Frolund","Yongqiao"
262661,"Rodier","Mohamadou"
18641,"Ghemri","Padma"
273021,"Ishibashi","Pohua"
249375,"Otillio","Lihong"
91998,"Unni","Zvonko"
296184,"Kitai","Lubomir"
245630,"Vilarrasa","Fumiya"
293364,"Tagansky","Paddy"
230643,"Kohling","Masato"
19874,"Kuzuoka","Xuejia"
274488,"Jeansoulin","Yefim"
476822,"Merli","Yongqiao"
430166,"Ravishankar","Poornachandra"
252775,"Ulupinar","Achilleas"
51246,"Schaft","Mara"
407779,"Delgrossi","Sigeru"
224910,"Hambrick","Edwin"
217488,"Solovay","Danco"
265770,"Hashii","Pintsang"
52380,"Conte","Faiza"
259974,"Llado","Constantino"
22127,"Magliocco","Honglan"
432259,"Pehl","Hongzhu"
32358,"Meszaros","Fumiko"
283405,"Zastre","Ebbe"
270598,"Cummings","Peternela"
72536,"Jeansoulin","Geoffrey"
53084,"Perry","Fun"
273077,"Denti","Jahangir"
222629,"Kroon","Shuho"
221148,"Roccetti","Ayonca"
281933,"Lung","Aloke"
225331,"Simkin","Tsz"
418248,"Munoz","Woody"
44682,"Boissier","Souichi"
475027,"Herbst","Frederique"
57171,"Ligten","Subhankar"
453602,"Genther","Mart"
28716,"Hertweck","Kristian"
223389,"Adachi","Shuho"
41452,"Selenyi","Uwe"
408845,"Olano","Yahiko"
205795,"Rosen","Kwangsub"
265553,"Bugaenko","Youssef"
15839,"Quaggetto","Thodoros"
287498,"Pileggi","Kitty"
23874,"Fujisaki","Tadahiko"
87761,"Munck","Shir"
29197,"Stentiford","Marlo"
426897,"Otillio","Gennadi"
425807,"Perly","Chenxi"
408186,"Macedo","Kwan"
447301,"Lupu","Koldo"
272337,"Peek","Zhenhua"
244932,"Rabehasaina","Mara"
94385,"Yoshizawa","Anyuan"
56753,"Madeira","Foong"
22922,"Straney","Filipp"
298368,"Shinomoto","Tristan"
267592,"Qiwen","Marie"
459108,"Zaiane","Claude"
260534,"Sanella","Annemarie"
102915,"Basagni","Mohammed"
67993,"Masaki","Leucio"
455455,"Mahnke","Mahmut"
448549,"Azuma","Temple"
87347,"Katalagarianos","Kazuhiko"
452928,"Bondorf","Etsuo"
277303,"Iisaka","Tzu"
69337,"Biros","Janalee"
41539,"Turnbull","Dulce"
453412,"Pappas","Insup"
216848,"Besancenot","Giri"
60957,"Thorensen","Janche"
14863,"Yavatkar","Achilleas"
223074,"Kugler","Cordelia"
91966,"Ermel","Aamer"
13428,"Kalloufi","Sanjai"
470574,"Schaar","Chrisa"
406289,"Kuzuoka","Aral"
88121,"Schapiro","Theron"
53579,"Gladwell","Tuval"
273162,"Trachtenberg","Jayesh"
38749,"Crouzet","Greger"
260862,"Aseltine","Dietrich"
46361,"Engberts","Mang"
415351,"Usdin","Ferdinand"
89740,"Molberg","Toshimi"
33661,"Cooke","Hyuckchul"
478227,"Plesums","Morrie"
200141,"Stiles","Fay"
222951,"Uludag","Jouni"
37917,"Bashian","Zeljko"
428622,"Akiyama","Marco"
455509,"Stranks","Guadalupe"
17991,"Szemeredi","Gou"
211334,"Hooghiemstra","Takanari"
417131,"Adachi","Arunas"
414299,"Mahmud","Adib"
473556,"Spelt","Mads"
433857,"Terwilliger","Shiv"
217826,"Lunn","Conal"
259227,"Morrow","Kensyu"
88456,"Frijda","Arup"
16373,"Aseltine","Narain"
226480,"Kusalik","Leszek"
289433,"Maquelin","Demos"
98565,"Jakobus","Phillip"
243532,"Hockney","Seongbae"
278454,"Bugrara","Lech"
103804,"DeMori","Pranay"
104146,"Zyda","Tonny"
21772,"Viele","Dines"
83452,"Nivat","Arra"
40343,"Vilarrasa","Chandrasekaran"
223645,"Shumilov","Tomokazu"
109117,"Garnier","Arnould"
225694,"Besancenot","Tsuneo"
402420,"Delgrange","Boalin"
472232,"Kroft","Abdulah"
430754,"Langford","Zengping"
249425,"Papastamatiou","Parke"
409093,"Falck","Anoosh"
282829,"Weisert","Kiyokazu"
265256,"Sundgren","Moie"
49369,"Ecklund","Berna"
13529,"Matzen","Toshimori"
418290,"Demizu","Remzi"
275982,"Egerstedt","Arnould"
480144,"Grospietsch","Akemi"
51791,"Kroft","Marjo"
12724,"Lammel","Parke"
76534,"Lieberherr","Pantung"
44245,"Harnett","Zissis"
296704,"Norsworthy","Otmar"
70851,"Rindone","Wonhee"
278032,"Munro","Sanjit"
15105,"Itzigehl","Sudhanshu"
468129,"Hanratty","Tzvetan"
213668,"Yurek","Vivian"
283990,"Penz","Sibyl"
466797,"Thimonier","Raimond"
405604,"Dusink","Yannik"
265267,"Speek","Gladys"
14973,"Schaad","Fumitaka"
200546,"Danner","Nidapan"
32991,"Garrabrants","Bluma"
481154,"Schwartzbauer","Abdulla"
85232,"Dymetman","Prodip"
280029,"Verhaegen","Vasilii"
204626,"Pauthner","Shigeaki"
294898,"Ratnakar","Shmuel"
246717,"Benzmuller","Sham"
66331,"Dulli","Nitsan"
44042,"Ladret","Susuma"
24790,"Chachaty","Kiyokazu"
440064,"Tiemann","Hein"
26631,"Linnainmaa","Goh"
267978,"Merro","Takahira"
257303,"Kawashimo","Filipe"
264355,"Bresenham","Tayeb"
83397,"Remmers","Kazuhira"
64422,"Shigei","Lalit"
262947,"Vandervoorde","Cedric"
218273,"DiGiano","Giap"
212540,"Kuzuoka","Jaihie"
79185,"Heping","Steve"
465469,"Terwilliger","Xianlong"
31951,"Ouhyoung","Masako"
271737,"Lorcy","Laurentiu"
461254,"Domenig","Chenxi"
444313,"Shackell","Ohad"
401428,"Merro","Honglan"
434405,"Imataki","Leni"
214225,"Kilgore","Turgut"
77840,"Lupu","Sastry"
428832,"Gulak","Peternela"
297932,"Isaac","Deborah"
287546,"Motley","Randi"
56576,"Rodiger","Rimli"
287112,"Crouzet","Kotesh"
72707,"Lamparter","Doohun"
215808,"Garigliano","Alper"
249275,"Matheson","Urs"
37152,"Passafiume","Gennadi"
238049,"Undy","Subhrajyoti"
233662,"Diderrich","Janalee"
35046,"Luders","Sachem"
248024,"Marchesini","Jolita"
276839,"Remmers","Roselyn"
57725,"Millington","Patricio"
206030,"Zaccaria","Hilari"
208199,"Zykh","Sigeru"
270410,"Rodier","Dannz"
88911,"Waymire","Charlene"
238837,"Polajnar","Menkae"
208861,"Wossner","Yuqun"
108864,"Apsitis","Mahendra"
90700,"Bratsberg","Kotesh"
66298,"Neimat","Boaz"
36687,"Engelmann","Moto"
36053,"Bratten","Adel"
236417,"Beilner","Nikolaus"
296254,"Radivojevic","Noritoshi"
427017,"Falck","Jeanna"
81072,"Siprelle","Augustine"
108895,"Collavizza","Basim"
48258,"Ambroszkiewicz","Leif"
281937,"Stenning","Zhonghua"
409568,"Zeidenstein","Poornachandra"
257427,"Mullainathan","Mabhin"
428904,"Liesche","Gadiel"
453753,"Cherinka","Masako"
83301,"Linares","Kish"
87519,"Streng","Conal"
406998,"Eugenio","Seongbae"
244106,"Junet","Adil"
225295,"Mellouli","Patricia"
287633,"Baez","Sachio"
40383,"Pepe","Subhash"
268359,"Byoun","Sakthirel"
231770,"Luke","Ashish"
213991,"Erbe","Miyeon"
210485,"Codenie","Mitchel"
291527,"Madeira","Sarita"
85974,"Kusalik","Adil"
280932,"Sadowski","Moon"
242141,"Lovengreen","Conor"
86213,"Clemencon","Kristine"
237584,"Hoppenstand","Premal"
92942,"Fadgyas","Elliott"
25778,"Speel","Yucai"
80397,"Piancastelli","Mitchel"
472925,"Prampolini","Fusako"
200939,"Biran","Morrie"
235843,"Peir","Cordelia"
109020,"Verspoor","Marl"
441976,"Thiria","Guoxiang"
27064,"Peltason","Tamiya"
419957,"Kirkerud","Weidon"
299167,"Neimat","Rafols"
267077,"Manders","Ayakannu"
425047,"Zaumen","Zijian"
73065,"Francisci","Padma"
32989,"Ramsay","Masami"
416509,"Kading","Prasadram"
106184,"Schmittgen","Sergi"
261660,"Axelband","Youpyo"
22377,"Akazan","Demos"
220740,"Butner","Udo"
412581,"Nivat","Jessie"
48233,"Simmel","Ugo"
452353,"Harbusch","Hugh"
70168,"Zucker","Ayakannu"
474592,"Merkl","Uma"
440625,"Majewski","Chinhyun"
258389,"Hemaspaandra","Weiyi"
15702,"Improta","Roded"
221577,"Capobianchi","Gita"
93156,"Besselaar","Hirochika"
260582,"Cools","Ortrud"
459259,"Perri","Chikara"
218123,"Facello","Gino"
435722,"Rindone","Zhongwei"
204809,"Atrawala","Yannis"
66504,"Braccini","Kokou"
454738,"Coorg","Masaru"
295299,"Velasco","Shaowen"
214202,"Azevdeo","Eberhardt"
279468,"Kornyak","Weiwu"
40096,"Piazza","Chanjung"
21817,"Harllee","Dipayan"
72941,"Lueh","Shai"
41379,"Rande","Sreekrishna"
109215,"Harnett","Jacqueline"
459443,"Chiodo","Bilhanan"
237561,"Madeira","Tse"
296981,"Fujisawa","Seshu"
215408,"Fargier","Berni"
22010,"Kolvik","Aemilian"
11615,"Isaak","Shem"
35857,"Bratten","Kayoko"
294187,"Liesche","Marie"
240957,"Collavizza","Byong"
74350,"Rassart","Duri"
294575,"Aamodt","Parke"
423523,"Munawer","Make"
215017,"Perez","Masaki"
462496,"Cappelletti","Mang"
480422,"Merks","Yuqun"
86612,"McAffer","Yuchang"
250237,"Przulj","Poorav"
29145,"Doering","Heeju"
417598,"Panwar","Gro"
219703,"Penttonen","Katsuyuki"
268814,"Schmiedel","Vitaly"
278935,"Schahn","Sumali"
21317,"Skafidas","Gudjon"
241123,"Jonsson","Tomoyuki"
87184,"Barriga","Jordanka"
245134,"Spell","Maja"
264405,"Hinsberger","Jingling"
69047,"Unno","Lijie"
242571,"Fendler","Arch"
34572,"Ramamoorthy","Arunachalam"
214694,"Schade","Akeno"
20122,"Kampfer","Subhankar"
205305,"Demir","Stevo"
21496,"Norsworthy","Hironobu"
76407,"Aloia","Elliott"
455853,"Cannane","Premsyl"
402048,"Picci","Shushma"
14472,"Leuchs","Chinho"
205044,"Eiter","Marie"
293526,"Decleir","Ekawit"
41653,"Iisaku","Tonny"
60387,"Seuren","Genta"
261613,"Ishibashi","Idoia"
260383,"Beidas","Karoline"
29583,"Waymire","Subhada"
263638,"Nyrup","Subir"
90849,"Thummel","Khoa"
475133,"DuBourdieux","Parviz"
27458,"Auyong","Parto"
55839,"Birch","Rosalyn"
471346,"Oppitz","Nidapan"
470146,"Quittner","Elrique"
241051,"Staylopatis","Frazer"
443012,"Rissanen","Toshiki"
404130,"Ferriere","Yefim"
446691,"Cheshire","Kristina"
456276,"Krohn","Zorica"
260082,"Swan","Gina"
411962,"Murillo","Tooru"
446828,"Streit","Adib"
401965,"Braccini","Mayuko"
21462,"Hitomi","Sven"
205123,"Samarati","Vishu"
445354,"Baja","Jianwen"
100952,"Terekhov","Tzvetan"
219465,"Hooghiemstra","Leaf"
211463,"Gischer","Lene"
94275,"Besselaar","Sanjai"
32422,"Schmezko","Yakichi"
448333,"Sluis","Charlene"
287678,"Junot","Dung"
214485,"Bennet","Lijia"
33783,"Osgood","Jongsuk"
451936,"Krohm","Hugo"
267302,"Jarecki","Mantis"
78723,"Dulin","Macha"
69594,"Loncour","Rafael"
275208,"Shiratori","Freyja"
422828,"Vidal","Ghassan"
421235,"Coney","Candida"
99879,"Zschoche","Basil"
284518,"Alencar","Susumu"
275207,"Scharstein","Gad"
480862,"Kropp","Maris"
96823,"Denti","DeForest"
273326,"Gulik","Aksel"
104967,"Gerlach","Hiroyasu"
258655,"Seghrouchni","Shaowei"
66445,"Zykh","Kazuyasu"
82099,"Vigier","Kasidit"
42563,"Baar","Nechama"
481086,"Radivojevic","Marek"
73075,"Muchinsky","Xuedong"
203114,"Gulik","Yongmin"
445589,"Plotkin","Elliott"
228779,"Bahk","Shuji"
13721,"Delgrossi","Sugwoo"
472435,"Stasinski","Demin"
62902,"Bultermann","Oldrich"
95994,"Harnett","Alselm"
278062,"Kusalik","Kerhong"
477828,"Apsitis","Owen"
205880,"Yoshimura","Palash"
428198,"Thibadeau","Behnaam"
70434,"Sullins","Zissis"
41529,"Lundstrom","Jaber"
454101,"Leslie","Anneke"
264286,"Bade","Moni"
219679,"Perelgut","Garnik"
13975,"Peternell","Jamaludin"
16474,"Krogh","Gina"
78578,"Madeira","Reinhold"
409027,"Munawer","Kazuhide"
403535,"Lorho","Theron"
260528,"Famili","Sadok"
462581,"Szmurlo","Anneke"
403809,"Nannarelli","Frederique"
264841,"Plump","Kiyokazu"
78775,"Ravishankar","Remmert"
264886,"Bugaenko","Kellyn"
205537,"Hoppenstand","Tadahiko"
12742,"Bhattacharjee","Supot"
211977,"Facello","Baruch"
107161,"Leuchs","Shawna"
481221,"Gente","Teiji"
424574,"Knightly","Shaowei"
58806,"Naumovich","Shakhar"
94262,"Conia","Masadi"
91226,"Chaudhury","Tua"
260687,"Matzov","Jolita"
409464,"Schnelling","Tetsushi"
296928,"Collette","Jianhua"
463474,"Ponthieu","Zsolt"
83819,"Rajcani","Toong"
461675,"Litzler","Ranga"
84041,"Sgarro","Kagan"
248565,"Heering","Kwangjo"
428188,"Zobel","Badri"
414426,"Hofting","Junsik"
104375,"Jakobus","Elvis"
267885,"Boreale","Xiaoheng"
475310,"Usdin","Serenella"
259741,"Murthy","Fei"
64008,"Merey","Mokhtar"
243704,"Riefers","Cullen"
205362,"Makinen","Masasuke"
37941,"Garnick","Adil"
11535,"Ohori","Aemilian"
218818,"Weedon","Cullen"
13075,"Morrin","Rosella"
432457,"Gadepally","Charmane"
57629,"Vendrig","Gretta"
472268,"Lemarechal","Satoru"
481045,"Jiang","Dulce"
452546,"Naumovich","Toshimi"
74560,"Trumbly","Emdad"
74390,"Wuwongse","Nitsan"
438493,"Schiper","Domenick"
254680,"Schwartzburd","Hidefumi"
93241,"Borstler","Juichirou"
61925,"Rosis","Peternela"
436028,"Bratten","Boaz"
97429,"Brlek","Atreyi"
289211,"Chinal","Conal"
41078,"Denna","Yunming"
34474,"Peng","Marl"
472034,"Smailagic","Bernd"
432401,"Gien","Inderjeet"
421796,"Apsitis","Yakkov"
220844,"Leijenhorst","Yongqiao"
248766,"Levergood","Hideo"
39504,"Kolinko","Magy"
18404,"Feldmann","Lein"
281958,"Carrera","Weijing"
274255,"Molenkamp","Marie"
33812,"Basawa","Patricio"
249015,"Cherinka","Kerryn"
433313,"Journel","Tristan"
273321,"Noriega","Zito"
212651,"Percebois","Joydip"
19826,"Christ","Fox"
31626,"Waeselynck","Selwyn"
57178,"Rousseau","Oldrich"
413820,"Kroft","Alper"
404692,"Gilg","Perry"
260490,"Spataro","Filipe"
445918,"Nations","Kwun"
77186,"Crooks","Irene"
227577,"Gomatam","Yannik"
76078,"Poehlman","Hausi"
225278,"Greenaway","Michaela"
78233,"Kulisch","Wojceich"
437076,"Lalonde","Arra"
466161,"Katiyar","Sachem"
458600,"Rullman","Nectarios"
430568,"Azumi","Sahrah"
213839,"Kakkar","Danny"
449882,"Syang","Soenke"
79510,"Veccia","Elvia"
452764,"Chenoweth","Kousuke"
72541,"Georgatos","Arch"
38145,"Munos","Nobuyoshi"
251960,"Riexinger","Kwun"
101339,"Butner","Anoosh"
481975,"Gruenwald","Dayanand"
271592,"Swiss","Mansur"
51833,"Butner","Naftali"
81779,"Tokunaga","Phillip"
445843,"Foong","TRUE"
249325,"Pokrovskii","Ute"
202596,"Kenevan","Somnath"
230852,"Panwar","Vishwani"
224487,"Quittner","Bogdan"
102364,"Smeets","Adil"
24203,"Krogh","Shahid"
448187,"Axelband","Achilleas"
226253,"Bouloucos","Kazuhide"
470962,"Langford","Shaz"
282886,"Dulay","Nimmagadda"
465449,"Perko","Tadahiro"
10228,"Cesareni","Karoline"
233731,"Kakkar","Kitty"
248939,"Ghelli","Paris"
16396,"Yoshimura","Guangming"
78625,"Skrikant","Masami"
22111,"Felcyn","Rasiah"
288233,"Demian","Marsja"
75596,"Bierbaum","Ramalingam"
478518,"Stroustrup","Wilmer"
466507,"Speek","Gilbert"
264646,"Pietrzykowski","Gianluca"
253509,"Kaminger","Karsten"
18401,"Itzfeldt","Vidya"
14735,"Kavanagh","Hisao"
249169,"Jumpertz","Zorica"
234675,"Lund","Toshiko"
235633,"Vasanthakumar","Sakthirel"
216507,"Thiran","Gretta"
213247,"Tagansky","Steve"
275544,"Esteva","Kagan"
255479,"Pero","Mayumi"
100057,"Malabarba","Gal"
469333,"Perko","Masaru"
286629,"Lindqvist","Mircea"
12128,"Barreiro","Yannik"
417379,"Uehara","Shawna"
57754,"Krone","Maria"
436754,"Improta","Xiahua"
265652,"Bazelow","Mandell"
66030,"Straney","Hidekazu"
425572,"Denis","Aloys"
449089,"Sundgren","Nidapan"
95791,"Yeung","Izaskun"
444328,"Oaver","Udi"
415644,"Hoppenstand","Chaosheng"
83635,"Arlazarov","Takushi"
297203,"Woycyznski","Moheb"
57785,"Azuma","Jacopo"
229899,"Lund","Genevieve"
40081,"Fadgyas","Djelloul"
51430,"Mellouli","Kazuhira"
296672,"Brodie","Adin"
424581,"Christianini","Turgut"
413148,"Pehl","Jinxi"
222751,"Bridgland","Hideyuki"
479610,"Merks","Nathan"
94314,"Wroclawski","Nahum"
96272,"Rusmann","Khosrow"
53227,"Jenevein","Shugo"
424039,"Chartres","Lenore"
448353,"Spelt","Bangqing"
85204,"Silva","Moni"
203687,"Harbusch","Sanjai"
448250,"Teitelbaum","Susumu"
90093,"Schwabacher","Richara"
57290,"Poupard","Giao"
235765,"Tiemann","Duke"
94257,"Wrigley","Marlo"
78804,"Gyorkos","Guiseppe"
420023,"Huttel","Kazuhiro"
287973,"Rohrbach","Hinrich"
433938,"Azadmanesh","Venkatesan"
404393,"Arlazarov","Elgin"
54156,"Pappas","Guadalupe"
427480,"Lichtner","Xiaoheng"
239081,"Marchesini","Gen"
212377,"Chappelet","Ekawit"
419420,"Dulli","Mohammed"
275858,"Krupka","Tse"
206977,"Fiutem","Lene"
464496,"Sooriamurthi","Mandell"
203686,"Schrooten","Torsten"
260483,"Denos","Masami"
269028,"Kavraki","Gila"
40584,"Zykh","Dmitry"
439332,"Munck","Mang"
420509,"Mahmud","Dzung"
481087,"Rajcani","Anneke"
473787,"Baez","Junsik"
58023,"Cooman","Theirry"
477302,"Budinsky","Chenxi"
259369,"Biran","Sukumar"
104873,"Baba","Sudhanshu"
426660,"Hooghiemstra","Erzsebet"
207042,"Desikan","Moriyoshi"
248917,"Thummel","Terresa"
467246,"Portugali","Mack"
430088,"Cummings","Peternela"
297403,"Heyers","Jaewoo"
36458,"Garnier","Willard"
215197,"Gunderson","Bilhanan"
48493,"Molenaar","Toshimi"
272494,"Murrill","Yoshimitsu"
454243,"Uehara","Michaela"
419398,"Armand","Ulf"
202696,"Pramanik","Deniz"
292359,"Orsini","Theron"
86181,"Pettit","Kwangyoen"
400611,"Birke","Alain"
292517,"Fadgyas","Xumin"
48753,"Mitzlaff","Nitsan"
216553,"Mellouli","Nigel"
432627,"Usdin","Jamaludin"
276577,"Codenie","Bedrich"
55654,"Suppi","Adas"
418715,"Strandh","Ewing"
417261,"Reistad","Aamod"
402716,"Cochrane","Xinan"
425954,"Haldar","Zhaofang"
267681,"Apsitis","Berhard"
477327,"Selvestrel","Hiroyasu"
403916,"Zobel","Toshimitsu"
228952,"Quadeer","Chiradeep"
235102,"Manders","Kolar"
426932,"dAstous","Branimir"
53949,"Zobel","Gennady"
48993,"Hainaut","Youssef"
268656,"Copas","Gaetan"
209226,"Thorelli","Geraldo"
45639,"Brendel","Yuichiro"
245742,"Lampe","Ohad"
248211,"Isaac","Gay"
211007,"Grandbois","Goo"
232078,"Beerel","Susuma"
78604,"Kakkar","Tsvetan"
206788,"Kobuchi","Richara"
58528,"Gunderson","Carrsten"
13093,"Unno","Sajjan"
453306,"Vecchio","Etsuo"
86025,"Middleton","Shuky"
238172,"Vuskovic","Radhia"
80779,"Andreotta","Aamod"
474907,"Chinen","Dinkar"
446932,"Granlund","Tokuyasu"
414011,"Vilarrasa","Arif"
40488,"Heping","Sampalli"
477429,"Frolund","Rafail"
61351,"Ullian","Baocai"
256703,"Liedekerke","Shahab"
468296,"Bardell","Shan"
11092,"Stamatiou","Narain"
294121,"Bakhtari","Odinaldo"
288410,"Lund","Tiina"
431405,"Noriega","Przemyslawa"
254464,"Matteis","Kazuhito"
299944,"Peris","Mara"
267019,"Kushnir","Perla"
471933,"Gips","JoAnne"
233136,"Ruther","Kauko"
449152,"Hegner","Uriel"
108927,"Munck","Claude"
99821,"Crouzet","Mahmut"
429969,"Marwedel","Mingzeng"
256134,"Peltason","Arch"
206942,"Billawala","Tesuro"
87266,"Stafford","Aral"
46594,"Chimia","Sadegh"
22299,"Khalid","Yunming"
43249,"Vitiello","Bedrich"
18474,"Pelc","Temple"
457361,"Kaiser","Iara"
23234,"Cyre","Chikako"
269706,"Wissmann","Berni"
86147,"Yurek","Saeed"
51414,"Improta","Mohammed"
103215,"Wursthorn","Utpal"
430422,"Schieder","Patricia"
277209,"Levergood","Fox"
51206,"Lieblein","Gretta"
236778,"Androutsos","Djelloul"
214186,"Matzov","Sivanarayana"
92271,"Pell","Margo"
203969,"Vilarrasa","Zorica"
69647,"Pileggi","Deborah"
293303,"Ullian","Isamu"
79600,"Syang","Ibibia"
275133,"Buchter","Vasiliy"
205387,"Pezzoli","Jinpo"
73690,"Parveen","Isamu"
212982,"Covnot","Oguz"
223842,"Braccini","Shushma"
25816,"Ertl","Jenwei"
274963,"Miake","Bodo"
238476,"Lanzelotte","Khalid"
228625,"Perri","Zhenbing"
55348,"Jansch","Lorien"
10454,"Badr","Wonhee"
420562,"Danner","Anoosh"
226848,"Asmuth","Stevo"
418938,"Vrecion","Elgin"
218605,"Radivojevic","Horward"
431292,"Schaaf","Uli"
212767,"Waeselynck","Adly"
100235,"Ebeling","Deniz"
10399,"Marchegay","Guenter"
400254,"Journel","Emdad"
474667,"Impagliazzo","Make"
206066,"Chenoweth","Uzi"
407056,"Strandh","Dung"
236670,"Staylopatis","Seongbae"
409940,"Reghbati","Christoph"
33353,"Fasbender","Eishiro"
26306,"Motley","Aloys"
208820,"Gruenwald","Lene"
429273,"Lund","Jaroslava"
241770,"Waterhouse","Jaihie"
218894,"Steinauer","Bluma"
426311,"Passino","Aamod"
407097,"Mellouli","Chuanyi"
404040,"Himler","Tadahiro"
13035,"Isaac","Waiman"
15271,"Bernardeschi","Shiv"
234924,"Kading","Stein"
211163,"Joslin","Ranga"
95282,"Peternell","Zhenhua"
254223,"Vieth","Geraldo"
481271,"Demian","Yishay"
473971,"Schaar","Vasilis"
242997,"Liedekerke","Willard"
20791,"Heystek","Changho"
409570,"Kavanagh","Xinyu"
69415,"Bazzichi","Xiping"
214906,"Gecsei","Mihalis"
98950,"Demos","Gilbert"
79684,"Janocha","JiYoung"
417701,"Stafford","Juichirou"
209619,"Luit","Aamer"
83466,"Luca","Shir"
34219,"Heiserman","Gao"
270056,"Babb","Alenka"
13577,"Penttonen","Tianruo"
268480,"Kropf","Apostol"
214951,"Curless","Shahaf"
276515,"Granlund","Hercules"
419477,"Constantine","Nevio"
412159,"Aumann","Arne"
283492,"Validov","Maia"
85810,"Hoppenstand","Ziyad"
80871,"Sidhu","Anyuan"
474301,"Muntz","Paris"
458776,"Litecky","Anoosh"
452668,"Pappas","Lech"
235661,"Menhardt","Along"
66841,"Ranum","Make"
40759,"Cannard","Xiahua"
419178,"Osgood","Henk"
271200,"Ulupinar","Gennadi"
270665,"Domenig","Marsal"
253836,"Tasistro","Dzung"
13866,"Fargier","Macha"
239701,"Mitzlaff","Jahangir"
59436,"Flasterstein","Xiahua"
413450,"Atrawala","Hongzhu"
410828,"Rodite","Jungsoon"
52018,"Gniady","Eldridge"
12622,"Kobara","Jiafu"
47161,"Syrzycki","Masako"
89549,"Yemenis","Atilio"
26466,"Koblick","Giri"
22376,"Plumb","Mandell"
232141,"Lenart","Tesuya"
90148,"Ginneken","Nagui"
400000,"Reinhart","Mitsuyuki"
274987,"Choobineh","Yuping"
105038,"Honiden","Anestis"
22120,"Waleschkowski","Danai"
25032,"Atrawala","Wojceich"
26172,"Bahr","Sedat"
283861,"Zallocco","Kazuhira"
292427,"Porotnikoff","Irena"
272444,"Lorys","Youpyo"
13475,"Piancastelli","Kamakshi"
102838,"Flasterstein","Vincent"
468376,"Rusmann","Maren"
449831,"Senzako","Christoph"
256548,"Karunanithi","Nahid"
250203,"Gerlach","Sanjay"
87869,"Luit","Alassane"
20109,"Rodier","Muzhong"
287536,"Kushnir","Bedrich"
207806,"Alameldin","Limsoon"
95978,"Ranze","Nitsan"
227918,"Bratten","Alper"
95764,"Tzvieli","Behnaam"
65019,"Penn","Dipankar"
299244,"Perl","Mikhail"
467638,"Scharstein","Ziya"
446565,"Passafiume","Phule"
442533,"Junet","Gianluca"
442274,"Limongiello","Anestis"
444153,"Zultner","Heather"
465932,"Stifter","Mori"
472972,"Baezner","Turgut"
17407,"Worfolk","Surveyors"
283595,"Nivat","Francoise"
417914,"Luck","Brendon"
431921,"Emmart","Shahab"
298458,"Huxford","Jeanne"
432600,"Senzako","Peternela"
55187,"Kambil","Margareta"
42400,"Olano","Youpyo"
37410,"Lunt","Mingdong"
50122,"Emiris","Berto"
440593,"Erni","Fumitake"
400629,"Gopalakrishnan","Jinya"
281853,"Malinowski","Teiji"
247811,"Cheshire","Khaled"
474687,"Cronan","Anestis"
470474,"Boudaillier","Dung"
232785,"Dratva","Brewster"
292554,"Heuser","Steen"
70675,"Avouris","Edwin"
452001,"Malabarba","Akeno"
409906,"Koshiba","Snehasis"
279725,"Perng","Manu"
61252,"Varley","Adamantios"
444064,"Garrabrants","Shichao"
407730,"Vilarrasa","Marlo"
281865,"Isard","Dhritiman"
285803,"Hertweck","Almudena"
471288,"Thambidurai","Shay"
443027,"Zhang","Sarita"
287950,"Taubenfeld","Vugranam"
225143,"Levergood","Kwok"
30458,"Maraist","Serap"
219349,"Kilgour","Subhankar"
445691,"Baumann","Radhia"
448313,"Carrere","Chinhyun"
42716,"Quadeer","Fabrizio"
247046,"Schmittgen","Tomoyuki"
287258,"Fetvedt","Shawna"
76558,"Krzyzanowski","Frederique"
80034,"Fujisaki","Shaowen"
252568,"Alblas","Alselm"
51913,"Reinhard","Aksel"
467932,"Bernini","Larisa"
269521,"Homond","Shay"
410492,"Rosar","Subhada"
292548,"Savasere","Vidya"
263992,"Bressoud","Bangqing"
41734,"Billingsley","Bangqing"
43560,"Boudaillier","Nidapan"
414106,"Genther","Jaewoo"
282509,"Griswold","Danae"
267714,"Bottner","Ekawit"
44326,"Verspoor","Dmitri"
207457,"Thambidurai","Tomoyuki"
413353,"Perelgut","Rajmohan"
75406,"Luca","Paraskevi"
40778,"Thimonier","Isamu"
224483,"Fetvedt","Supot"
299600,"Azuma","Anestis"
30900,"Gaughan","Alexius"
88658,"Eterovic","Apostol"
296872,"Genin","Debaprosad"
236039,"Spell","Yaghout"
461657,"Melski","Elrique"
71715,"Niizuma","Eberhardt"
434213,"Bernick","JoAnna"
256485,"Jakobus","Taisook"
33367,"Hiyoshi","Eric"
278950,"Ertl","Premal"
261769,"Litzler","Shen"
251223,"Vigier","Premsyl"
43537,"Dulli","Phule"
217991,"Reinhard","Kenton"
455346,"Khamsi","Kaijung"
438630,"Khasidashvili","Youpyo"
262216,"Auria","Ennio"
51237,"Ducloy","Wonhee"
226228,"Glowinski","Brigham"
26808,"DuCasse","Jeanne"
43885,"Picht","Marco"
87898,"Chaudhury","Zita"
463733,"Shobatake","Jamaludin"
59091,"Remmele","Boriana"
36752,"Spieker","Trygve"
274181,"Fortenbacher","Yechezkel"
402499,"Oppitz","Zvonko"
233785,"Ballarin","Baziley"
90359,"Narlikar","Szabolcs"
78111,"Ushiama","Teunis"
52711,"Shackel","Geoffrey"
414776,"Schaar","Kasturi"
217615,"Giveon","Jamaludin"
97408,"Rissanen","Mototsugu"
465568,"Spataro","Moheb"
481193,"Seuren","Gen"
71937,"Ferriere","Phillip"
63545,"Swick","Sachin"
238146,"Champarnaud","Dmitri"
43276,"Waymire","Rosella"
14662,"Maquelin","Maya"
103398,"Schreiter","Nikolaos"
40417,"Sundgren","Gian"
70026,"Montemayor","Sven"
468817,"Dusink","Bartek"
273847,"Bale","Kwangjo"
89026,"Siprelle","Rafols"
12505,"Goldhammer","Barton"
429208,"Servi","Sanjit"
256043,"Pardalos","Aleksander"
76510,"Fiebach","Barry"
435673,"Radhakrishnan","Danai"
103004,"Marciano","Odoardo"
64096,"Ladret","Mads"
460042,"Bisiani","Guiseppe"
50514,"Gecseg","Anneli"
215061,"Cullers","Hauke"
280783,"Mellouli","Renny"
212434,"Baumann","Shaowen"
57373,"Zhiwei","Mabry"
402515,"Compeau","Stafford"
440505,"Spell","Christoph"
277730,"Molberg","Shushma"
223301,"Weedman","Mana"
263878,"Pusterhofer","Arnd"
245178,"Stasinski","Rajmohan"
452253,"Kragelund","Adit"
232549,"Syrzycki","Zhiwei"
81397,"Scallan","Jinpo"
244786,"Giveon","Tomoyuki"
443821,"Pesch","Bogdan"
41788,"Litecky","Jessie"
215482,"Peac","Samphel"
420362,"Cooley","Uinam"
287655,"Anido","Emdad"
45036,"Heijenga","Dmitri"
291808,"Syang","Tesuya"
247217,"Litvinov","Lenore"
264206,"Kushner","Dante"
259645,"Feinberg","Heeju"
298439,"Uhrig","Youssef"
462542,"Curless","Venkatesan"
461965,"Loncour","Woody"
48889,"Serov","Ebbe"
61983,"Reeken","Sastry"
411922,"Munro","Oscal"
218708,"Lorys","Marsal"
54684,"Kawashimo","Arto"
224894,"Pintelas","Munehiro"
82412,"Rosenbaum","Ugo"
476166,"Quittner","Subhada"
72956,"Cesareni","Geoffrey"
60615,"Pollacia","Guozhong"
470392,"Lubachevsky","Guadalupe"
439903,"Servieres","Rosalie"
460767,"Kieras","Weidon"
294139,"Fritzsche","Kannan"
201823,"Cardazo","Badri"
94466,"Nannarelli","Mayuri"
17594,"Munawer","Nimmagadda"
70576,"Ishibashi","Yahiko"
40510,"Grospietsch","Lubomir"
100246,"Jording","Berna"
426459,"Sherertz","Shigehito"
402942,"Ligten","Adamantios"
205626,"Ozeki","Kwan"
450053,"Bridgland","Ipke"
32178,"Redmiles","Gita"
250799,"Homond","Badri"
255609,"Fabrizio","Adam"
20527,"Birrer","Gina"
281932,"Rouquie","Makato"
407186,"Dulay","Ranan"
60717,"Sadowsky","Carrsten"
98635,"Rodier","Masasuke"
91397,"Perz","Fan"
109498,"Salinas","Behnaam"
249859,"Kieras","Ishfaq"
260590,"Oxman","Gadiel"
470102,"Stamatiou","Tze"
236374,"Gente","Sham"
467206,"Terkki","Peternela"
414480,"Vieri","Weidon"
97569,"Jenevein","Nathan"
57722,"Candan","Florina"
106808,"Hitomi","Odinaldo"
452968,"Bugaenko","Adin"
278360,"Bottner","Gregory"
62976,"Lagarias","Conal"
264203,"Miculan","Sanjoy"
72606,"Schnabel","Shugo"
290182,"Rajala","Cullen"
442085,"Peha","Jeong"
33212,"Erdi","Susuma"
246584,"Strandh","Cristinel"
205895,"Garnick","Steve"
452216,"Heemskerk","Pranav"
401548,"Arlazarov","Sahrah"
245084,"Rahimi","Rafael"
255954,"Reutenauer","Kwan"
98834,"Syrzycki","Radhika"
42444,"Kobuchi","Seongbin"
288062,"Miake","Samphel"
66070,"Birsak","Slavian"
458597,"Feldmann","Valeri"
293647,"Lindqvist","Martina"
281505,"Baer","Babette"
84517,"Keohane","Krassimir"
466473,"Pews","Jovan"
291306,"Chaudhury","Kensei"
413998,"Mahmud","Akeno"
285659,"Lorys","Mabhin"
229334,"Bresenham","Sergi"
238873,"Hartvigsen","Zongyan"
261339,"Erbe","Moti"
44099,"Gruenwald","Shridhar"
89855,"Haddadi","Takahiro"
423221,"Stanger","Narain"
402896,"Ghalwash","Zhiwei"
54562,"England","Sachio"
216146,"Angelopoulos","Kazuyasu"
19217,"Raoux","Rasikan"
18582,"Kroft","Collette"
419695,"Cullers","Bartek"
475298,"Eiter","Jagoda"
213964,"Limongiello","Shawna"
228230,"Rouquie","Heon"
69342,"Emden","Visit"
279373,"Brookner","Kamran"
248456,"Brender","Jinpo"
203284,"Flexer","Ult"
251955,"Arlazarov","Sibyl"
56284,"Molenkamp","Margo"
13983,"Siepmann","Sarita"
24990,"Onuegbe","Jackson"
221429,"Shiratori","Junsik"
244346,"Baalen","Chiranjit"
285556,"Guerreiro","Theirry"
481400,"Antonisse","Lijie"
86676,"Thummel","Aiichiro"
107994,"Spataro","Khoa"
474418,"Lueh","Jovan"
463051,"Kawashima","Hsiangchu"
480196,"Kornatzky","Kazuhide"
435549,"Khalil","Munehiro"
473599,"Rissanen","Gennady"
432482,"Egerstedt","Kerhong"
266462,"Fritzsche","Valdiodio"
425541,"Huhdanpaa","Spyrose"
234024,"Ventosa","Yuqun"
243780,"Ananiadou","Arto"
413740,"Neimat","Oscar"
265904,"Gecsel","Kendra"
241560,"Shackell","Alejandro"
210843,"Emiris","Weiyi"
64934,"Munos","Rosli"
462770,"Spell","Aamer"
12290,"Braccini","Jeanne"
253778,"Litzkow","Sakthirel"
453151,"Rosiles","Yuping"
217474,"Gammage","Masamitsu"
105138,"Peroz","Siddarth"
86754,"Vigier","Guadalupe"
20209,"Jahnichen","Raimond"
14958,"Beausoleil","Prasadram"
256539,"Slobodova","Dhritiman"
47353,"Welham","Kendra"
246874,"McFarlin","Boriana"
476260,"Dredge","Heejo"
289184,"Matzov","Naftaly"
231858,"Baez","Geoffry"
409055,"Gunderson","Jordanka"
43393,"Fraisse","Renee"
24265,"Mandell","Nakhoon"
298429,"Ouhyoung","Tuval"
442278,"Farris","Ranga"
201484,"Jayawardene","Zongyan"
262607,"Buchter","Kendra"
282031,"Chappelet","Aamod"
438445,"Sommer","Stabislas"
409777,"Beerel","Jenwei"
451458,"Hoppenstand","Jagoda"
81006,"Pagter","Atreye"
433081,"Wossner","Weicheng"
81357,"Keirsey","Jeanna"
414296,"Zwicker","Kazuhisa"
410611,"Makinen","Lidong"
214761,"Whitcomb","Shem"
47005,"Selvestrel","Eric"
18602,"Jonsson","Stepehn"
451623,"Waymire","Xinan"
233601,"Journel","Aiichiro"
225792,"Kandlur","Uzi"
27456,"Hoppenstand","Danil"
104147,"Miake","Miquel"
58904,"Validov","Moti"
234121,"Magalhaes","Xuedong"
439400,"Porotnikoff","Mrinalini"
90274,"Jiafu","Christoper"
479194,"Brookman","Bouchung"
452085,"Sinitsyn","Giordano"
453415,"Perri","Ziyad"
49335,"Breugel","Gunilla"
16403,"Chelton","Houman"
253423,"Restivo","Harjit"
213957,"Merks","Martine"
454388,"Mitchem","Marin"
442251,"Pietracaprina","Ronghao"
288304,"Majewski","Shan"
430094,"Krzyzanowski","Shen"
36549,"Fioravanti","Vesna"
407356,"Porotnikoff","Yifei"
53581,"Peot","Mabhin"
77865,"Cyre","Heather"
403931,"Zucker","Shaunak"
278564,"Flasterstein","Raimond"
237869,"Buescher","Mizuhito"
471709,"Penn","Mitsuyuki"
298548,"Minakawa","Nagui"
401013,"Scallan","Lijia"
262085,"Oberman","Pohua"
219006,"Bonifati","Hsiangchu"
11468,"Maksimenko","Navin"
267262,"Nyrup","Premsyl"
445150,"Dehkordi","Shaibal"
82369,"Terlouw","Sanjoy"
299016,"Tchuente","Berry"
476953,"Ramalingam","Zeydy"
81539,"Koshino","Sarita"
219835,"Maginnis","Tayeb"
211418,"Geffroy","Yahiko"
81579,"Krzyzanowski","Shaleah"
415114,"Miara","Sangeeta"
33411,"Schaad","Zongyan"
433059,"Montresor","Bojan"
246678,"Benzaken","Parviz"
298139,"Pargaonkar","Val"
449416,"Ghalwash","Jungsoon"
430694,"Woycyznski","Atreyi"
99495,"Alblas","Tayeb"
238779,"Driscoll","Shigeaki"
24541,"Ramras","Temple"
85592,"Kroft","Moto"
453440,"Nyanchama","Mrinalini"
266696,"Kilgore","Shahar"
51931,"Harnett","Ramachenga"
466552,"Nollmann","Valeri"
298865,"Fandrianto","Morrie"
462984,"Zweizig","Masako"
12393,"Uhrig","Soenke"
15932,"Angelopoulos","Zijian"
220983,"Varker","Unal"
13763,"Tsukune","Etsuo"
221555,"Undy","Navin"
273297,"Lores","Armond"
201901,"Ciolek","Toshiki"
44015,"Limongiello","Yuguang"
434871,"Ramaiah","Debatosh"
255764,"Miyakawa","Geoffrey"
416531,"Vesel","Ult"
23314,"Demizu","Krassimir"
299383,"Leuchs","Hailing"
81559,"Heping","Irena"
36448,"Billawala","Pantung"
409246,"Hutton","Khalid"
259865,"Glinert","Leif"
97523,"Suppi","Bikash"
211198,"Jakobus","Chuanyi"
446891,"Heuser","Susanta"
471387,"Lampe","Shahab"
410722,"Billingsley","Werner"
265628,"Cronau","Yuuichi"
251625,"Snyers","Fusako"
206232,"Peroz","Abdelaziz"
404082,"Sommen","Goh"
292910,"Luce","Debatosh"
268410,"Straney","Mori"
252804,"Gimarc","Boutros"
286060,"Hanratty","Tsutomu"
203216,"Hofman","Seongbin"
472678,"Gruenwald","Mitsuyuki"
30861,"Cusworth","Mani"
411680,"Riesenhuber","Yishai"
441846,"Lubachevsky","Hsiangchu"
433439,"Speel","Armond"
255978,"Krybus","Shrikanth"
451046,"Uhrig","Arch"
221432,"Plump","Zhongwei"
290357,"Cunliffe","Kasturi"
69556,"Hennebert","Seongbin"
452468,"Servieres","Ronghao"
266670,"Improta","Lalit"
451268,"Poulakidas","Fei"
252640,"Reistad","Apostol"
73669,"Vrecion","Shigehiro"
29967,"Terwilliger","Oddvar"
34147,"Falby","Jiann"
41119,"Wolniewicz","TRUE"
263466,"Lubachevsky","Baruch"
294828,"Chvatal","King"
290128,"Naumovich","Lenore"
227643,"Felcyn","Luise"
107406,"Bernick","Chanjung"
272458,"Moffat","Rildo"
477974,"Ariola","Aram"
42122,"Malinowski","Genta"
256809,"Ranze","Maya"
235145,"Nishimukai","Jiang"
42371,"Mersereau","Pragnesh"
255322,"Underwood","Chaitali"
249690,"Hagimont","Anneke"
36262,"Homond","Abdelwaheb"
36880,"Setlzner","Dzung"
107231,"Randt","Hairong"
296691,"Welham","Yuping"
93404,"Willoner","Shuzo"
465392,"Ruemmler","Laurentiu"
87926,"Rodite","Sorina"
425759,"Molberg","Tiina"
241400,"Bhattacharjee","Khaled"
259142,"Marshall","Sailaja"
465590,"Besselaar","Karsten"
248121,"Thummel","Mario"
239575,"Dechter","Zeljko"
210093,"Rissland","Apostol"
210409,"Baba","Hironobu"
32172,"Milicia","Duangkaew"
105122,"Schaap","Martins"
90219,"Schlenzig","Lene"
83878,"Baar","Gererd"
441284,"Hitomi","Mabhin"
55675,"Molenkamp","Rimli"
94197,"Maksimenko","Alain"
423217,"Pettis","Hongzue"
54811,"Vasanthakumar","Munenori"
475328,"Stavenow","Rayond"
249667,"Walston","Shawna"
109002,"Munoz","Giordano"
61939,"Schneeberger","Goa"
225401,"Etalle","Adas"
18607,"Ozeri","Zita"
37147,"Christ","Jiann"
46767,"Milicia","Bedrich"
102388,"Ponthieu","Takanari"
286341,"Lipner","Baocai"
269270,"Melton","Manohar"
471422,"Atchley","Teunis"
295092,"Baer","Xianlong"
291245,"Lueh","Shahab"
244744,"Srimani","Nitsan"
456419,"Bahl","Gritta"
78638,"Manderick","Jolita"
402574,"Birge","Chikako"
401645,"Demian","Mrinalini"
233298,"Encarnacion","Fumino"
281036,"Thimonier","Oksana"
97160,"Reghbati","Vesna"
243131,"Detkin","Paris"
87458,"Gimbel","Mikhail"
24746,"Tsukuda","Tianruo"
61901,"Takanami","Thanasis"
109887,"Bennis","Odysseas"
269971,"Rehfuss","Gao"
256913,"Hutton","Khalid"
446716,"Furedi","Ziya"
60126,"Orsini","Alair"
471342,"Thorelli","Chuanyi"
407542,"Hiraishi","Lillian"
38600,"Kitsuregawa","Alejandro"
448395,"Berstel","IEEE"
19770,"Einsfeld","Fabrizio"
272764,"Muniz","Jasminko"
202099,"Czap","Shushma"
272067,"Luff","Barton"
55852,"Eiter","Horward"
202996,"Hutter","Tze"
424454,"Bellone","Eirik"
54602,"Lortz","Diederik"
30152,"Auria","Tua"
434133,"Gewali","Etsuo"
76133,"Munch","Xiping"
295364,"Parascandalo","Shaowei"
256032,"Trogemann","Dmitri"
16245,"Collette","Mikhail"
401597,"Kirkerud","Conal"
214061,"Doering","Aemilian"
414258,"Fritzsche","Martial"
402684,"Gulik","Fusako"
258491,"Vingron","Baziley"
412832,"Bernatsky","Tokuyasu"
109441,"Sigstam","Danil"
291763,"Haumacher","Kazuhisa"
31149,"Itzfeldt","Gaurav"
20677,"Chartres","Samphel"
80763,"Merro","Bader"
59621,"Binding","Mads"
268473,"Wossner","Barun"
203386,"Plessier","Yongmao"
213076,"Prampolini","Leni"
51502,"Munawer","Slavian"
415772,"Saoudi","Yuqun"
442770,"Teitelbaum","Kolar"
467890,"Jansen","Paris"
277766,"Weisert","Hausi"
288502,"Conti","Thanasis"
420030,"Vidal","Arun"
62661,"Badr","Berto"
226451,"Cmelik","Elvis"
462720,"Krone","Hsiangchu"
285757,"Biran","Ipke"
29074,"Kawashima","Susanne"
455306,"Condotta","Houman"
39269,"Rodham","Baziley"
409283,"Schwartzbauer","Dzung"
248575,"Narahari","Toong"
279405,"Wilfing","Edwin"
263742,"Hasham","Henk"
100810,"Orlowski","Oksana"
229539,"Kawashima","Torsten"
55532,"Brobst","Beshir"
467130,"Passafiume","Cristinel"
86608,"Shigei","Honglan"
439728,"Tomescu","Charmane"
18409,"Bala","Keiichiro"
31595,"Barbanera","Stevo"
85748,"Benzaken","Yuuichi"
58601,"Asser","Sungwon"
77854,"Garrabrants","Mikhail"
105119,"Takkinen","Moie"
74516,"Sanella","Munir"
470667,"Rossi","Amabile"
456026,"Radwan","Hongzhu"
32688,"Hegner","Selwyn"
479877,"Pietracaprina","Pohua"
445705,"Perko","Eberhardt"
45981,"Swiss","Baoqiu"
84447,"Ossenbruggen","Sachin"
476802,"Wixon","Nadjib"
209111,"Herbst","Radhika"
18539,"Solares","Dayanand"
210832,"Hardjono","Fumino"
445920,"Bennet","Nikolaus"
403822,"Gulik","Bojan"
101647,"Homond","Mori"
84641,"Demri","Gaurav"
443022,"Gyimothy","Alexius"
286248,"Skafidas","Randy"
423692,"Bierbaum","Vugranam"
50636,"Isaak","Kristine"
243411,"Kroll","Miyeon"
76497,"Lundstrom","Miyeon"
72643,"Varley","Elvis"
41180,"Hertweck","Ennio"
468451,"Schieder","Sachio"
85529,"Usery","Clyde"
37314,"Couchot","Rosella"
236243,"Daescu","Jinxi"
439881,"Tyugu","Leon"
59232,"Panangaden","Stafford"
476724,"Kamble","Kagan"
256135,"Molenkamp","Olivera"
255194,"Diderrich","Heejo"
227910,"Alencar","Saniya"
43210,"Terkki","Mariangiola"
416450,"Busillo","Yagil"
253114,"Stifter","Zongyan"
471479,"Rassart","Morrie"
440884,"Sigstam","Renee"
31310,"Azulay","Jaideep"
36379,"Maccarone","Gretta"
425916,"Ramras","Horward"
238059,"Baer","Rajmohan"
202742,"Schlenzig","Lijie"
97726,"Veevers","Guther"
457356,"Dalphin","Shahab"
66007,"Salverda","Diederik"
90988,"Highland","Moto"
87164,"Montemayor","Georgi"
70331,"Bael","Mostafa"
62624,"Noriega","Kinh"
250008,"Ciolek","Kannan"
204491,"Snyers","Hitofumi"
405645,"Demke","Jianhui"
247953,"Danlos","Vitali"
23704,"Bahk","Basem"
284203,"Weisert","Subhankar"
239523,"Krychniak","Jiafu"
54344,"Lammel","Kerhong"
24231,"Sooriamurthi","Along"
238394,"Rosiles","Shigeaki"
62712,"Rissland","Manohar"
455132,"Danley","Uriel"
287161,"Parveen","Gilbert"
414518,"Thiran","Richara"
235615,"Heuser","Wilmer"
35322,"Gajiwala","Greger"
460541,"Haldar","Bernt"
430588,"Marakhovsky","Larisa"
279865,"Serra","Genki"
419283,"Zedlitz","Venkatesan"
65392,"Aseltine","Poorav"
462692,"Hiyoshi","Susanna"
99704,"Lowrie","Kenton"
430490,"Raoux","Ishfaq"
207790,"Noriega","Stein"
250937,"Krychniak","Chanjung"
276289,"Gilg","Yuchang"
87256,"Gulik","Jovan"
272235,"Whitcomb","Munehiko"
103133,"Ullian","Marsja"
38983,"Stille","Sachem"
94021,"Biros","Howell"
63959,"Conia","Hirochika"
209791,"Garnham","Mabhin"
481040,"Serdy","Shahaf"
222180,"Feinberg","Maia"
295140,"Luft","Venkatesan"
257464,"Luff","Douadi"
218368,"Walston","Lijie"
76420,"Erva","Huai"
478594,"Sommen","Mechthild"
91076,"Speel","Lillian"
434177,"McConalogue","Rafael"
25540,"Verhoeff","Sailaja"
460269,"Shokrollahi","Genevieve"
105852,"Beetstra","Filipe"
51331,"Pusterhofer","Jackson"
410521,"Lenart","Shigeu"
105451,"Kisuki","Yuriy"
421722,"Koshino","Angus"
98814,"Hinsberger","Theron"
207936,"Improta","Gonzalo"
216541,"Gist","Yinghua"
290428,"Flowers","Supot"
414704,"Luft","Toshiki"
419192,"Walstra","Uta"
34359,"Baer","Tsuneo"
410880,"Schwaller","Shigeo"
297919,"Kulisch","Eran"
86210,"Gustavson","Gonzalo"
443897,"Rullman","Weiwu"
293591,"Ozeri","Alper"
38419,"Geffroy","Shahar"
260949,"Oberman","Sudharsan"
75138,"Murrill","Girolamo"
472207,"Detkin","Bedrich"
428152,"Naudin","Shigehito"
52830,"Peron","Kitty"
92162,"Tempesti","Kazuhira"
289940,"Reghbati","Deborah"
269111,"Speel","Ung"
258303,"Benantar","Otmar"
285252,"Rosaz","Gennady"
246006,"Miara","Sachin"
97839,"Foong","Kristinn"
29137,"Basart","Zeljko"
463578,"Klerer","Moto"
436651,"Birnbaum","Weijing"
18792,"Zielinski","Rayond"
469925,"Morrow","Gopalakrishnan"
106393,"Matzel","Katsuo"
269259,"Wolniewicz","Duro"
243045,"Ozery","Sugwoo"
431983,"Ebeling","Brigham"
14197,"Chachaty","Adin"
474516,"Hambrick","Barton"
79798,"Nergos","Satoru"
16156,"Kaminger","Fei"
43227,"Peltason","Gou"
42611,"Gien","Odysseas"
475990,"Serre","Zhilian"
108346,"Frezza","Matt"
59492,"Schiettecatte","Bowen"
403462,"Munawer","Tze"
81824,"Gomatam","Mats"
443991,"Foote","Sivanarayana"
438769,"Zlotek","Muneo"
436541,"Bach","Along"
433533,"Trogemann","Mahendra"
215702,"Avouris","Thodoros"
36144,"Baek","Taegyun"
464485,"Hebert","Mark"
453198,"Siksek","Uta"
100956,"Gruenwald","Armond"
236177,"Ruther","Masali"
460904,"Velardi","Lihong"
462214,"Callaway","Kshitij"
464577,"Merel","Yolla"
274625,"Assaf","Fatemeh"
248620,"Mayerwieser","Tetsurou"
460776,"Toyoshima","Leaf"
283831,"Gammage","Mahmut"
258530,"England","Jackson"
227154,"Falck","Xiaocheng"
109406,"Bael","Arne"
430474,"Schnelling","Yucai"
244498,"Erie","Jixiang"
216918,"Bahi","Mayuri"
455225,"Passino","Lakshmi"
107978,"Bergere","Chriss"
82371,"Erev","Frederique"
85743,"Wissmann","Ramalingam"
31448,"Czaja","Tetsushi"
442877,"Bharadwaj","Arra"
404944,"Braccini","Almudena"
97233,"Rahimi","Toshimitsu"
260502,"Jeong","Danco"
73674,"Jahnichen","Yifei"
423575,"Cooley","Youngkon"
216065,"Pews","Rafael"
283648,"Viele","Cordelia"
225463,"Masada","Temple"
42692,"Feldmann","Dzung"
462742,"Kruskal","Jayson"
296860,"Cooley","Jaihie"
89381,"Anily","Paraskevi"
239341,"Gecsei","Shigehiro"
291485,"Puppe","Akeno"
279848,"Spell","Divier"
108816,"Gurbaxani","Volkmar"
407538,"Felder","Ekawit"
251466,"Yurek","Vitali"
253310,"Rosiles","Gift"
86501,"Kugler","Junichi"
433560,"Isaak","Gou"
253669,"Thambidurai","Goetz"
401305,"Karcich","Mack"
283433,"Snedden","Naraig"
410598,"Schoegge","Demin"
206243,"McFarlin","Ung"
91319,"Gill","Jackson"
73427,"Maquelin","Katsuo"
280061,"Deyuan","Marlo"
261337,"Leslie","Deniz"
239729,"Rousseau","Lijie"
98567,"Krohm","Moss"
429199,"Selvestrel","Arra"
254882,"Bondorf","Arunas"
103591,"Vakili","Moni"
78453,"Olivero","Hyuckchul"
20619,"Mayerwieser","Kwok"
417108,"Cherinka","Collette"
454703,"Bach","Kagan"
279049,"Roisin","Kamakshi"
258804,"Bruckman","Kayoko"
280924,"Merey","Sigeru"
83766,"Flowers","Adly"
44803,"Mamelak","Oddvar"
433630,"Aingworth","Bilhanan"
470033,"Ciolek","Carrsten"
278905,"Collette","Kirk"
213255,"Morrey","Fumiko"
209639,"Braccini","Maren"
414491,"Erez","Shigeichiro"
276468,"DuCasse","Rosalie"
208234,"Egerstedt","Paris"
60090,"Stasinski","Noritoshi"
271753,"McAlpine","Reinhold"
271718,"Barriga","Almudena"
416241,"Sinicrope","Christ"
73646,"Cromarty","Adamantios"
205493,"Snedden","Genki"
41074,"Siochi","Leen"
43843,"Detkin","Qingxiang"
82776,"Vieth","Manton"
267613,"Blokdijk","Fumino"
267783,"Salinas","Souichi"
38362,"Wursthorn","Richard"
48682,"Sessa","Karoline"
265635,"Marakhovsky","Djelloul"
475157,"Straney","Shunichi"
251977,"Lienhardt","Bingning"
74727,"Mamelak","Divier"
254718,"Ladret","Bernd"
93549,"Coullard","Arie"
58172,"Ghelli","Jingling"
246088,"Nannarelli","Fusako"
57277,"Crouzet","Khue"
22978,"Khalil","Charmane"
253094,"Syrotiuk","Hugh"
415962,"Kolinko","Anoosh"
222358,"Pramanik","Vishv"
33452,"Decaestecker","Frazer"
28010,"Shrader","Sugwoo"
461801,"Cooman","Sumali"
249143,"Picci","Shrikanth"
11493,"Sevcikova","Shen"
68038,"Hartvigsen","Lena"
261407,"Foong","Radoslaw"
205107,"Comellas","Kenroku"
51260,"Dayang","Youpyo"
274984,"Marshall","Tesuya"
289642,"Maquelin","Elzbieta"
79025,"Stasinski","Ebbe"
92329,"Farrar","Goetz"
400883,"DeMori","Georg"
419330,"Einsfeld","Kaijung"
92449,"Birsak","Georg"
406277,"Paludetto","Siamak"
407978,"Busillo","Luisa"
455316,"Kavraki","Aleksander"
85188,"Schade","Jagoda"
71879,"Silva","Ipke"
32514,"Giarratana","Yuqun"
30615,"Cappelletti","Radoslaw"
460223,"Preusig","Constantino"
253623,"Quadeer","Jingling"
239572,"Tyugu","Jayson"
446524,"Stranks","Boriana"
473695,"Lally","Stamatina"
429331,"Gladwell","Falguni"
76924,"Cooke","Dmitry"
424922,"Streng","Christoper"
53552,"Berztiss","Thodoros"
101608,"Mundy","Girolamo"
474792,"Marshall","Khedija"
201438,"Liedekerke","Khaled"
258195,"Speckmann","Zvonko"
102306,"Lorin","Shao"
74044,"Kriebel","Augustine"
18312,"Biros","Rosalyn"
460243,"Jiang","Kousuke"
248469,"Monkewich","Eben"
11873,"Reeken","Venkatesan"
258358,"Zedlitz","Byong"
439869,"Schoegge","Ziva"
63845,"Conti","Aimee"
45781,"Conti","Erez"
440629,"Mayerwieser","Boguslaw"
223068,"Majewski","Yannis"
52644,"Picci","Geoffrey"
26696,"Hegner","Saniya"
446228,"Warwick","Conrado"
425503,"Cheshire","Jolita"
238599,"Breugel","Tokuyasu"
20078,"Frezza","Ziya"
440375,"Bojadziev","Mitsuyuki"
433672,"Babb","Rildo"
401608,"Benveniste","Fumiyo"
72093,"Hempstead","Tiina"
271695,"Lienhardt","Martijn"
293530,"Kakkar","Xianlong"
237072,"Kuhnemann","Supot"
211428,"Huhdanpaa","Sreekrishna"
469327,"Nittel","Evgueni"
235414,"Rajcani","Sverrir"
68500,"Stellhorn","Leah"
62408,"Miake","Mountaz"
400944,"Dechter","Dzung"
464346,"Bazzichi","Bernardo"
421262,"Vickson","Hirochika"
247103,"Kirkerud","Tomoyuki"
41298,"Cesareni","Elvia"
291366,"Reinhart","Kazuhira"
36110,"Lung","Franziska"
466397,"Luan","Isamu"
480073,"Apsitis","Arfst"
29634,"Hanabata","Satyanarayana"
227881,"Gill","Ebru"
440259,"Farris","Changho"
429414,"Mahmud","Zongyan"
286426,"Homond","Cedric"
287029,"Neimat","Nitsan"
10388,"Kaiser","Hironoby"
37476,"Isaak","Gita"
299269,"Bernatsky","Nevin"
281277,"Pramanik","Moheb"
430274,"Halevi","Yuuichi"
403336,"Baby","Dmitry"
226807,"Azevdeo","Sreenivas"
288618,"Thiria","Mountaz"
51657,"Bernardeschi","Hatim"
31080,"Setia","Basem"
257176,"Binkley","Alejandra"
232686,"Akiyama","Kazuhiko"
297083,"Wielonsky","Mohit"
41417,"Zyda","Masaki"
107633,"Cooke","Mabo"
241077,"Veccia","Eran"
422785,"Klerer","Alselm"
413063,"Bazelow","Mari"
243068,"Champarnaud","Babette"
109224,"Zongker","Zhensheng"
421388,"Bernatsky","Elzbieta"
240157,"Kalsbeek","Shahar"
202009,"Bolotov","Sanjiv"
421210,"Constantine","Xiong"
77141,"Krzyzanowski","Shahab"
261459,"Barreiro","Theirry"
258339,"Bernatsky","Katsuo"
91692,"Remmele","Joydip"
71955,"Lanphier","Greger"
51930,"Viele","Henk"
29625,"Stamatiou","Etsuo"
53910,"Dredge","Mayuri"
27349,"Assaf","Akeel"
99699,"Munawer","Martial"
423546,"Scallan","Mara"
84467,"Ramras","Hilari"
426153,"Luce","Shahaf"
431639,"Khasidashvili","Aris"
58458,"Koshiba","Turgut"
211522,"Menhoudj","Rildo"
446873,"Perko","Lene"
77379,"Fairtlough","Geoffrey"
12435,"Gadepally","Marek"
10813,"Shumilov","Shalesh"
450033,"Stille","Xiping"
83160,"Thiria","Dipayan"
446008,"Sundgren","Elvia"
92890,"Hebert","Xudong"
460282,"Ginesta","Sedat"
458308,"Jahnichen","Iara"
205121,"Lindenbaum","Hinrich"
22489,"Bressoud","Gopalakrishnan"
259127,"Grandbois","Masato"
229134,"Juneja","Owen"
18012,"Iacovou","Reuven"
211678,"Munoz","Katsuyuki"
471309,"Vigier","Narain"
455704,"Schlumberger","Greger"
422315,"Jervis","Kristen"
236162,"Fontet","Hausi"
262452,"Krybus","Arvind"
292862,"Heiserman","Hein"
262550,"Baranowski","Masako"
58450,"Taubenfeld","Stepehn"
30587,"Navazio","Sanjiv"
30105,"Usery","Doowon"
427829,"Huxford","Mohammad"
96957,"Lindenbaum","Odoardo"
456842,"Ligten","Guoxiang"
14009,"Greibach","Snehasis"
85262,"Mayerwieser","Breannda"
243661,"Stanfel","Khedija"
287016,"Fordan","Ute"
431879,"Kinley","Owen"
43705,"Awdeh","Roddy"
293642,"Kruskal","Joydip"
461644,"Moehrke","Serenella"
106312,"Fargier","Poorav"
264544,"Jayawardene","Branimir"
474361,"Vilarrasa","Danel"
481425,"Hinsberger","Yuriy"
468754,"Hempstead","Tonia"
449837,"Szmurlo","Avishai"
107730,"Msuda","Zhenbing"
403296,"Backhouse","Seongbae"
103672,"Schlegelmilch","Candido"
18194,"Lindqvist","Nidapan"
247278,"Hettesheimer","Huai"
297121,"Brobst","Yolla"
57688,"Hofting","Mariangiola"
407045,"Krogh","Leah"
417425,"Bala","Pranjal"
217375,"Stroustrup","Ottavia"
213226,"Huttel","Jaques"
255087,"Milicic","Gererd"
17791,"Stifter","Matt"
436970,"Kalorkoti","Isamu"
418305,"Rosca","Irene"
420158,"Henders","Jasminko"
205978,"Vidal","Dmitry"
256648,"Binkley","Muzhong"
56206,"Fujisawa","Vishu"
96969,"Fraisse","Chinhyun"
273991,"Roccetti","Shushma"
84993,"Leslie","Duke"
426089,"Boguraev","Mari"
31388,"Bale","Hein"
273903,"Erde","Eishiro"
266304,"Ventosa","Ramachenga"
412241,"Schaap","Kamran"
85841,"Hooghiemstra","Florina"
269705,"Soloway","Kensyu"
227542,"Menhardt","Magdalena"
407678,"Joslin","Shigeaki"
60036,"Stifter","Tuval"
259388,"Cools","Xiadong"
84739,"Mersereau","Karlis"
40173,"Pews","Jungsoon"
242336,"Fendler","Fun"
214109,"Gide","Georgi"
249365,"Hutter","Kiyokazu"
90234,"Paludetto","Pramod"
478906,"Sadowsky","Arra"
218282,"Sommen","Tsuneo"
70494,"Busillo","Aimee"
11811,"Boissier","Herb"
402078,"Georgatos","Shigeo"
245962,"Schaad","Isamu"
282614,"Takanami","Toshimori"
421834,"Thummel","Ortrud"
50939,"Piveteau","Aiman"
450278,"Joslin","Nevio"
19343,"Hempstead","Heping"
407621,"Highland","Otmar"
411280,"Validov","Hitofumi"
407137,"Morrey","Elliott"
27613,"Siprelle","Richara"
434754,"Passafiume","Irena"
413626,"Ashish","Haldun"
477123,"Bolotov","Unal"
472278,"Yurov","Weiwu"
448118,"Pramanik","Nigel"
277291,"Kitsuregawa","Masako"
209405,"Colorni","LiMin"
27479,"Chaudhuri","Jaideep"
215658,"Ambroszkiewicz","Falguni"
47825,"Chelton","Yakichi"
230805,"Bouloucos","Christoph"
26491,"Osgood","Rimon"
467105,"Lichtman","Raimond"
249048,"Srimani","Sasan"
51181,"Sabnani","Val"
42074,"Aloisi","Georgy"
233547,"Dichev","Masali"
225905,"Passino","Shih"
411948,"Rijsenbrij","Eldridge"
436787,"Wroclawski","Petter"
237799,"Keirsey","Rildo"
63317,"Kilgour","Haldun"
109337,"Koprowski","Yongqiao"
76397,"Chvatal","Indrajit"
418026,"Mawatari","Hugh"
268046,"Vakili","Sakthirel"
437051,"Fontet","Selwyn"
101011,"Marchesini","Miyeon"
36055,"Rubsam","Changho"
209863,"Szilard","Kirk"
36155,"Pepe","Nathalie"
436060,"Angelopoulos","Mitsuyuki"
411283,"Bierman","Basem"
295925,"Ramaiah","Tuval"
242532,"Nastansky","Golgen"
421986,"Furudate","Gritta"
411834,"Beetstra","Fusako"
403479,"Brattka","Satosi"
428430,"Hasham","Basem"
475038,"Montemayor","Kenroku"
403672,"Coors","Fumitaka"
57110,"Stellhorn","Gou"
50924,"Rouquie","Bernt"
267807,"Harnett","Weiye"
445161,"Menyhert","Janalee"
258278,"Zuberek","Amstein"
26405,"Koshiba","Adas"
40352,"Felder","Mack"
434251,"Provine","Claude"
75330,"Pollock","Dekang"
466126,"Peral","Manu"
234726,"Sevcikova","Arnd"
267023,"Chinin","Tooru"
97585,"Vecchio","Aram"
75104,"Pavlopoulou","Yishay"
109473,"Garrabrants","Poornachandra"
263025,"Ginneken","Idoia"
213894,"Harnett","Pranay"
432776,"Kemmerer","Leszek"
454082,"Bolotov","Younwoo"
43835,"Tasistro","Shir"
299400,"Schrooten","Qingxiang"
233701,"Nollmann","Shen"
67118,"Kroft","Hideyuki"
53237,"Sherertz","Constantijn"
216685,"Christ","Tesuro"
68880,"Assaf","Elvis"
474651,"Janetzko","Yongqiao"
228770,"Kornyak","Anneli"
452557,"Sridhar","Jiakeng"
421843,"Ladret","Bernt"
255247,"Seghrouchni","Taisook"
77321,"Shrader","Cullen"
267828,"Stentiford","Freyja"
34678,"Ladret","Parto"
217349,"Zeleznik","Atreyi"
86413,"Shinomoto","Miquel"
435799,"Kaiserswerth","Gudjon"
426059,"Molenaar","Lihong"
432229,"Pietracaprina","Karsten"
99132,"Zschoche","Ingmar"
244963,"Pollock","Jaewoo"
407932,"Mondadori","Huican"
284035,"Linnainmaa","Bartek"
405611,"Joslin","Feixiong"
289627,"Gornas","Shan"
449507,"Back","Teruyuki"
283488,"Vasanthakumar","Kazuyasu"
258414,"Narwekar","Arto"
254801,"Rosis","Sachar"
74490,"Danlos","Tokuyasu"
260736,"Bennis","Rance"
220520,"Schrooten","Vasiliy"
235346,"Riexinger","Mabo"
52972,"Kirkerud","Luerbio"
22398,"Mahnke","Arumugam"
10505,"Auria","Isamu"
264763,"Khamsi","Tsuneo"
201043,"Munck","Anneli"
11429,"Kaminger","Nagui"
28902,"Veevers","Franziska"
104241,"Schapiro","Jeong"
460395,"Rosar","Salvador"
423134,"Schaar","Mayuri"
239763,"Speckmann","Greger"
402308,"Pettis","Maren"
56226,"Rabehasaina","Shem"
239689,"Cooman","Susanta"
428423,"Percebois","Leah"
430810,"Jenevein","Kristian"
470458,"Erez","Tremaine"
433058,"Staylopatis","Mayuri"
425155,"Bressoud","Baoqiu"
230433,"Hockney","Shakhar"
246484,"Litvinov","Xiahua"
66624,"Bharadwaj","Huiqun"
35763,"Reinhard","Gou"
18058,"Brobst","Naraig"
278859,"Lichtman","Khatoun"
19994,"Huttel","Alejandra"
295637,"Huttel","Kersti"
215751,"Schaap","Arnould"
425440,"Pews","Yolla"
265215,"Rissanen","Pohua"
216837,"Vesna","Sadun"
210761,"Kornyak","Mansur"
68988,"Furudate","Marie"
249501,"Garnham","Sadok"
408779,"Aamodt","Tamiya"
289637,"Markovitch","Tayeb"
81724,"Griswold","Kellie"
421601,"DeMori","Anoosh"
25298,"Gronowski","Junsik"
51899,"Uhrik","Eckart"
442040,"Kalefeld","Siddarth"
403747,"Valette","Giri"
32460,"Rotem","Kousuke"
42281,"Pollacia","Rimli"
44083,"Boreale","Kristof"
209441,"Fetvedt","Shay"
10209,"Ellozy","Yolla"
266629,"Mattern","Herbert"
234056,"Perng","Udaiprakash"
74684,"Bernatsky","Oguz"
74166,"Beidas","Shawna"
451513,"Chenney","Tuval"
25003,"Benzmuller","Dietrich"
247515,"Khalil","Ramachenga"
421996,"Theuretzbacher","Zvonko"
408757,"Trystram","Becky"
476671,"Winter","KayLiang"
104115,"Nastansky","Steve"
23552,"Pashtan","Yinlin"
59498,"Calkin","Zhensheng"
248572,"Fetvedt","Filipp"
206281,"Matzat","Adly"
286893,"Yurek","Parke"
12951,"Keirsey","Mohammad"
250794,"Kinley","Munehiko"
15808,"Terlouw","Amalendu"
14465,"Mitzlaff","Sajjan"
432744,"Fiebach","Arch"
432047,"Redmiles","Soenke"
442501,"Talmon","Jiann"
298145,"Fadgyas","Lubomir"
15503,"Tagansky","Stamatina"
279849,"Narahari","Alair"
204808,"Salverda","Olivera"
472092,"Bennis","Nectarios"
404020,"Fasbender","Sanjiv"
464902,"Pettis","Gill"
401447,"Grospietsch","Quingbo"
66348,"Schrift","Doohun"
438068,"Janetzko","Constantijn"
42409,"Nitto","Hailing"
214644,"Halevi","Maria"
473308,"Karcich","Yongmao"
280670,"Hitomi","Premsyl"
212254,"Matzke","Heeju"
17969,"Katalagarianos","Ranga"
447496,"Warwick","Valeri"
88187,"Radhakrishnan","Lihong"
408876,"Auyong","Yinlin"
207352,"Morton","Yannis"
471957,"DuCasse","Christophe"
231729,"Kobuchi","Kristen"
481345,"Plotkin","Tru"
456997,"Shigei","Subhrajyoti"
238797,"Akaboshi","Filipp"
450141,"Botman","Zsolt"
270227,"Kropp","Uma"
242376,"Luders","Irena"
438806,"Stroustrup","Morris"
469761,"Erde","Mohammed"
55958,"Kambil","Kamran"
408959,"Linnainmaa","Richard"
209462,"Jeong","Rimli"
279643,"Massonet","Kiam"
472567,"Cappelli","Gudjon"
449960,"Luft","Nahum"
76609,"Swick","Boguslaw"
265886,"Chleq","Ult"
469518,"Thimonier","Aamod"
242226,"Peroz","Candido"
442226,"Eiron","Tokuyasu"
433791,"Krogh","Mariangiola"
210019,"Portugali","Moni"
438399,"Kavvadias","Satoru"
220051,"Matheson","JoAnne"
99729,"Porenta","Dmitri"
35874,"Melter","Zeydy"
14357,"Siegrist","Maria"
76155,"Flexer","Pradeep"
72644,"Skrikant","Dines"
227177,"Mitzlaff","Xiaoqiang"
56321,"Pfau","Gen"
279365,"Provine","Weiyi"
79445,"Vrecion","Jayesh"
429648,"Gaughan","Pranjal"
421078,"Jiafu","Sanjoy"
278054,"Georgakopoulos","Sanjit"
239598,"Rosch","Taiji"
13622,"Juneja","Tamiya"
216382,"Kitai","Zhanqiu"
65974,"Schicker","Fayez"
50747,"Pettis","Armond"
76429,"Kleiser","Honesty"
469917,"Sgarro","Katsuyuki"
204480,"Prenel","Aloys"
470761,"Karnin","Hercules"
246729,"Spataro","KayLiang"
265434,"Cardazo","Yongmin"
276130,"Ranai","Barun"
103828,"Ishibashi","Jianhua"
271813,"Raney","Sham"
215789,"Vernadat","Ennio"
401320,"Birta","Premal"
292835,"Peltason","Lokesh"
283963,"Avouris","Moti"
271066,"Marrakchi","Chenye"
243357,"Gecsei","Berthier"
10361,"Sidou","Seshu"
109457,"Rosiles","Stevo"
65301,"Rajaraman","Babette"
21879,"Dengi","Danae"
285304,"Pagter","Bezalel"
55748,"Swick","Masato"
442190,"Sewelson","Weiyi"
71892,"Heemskerk","Alagu"
10559,"Comellas","Arumugam"
469332,"Cichocki","Marjo"
414204,"Cullers","Branimir"
249212,"Shobatake","Masamitsu"
75726,"Laventhal","Manu"
227827,"Schusler","Dinah"
219157,"Milicic","Debaprosad"
286495,"Vesel","Arfst"
202584,"Vieth","Teruyuki"
454889,"Ertl","Chikara"
454094,"Sethi","Heejo"
452246,"Apsitis","Olivera"
106029,"Kalorkoti","Shaunak"
70195,"Lienhardt","Itzchak"
433155,"Reeker","Dhritiman"
266563,"Vakili","Shaowen"
206467,"Stassinopoulos","Demin"
476407,"Feinberg","Guiseppe"
448084,"Chiodo","Nirmal"
217447,"Sadowski","Aruna"
402935,"Matheson","Taizo"
12625,"Basart","Goo"
282916,"Maraist","Barton"
252984,"Worfolk","Arch"
28596,"Porotnikoff","Perla"
10089,"Flasterstein","Sudharsan"
470859,"Adachi","Serif"
46888,"Foote","Ortrun"
235842,"Rosis","Keiichiro"
438163,"Mellouli","Marl"
478852,"Plessier","Abdulah"
416317,"Osgood","Mariusz"
75794,"Katzenelson","Tomoyuki"
431886,"Frolund","Chaitali"
253667,"Shumilov","Douadi"
24311,"Naudin","Emdad"
225669,"Khalid","Lokesh"
477622,"Hennings","Lakshmi"
47319,"Chartres","Tuval"
295640,"Felcyn","Chenyi"
455112,"Rosen","Chaoyi"
422387,"Tanemo","Hatsukazu"
83808,"Setiz","Danel"
212585,"Ranst","Arunas"
27290,"Khamsi","Nakhoon"
297013,"Wuwongse","Apostol"
438905,"Ponthieu","Dipankar"
290288,"Dulli","Cristinel"
220719,"Potthoff","Chaosheng"
204703,"Spataro","Sreekrishna"
73394,"Botman","Aron"
435123,"Erdmenger","Tremaine"
96073,"Zuberek","Claudi"
54550,"Marciano","Rajmohan"
426539,"Ebeling","Gilbert"
108699,"Kroon","Alagu"
256792,"Merli","Kerryn"
109585,"Fujisaki","Mona"
270371,"Capobianchi","Moon"
446611,"Garigliano","Moto"
267608,"Narahari","Makato"
40222,"Maccarone","Oldrich"
436087,"Perz","Christoph"
480697,"Lammel","Aram"
22136,"Thiran","Naftali"
95711,"Gihr","Toshimi"
461285,"Pintelas","Yefim"
44976,"Birdsall","Aris"
466177,"Bazzichi","Doohun"
234196,"Cullers","Rosella"
65559,"Nishimukai","Feipei"
444648,"Eugenio","Constantino"
442752,"Luft","Vugranam"
23808,"Linnainmaa","Mabo"
469537,"Vidya","Yahiko"
74504,"Mattern","Hironobu"
70309,"Scharstein","Gill"
11102,"Carrera","Bernardo"
460798,"Rodiger","Claude"
426986,"Furudate","Jixiang"
264010,"Shokrollahi","Christoph"
49981,"Hofstetter","Mads"
103200,"Suwa","Weicheng"
225608,"Fritzsche","Yuguang"
289168,"Giaccio","Tsutomu"
288706,"Ritzmann","Yuuichi"
231228,"Yetim","Apostol"
457435,"Leijenhorst","Yishai"
202036,"Desikan","Ottavia"
455681,"Vecchio","Ferdinand"
435765,"Kuszyk","Rimli"
27010,"Lambe","Hairong"
52511,"Luca","Zhanqiu"
201972,"Heydon","Erzsebet"
10136,"Pintelas","Zissis"
435011,"Biros","Shahar"
278714,"Dulay","Geoffry"
413160,"Felcyn","Tadanori"
55609,"Lieberherr","Heon"
482029,"Rosiles","Georgy"
296765,"Mullainathan","Theirry"
258397,"Khasidashvili","Diederik"
92871,"Radivojevic","Yannik"
222875,"Millington","Muzhong"
13785,"Legleitner","Shietung"
226913,"Papadias","Urs"
414173,"Jonsson","Gina"
92323,"Azuma","Florina"
37019,"Loncour","Faiza"
264217,"Puppo","Shen"
233870,"Apsitis","Domenick"
13605,"Encarnacion","Dmitry"
408474,"Krohn","Rosli"
290089,"Highland","Alain"
31408,"Sullins","Huei"
297683,"Yetto","Pintsang"
258470,"Butner","Weiwu"
437011,"Ranft","Kerryn"
42867,"Sommen","Garnik"
41059,"Whittlesey","Chuanyi"
298132,"Keustermans","Pintsang"
292365,"Cheshire","Gritta"
233992,"Morrin","Sadok"
48739,"Huhdanpaa","Bodo"
202007,"Heuser","Alejandro"
65798,"Tyugu","Shugo"
221386,"Hutton","Fumino"
15095,"Hofmeyr","Ziya"
405213,"Guenter","Dharmaraja"
87167,"Reeker","Olivera"
91890,"Madeira","Tonia"
10889,"Coors","Cheong"
424389,"Oxenboll","Marsha"
270714,"Laurillard","Chenye"
215324,"Range","Nahid"
455559,"Papastamatiou","Shan"
416513,"Msuda","Anyuan"
247212,"Holburn","Piyush"
474405,"Yurov","Jackson"
247871,"Minakawa","Marit"
456139,"Fontan","Filipe"
259908,"Onuegbe","Lijie"
66062,"Ranta","Zita"
292906,"Bale","Remmert"
282604,"Shokrollahi","Xianlong"
213279,"Brandsma","Shawna"
406592,"Trelles","Shmuel"
233544,"Champarnaud","Rosine"
204385,"Tchuente","Fumino"
436837,"Marrakchi","Pramod"
27762,"Griswold","Boalin"
291792,"Spieker","Takahira"
109412,"Rajala","Lansing"
99976,"Eastman","Toshiko"
440855,"Feinberg","Xiaobin"
32674,"Rindone","Zeydy"
59238,"Braunschweig","Moni"
479611,"Tetzlaff","Adam"
39408,"Yoshizawa","Arto"
289020,"Conta","Denny"
473803,"Olivero","Nobuyoshi"
11688,"Coullard","Denis"
32281,"Toyoshima","Yinlin"
224936,"Pileggi","Weiwu"
477360,"Kuszyk","Conal"
232574,"Meriste","Aloys"
439896,"Baaleh","Yahiko"
54976,"Berstel","Xiaocheng"
416799,"Luks","Chinya"
242269,"Picel","JiYoung"
413948,"Cappello","Rafail"
211342,"Danecki","Demin"
98571,"Curless","Stevo"
401606,"Wixon","Jingling"
428583,"Eastman","Ymte"
231874,"Peroz","Murthy"
75133,"Spataro","Tayeb"
418247,"Oppitz","Oscar"
225547,"Naudin","Florian"
272977,"Vural","Tomokazu"
246155,"Peak","Phillip"
263695,"Kuhnemann","Shaunak"
243506,"Perelgut","Mountaz"
473681,"Ghalwash","Morris"
14541,"Terwilliger","Suebskul"
255982,"Frijda","Weiyi"
277187,"Shinomoto","Arlette"
232445,"Llado","Khedija"
41480,"Furudate","Gao"
404569,"Quittner","Sigeru"
447665,"Schaar","Martien"
245399,"Gustavson","Danai"
33128,"Kushnir","Peer"
440169,"Holburn","Munenori"
222789,"Bahr","Shih"
42531,"Haddadi","Kiyokazu"
480248,"Verhoeff","Valter"
90706,"Flexer","Collette"
68682,"Matzat","Bernardo"
401897,"Collette","Hauke"
215287,"Krohn","Hatim"
222338,"Redmiles","Henk"
477348,"Fioravanti","Clyde"
480780,"Anido","Akemi"
98447,"Jording","Nagui"
34009,"Akazan","Boaz"
289634,"Pews","Kazunori"
281550,"Speckmann","Hausi"
256148,"Peltason","Feixiong"
297094,"Macedo","Shaunak"
51612,"Jahnichen","Heon"
66501,"Rande","Udo"
63986,"Piveteau","Bokyung"
210225,"Rodham","Xumin"
201274,"Begiun","Francesca"
421711,"Kalloufi","Zhongwei"
99939,"Camarinopoulos","Khedija"
79034,"Perri","Janalee"
53440,"Panangaden","Saniya"
35734,"Baak","Francesca"
469655,"Dymetman","Fay"
82885,"Foote","Francesca"
222856,"Trumbly","Niranjan"
61396,"Nastansky","Hairong"
206500,"Monkewich","Roddy"
43678,"Bernick","Shawna"
295619,"Maierhofer","Chenxi"
77622,"Vitiello","Ferdinand"
108593,"Kushnir","Pradeep"
452559,"Chinal","Tadahiro"
298659,"Sidou","Ebbe"
95470,"Gajiwala","Roddy"
455852,"Fordan","Arra"
208777,"Tsunoo","Cullen"
276512,"Baaz","Zhiguo"
56701,"Kobuchi","KayLiang"
229928,"Rothenberg","Lihong"
42342,"Caine","Ayonca"
21087,"Matzel","Eben"
11310,"Swab","Jianhua"
47341,"Domenig","Jeanna"
10754,"Feinberg","Chenyi"
256495,"Uchoa","Berna"
417435,"Zaumen","Bouchung"
32191,"Rahier","Lein"
57939,"Majewski","Yechezkel"
43558,"Shiratori","Bikash"
451132,"Knightly","Kerhong"
410911,"Baaleh","Mads"
408590,"Bernatsky","Sanjiv"
48718,"Polajnar","Bodh"
406363,"Czaja","Jinya"
256210,"Munke","Yefim"
238165,"Kragelund","Neven"
440068,"Perfilyeva","Zongyan"
402691,"Lichtman","Kousuke"
273696,"Camurati","Yongmao"
109902,"Terlouw","Kersti"
271574,"Conte","Gian"
259002,"Cummings","Karlis"
203461,"Staudhammer","Xiaobin"
252161,"Back","Margareta"
80645,"Gihr","Percy"
405615,"Bednarek","Munir"
400393,"Stavenow","Khaled"
402911,"Gronowski","Mariangiola"
400897,"Khalil","George"
52921,"Puppe","Ramya"
223359,"Mukaidono","Sariel"
412658,"Sigstam","Magy"
254992,"Schrooten","KayLiang"
415298,"Pettis","Mostafa"
409845,"Kalefeld","Yuichiro"
402216,"Cools","Filipe"
201033,"Gecsei","Zorica"
273131,"Wursthorn","Fumitaka"
82263,"Haumacher","Vishv"
43037,"Champarnaud","Ennio"
294821,"Molberg","Vasilis"
421695,"Merel","Theron"
22969,"Papastamatiou","Stella"
95588,"Ghalwash","Peer"
465231,"Giaccio","Collette"
282839,"Erni","Kwangjo"
44777,"Boissier","Alexius"
48307,"Vingron","Janche"
45267,"Budinsky","Zeljko"
215407,"Pusterhofer","Kwangjo"
285407,"Socorro","Dipayan"
202418,"Vuskovic","Xumin"
440162,"Baik","Vatsa"
270389,"Dayana","Zissis"
413991,"Merlo","Kerryn"
411303,"Luks","Junichi"
202336,"Anido","Guangming"
219319,"Huttel","Honesty"
94334,"Radhakrishnan","Ennio"
458611,"Lemarechal","Mikhail"
279817,"Masamoto","Tonia"
479481,"Hutton","Danil"
461798,"Fandrianto","Gou"
295524,"Mitina","Leif"
414438,"Quaggetto","Jianhao"
284172,"Pero","DAIDA"
478985,"Gubsky","Katsuo"
220450,"Simmel","Ult"
78722,"Kropp","Supot"
205558,"Peltason","Kokou"
59754,"Lichtman","Jiong"
225717,"Gihr","Ramachenga"
16745,"Zwicker","Xianlong"
433290,"Chaudhuri","Gully"
293814,"Bach","Barton"
273707,"Hardjono","Subhash"
225306,"Pagter","Wonhee"
465776,"Ramaiah","Toshiko"
283740,"Selenyi","Stella"
250275,"Kropf","Shaowen"
436056,"Muchinsky","Karsten"
286581,"Irland","Arvind"
72429,"Ranum","Selwyn"
424926,"Mitzlaff","Youjian"
52310,"Flexer","Yongmin"
63581,"McClure","Gao"
449543,"Holburn","Abdelkader"
420486,"Schiper","Emdad"
101414,"DasSarma","Xiaoheng"
38364,"Vilarrasa","Maya"
424831,"Dehkordi","Oguz"
36638,"Schiper","Maris"
53204,"Bernatsky","Nirmal"
215406,"Poujol","Navin"
251678,"Chenoweth","Xianlong"
18319,"Valiente","Jaroslava"
467296,"Angelov","Shuzo"
241842,"Staudhammer","Kokou"
221941,"Reinhard","Shin"
247313,"Eiron","Yonghoan"
238743,"Rabehasaina","Paraskevi"
62200,"McFarlin","Sigeru"
276406,"Nitto","Mizuhito"
456516,"Jumpertz","Magy"
423988,"Menhoudj","Hironobu"
220532,"Harbusch","Jeong"
97191,"Tetzlaff","Eldridge"
405336,"Molberg","Krassimir"
436179,"Baek","Guoxiang"
99139,"Mandelberg","Udo"
266334,"Magliocco","Kensei"
70365,"Akiyama","Dines"
289032,"Asrin","Danny"
24947,"Fujisaki","Oscal"
443838,"McClure","Rimon"
297022,"Swist","Kousuke"
76225,"Zumaque","Dinkar"
468119,"Azadmanesh","Pintsang"
19127,"Munawer","Matt"
220521,"Beutelspacher","Ymte"
293274,"Litzkow","Zhenbing"
224824,"Zedlitz","Leaf"
265909,"Rodite","Elzbieta"
104544,"Murrill","Monique"
65077,"Validov","Gor"
236627,"McClurg","Kwee"
50844,"Pocchiola","Kousuke"
106501,"Masamoto","Hyuncheol"
95574,"Ertl","Danco"
403628,"Shihab","Uli"
252257,"Rosen","Adit"
227441,"Peng","Atreye"
43766,"Picci","IEEE"
51581,"Gien","Moss"
85489,"Zwicker","Adas"
36623,"Gecseg","Rosine"
456647,"Hiltgen","Arvin"
81979,"Ruemmler","Ger"
279767,"Nitsche","Miomir"
103793,"Peris","Premal"
457234,"Munoz","Tamiya"
409607,"Woycyznski","Qiwen"
405382,"Mansanne","Kamakshi"
410723,"Thimonier","Elgin"
242268,"Warwick","Marc"
61634,"Panwar","Shigehito"
250286,"Schaft","Przemyslawa"
212805,"Kuszyk","Toshimori"
465475,"Maquelin","Adam"
85212,"Setia","Shirish"
66945,"Kusakabe","Perry"
256826,"Schade","Hatsukazu"
230222,"Szemeredi","Adit"
274430,"Piveteau","Georgy"
408002,"Fujisaki","Insup"
450669,"Dulin","Holgard"
402721,"Raoux","Tuval"
439439,"Desikan","Lorien"
406921,"Vanwelkenhuysen","Zejun"
52406,"Lupu","Duangkaew"
269271,"Zizka","Boaz"
239526,"Lueh","Chiradeep"
464786,"Ranai","Reuven"
405644,"Joslin","Hongzhu"
95713,"Osgood","Steve"
20897,"Senzako","Satoru"
276750,"Cummings","Shigehito"
240615,"Skrikant","Suebskul"
460709,"Melski","Edwin"
70597,"Shihab","Lalit"
259400,"Maliniak","Percy"
298251,"Crouzet","Zhenbing"
227748,"Lanzelotte","Atilio"
109272,"Navazio","Heping"
86105,"Plesums","Guther"
429311,"Caine","Mircea"
232176,"Hiyoshi","Janche"
100848,"Melichar","Tetsushi"
15969,"Masand","Pranav"
216875,"Mayerwieser","Conor"
62476,"Cooke","Yahiko"
445391,"Hopewell","Tesuro"
202723,"Yemenis","Arunachalam"
477804,"Butterworth","Bodo"
44462,"Rando","Sanjai"
247567,"Stifter","Nagui"
79989,"Huxford","Mahmut"
31987,"Bridgland","Jinpo"
280101,"Henders","Mabo"
263512,"Ossenbruggen","Odoardo"
419025,"Braunmuhl","Hauke"
434914,"Swift","Augustine"
258780,"Heusch","Collette"
444940,"Piveteau","Remzi"
202500,"Speel","Ult"
32335,"Melichar","Khue"
82892,"Matzov","Shawna"
406129,"Birge","Vesna"
250687,"Decleir","Kensyu"
31928,"Gecseg","Uli"
41478,"Socorro","Reinhard"
245921,"Conti","Mokhtar"
282738,"Lunt","Pantung"
249866,"Gubsky","Steen"
291234,"Peck","Isaac"
66339,"Streng","Yucel"
480185,"Peek","Berthier"
436421,"Rodite","Pasqua"
418683,"Lagarias","Tsuneo"
280980,"Suomi","Sariel"
11172,"Sudkamp","Kristian"
209749,"Barinka","Garnet"
31549,"Boreale","Georgy"
406963,"Melter","Harjit"
269979,"Cappelletti","Xinglin"
296508,"Besancenot","Sanjai"
85226,"Desikan","Saniya"
457767,"Vural","Sumant"
78553,"Giarratana","Naftaly"
71329,"Erdmenger","Eirik"
202918,"Kermarrec","Toshiko"
229066,"Bernardeschi","Kristinn"
400001,"Chinin","Rosalie"
53863,"Macedo","Ibibia"
448179,"Gustavson","Muzhong"
286575,"Dichev","Val"
257195,"Binding","Bogdan"
94112,"Pezzoli","Shaz"
208534,"Hanratty","Marit"
65562,"Honglei","Collette"
258101,"Brobst","Uzi"
230812,"Leaver","Along"
244855,"Pellegrinelli","Faiza"
41775,"Karnin","Genki"
65733,"Encarnacion","Khosrow"
424439,"Zielinski","Murthy"
227474,"Kirkerud","Mona"
95418,"Gide","Mari"
80226,"Serra","Hideo"
450944,"Luff","Itzchak"
210186,"Iivonen","Stafford"
61492,"Lichtman","Marin"
15139,"Strandh","Gor"
419722,"Manderick","Maha"
470139,"Hofman","Neelam"
100772,"Woycyznski","Rance"
265810,"Erez","Martine"
210766,"Fasbender","Jianhua"
224016,"Baig","Goo"
27729,"Escriba","Xinyu"
79980,"Flasterstein","Shai"
94305,"Trogemann","Bokyung"
473206,"Merlo","Christoph"
434162,"Aloia","Bodo"
91193,"Millington","Nadjib"
438829,"Munke","Munehiro"
294150,"Denos","Christoper"
97378,"Vidya","Krister"
272501,"Smeets","Divine"
222933,"Denos","Dhritiman"
100918,"Schwabacher","Tadanori"
75076,"Ratnakar","Licheng"
407614,"Stasinski","Ipke"
22876,"Godskesen","Make"
446106,"Toyoshima","Margo"
291055,"Demeyer","King"
109149,"Kushner","Akemi"
240747,"Perez","Harngdar"
444752,"Eiron","Debatosh"
81764,"Bennet","Erzsebet"
464093,"VanScheik","Diederik"
251464,"Talmon","Junichi"
30114,"Asrin","Mikhail"
228322,"Sgarro","Boriana"
226805,"Eastman","Nahum"
41561,"Smeets","King"
101592,"Kalloufi","Kwan"
34611,"Remmers","Marl"
12931,"Hutton","Spyrose"
240639,"Bratten","Mountaz"
104109,"Itschner","Shaz"
272188,"Luck","Vasilii"
99599,"Ghalwash","Lene"
445776,"Impagliazzo","Palash"
86087,"Nitsch","Bernice"
36987,"Erde","Brigham"
445591,"Jenevein","Parke"
214588,"Assaf","Juyoung"
61143,"Kalorkoti","Susanna"
453246,"Ramsey","Leaf"
25935,"Parascandalo","Berhard"
63725,"Oskamp","Taiji"
264835,"Markovitch","Tsvetan"
280476,"Mandelberg","Harngdar"
235019,"Peir","Tooru"
424513,"Kroha","Subbu"
448405,"Cesareni","Eishiro"
57155,"Brattka","Lene"
31185,"Sooriamurthi","Vatsa"
439479,"McClurg","Jinxi"
292167,"Murrill","Guenter"
264337,"Hutter","Sham"
430859,"Bakhtari","Gritta"
236035,"Eastman","Pintsang"
47963,"Plavsic","Luigi"
100254,"Oaver","Kendra"
19684,"Swab","Anneke"
221935,"Ballarin","Marl"
207314,"Anily","Laurentiu"
235546,"Speer","Tianruo"
233309,"Pena","Piyawadee"
201304,"Bharadwaj","Yuping"
92592,"Lorho","Kirk"
61219,"Aamodt","Chuanyi"
248817,"Giarratana","Valdiodio"
96562,"Ghemri","Abdulah"
38561,"Madeira","Shawna"
100946,"Lundstrom","Zengping"
203056,"Rosay","Satyanarayana"
93035,"Godskesen","Georg"
405350,"Servi","Conor"
240118,"Farrel","Sajjad"
200920,"Nitto","Ung"
14881,"Mateescu","Demos"
285391,"Erva","Chikako"
62499,"Lodder","Siamak"
52423,"Wossner","Zhanqiu"
444997,"Demke","Tamiya"
98712,"Chandrasekhar","Renny"
104538,"Klyachko","Marko"
34881,"Schapiro","Krister"
268454,"Stranks","Martine"
81557,"Lieblein","Alois"
84151,"Negoita","Shmuel"
243320,"Lueh","Sarita"
239098,"Collavizza","Muneo"
208848,"Kavraki","Valeska"
210620,"Bierman","Anyuan"
275243,"Huhdanpaa","Eirik"
274519,"Farrel","Remmert"
221019,"Hofstetter","Adas"
79333,"Kalsbeek","Mari"
290687,"Delgrande","Oddvar"
233250,"Hoogerwoord","Jayson"
437308,"Honglei","Leni"
413122,"Erva","Houman"
436542,"Delgrossi","Branimir"
239381,"Kulisch","Prodip"
52053,"Meriste","Makato"
274896,"Snedden","Kazuyasu"
271265,"Isard","Dietrich"
61151,"Curless","Baocai"
424376,"Emmerich","Jayesh"
297867,"Zolotykh","Chuanyi"
287166,"Ladret","Tesuya"
476884,"Boissier","Yongmin"
80244,"Chiola","Yucai"
403042,"Gubsky","Lunjin"
234084,"Viele","Rance"
266474,"Rabejac","Przemyslawa"
68637,"Danley","Sibyl"
454323,"Willoner","Serenella"
277130,"Passino","Bojan"
207062,"Alpin","Vasilis"
88872,"Kornatzky","Harjit"
69666,"Khalil","Jongsuk"
458906,"Luce","Cheong"
296627,"Demri","Florina"
295379,"Kaelbling","Stabislas"
247608,"Zaumen","Hsiangchu"
477362,"Servi","Rajmohan"
471868,"Olano","Danae"
242518,"Makinen","Sanjiv"
210912,"Zeilberger","Babette"
40059,"Crelier","Satyanarayana"
404042,"Ullian","Mohammad"
432378,"Gornas","Gilbert"
417505,"Backhouse","Arco"
40144,"Leslie","Uta"
28585,"Doering","Youngkon"
270596,"Gien","Uriel"
247464,"Percebois","Hitomi"
92797,"Ligten","Shalesh"
408444,"Schmittgen","Yechiam"
20469,"Srimani","Christophe"
246838,"Feinberg","Gaetan"
478236,"Jeansoulin","Barna"
446723,"Gimarc","Bowen"
406301,"Makrucki","Baruch"
95148,"Vernadat","Marc"
251152,"Grandbois","Niranjan"
97182,"Ermel","Sumant"
281453,"Gopalakrishnan","Insup"
228024,"Koblitz","Dmitri"
434374,"Eickenmeyer","Alper"
69984,"Ramras","Kinh"
78339,"Hutter","Kazuyasu"
27521,"Pietrzykowski","Hidde"
449115,"Levasseur","Kellyn"
11729,"Engberts","Xiong"
427221,"Etalle","Goncalo"
473048,"Rosay","Munir"
229585,"Schwaller","Aleksandar"
427482,"Pollacia","Stamatina"
401486,"Thorensen","Alper"
71945,"Awdeh","Pohua"
42868,"Takanami","Menkae"
281264,"Eterovic","Hongzue"
273770,"Giveon","Yolla"
412237,"Buchter","George"
478455,"Luef","Steen"
58918,"Gecsei","Tremaine"
248781,"Velasco","Youngkon"
211322,"Bach","Tadahiko"
46292,"Bellone","Rance"
60172,"Perl","Kiyokazu"
401654,"Gammage","Lihong"
444398,"Shumilov","Gita"
409565,"Yetim","Temple"
251673,"Suri","Tsvetan"
58121,"Bugaenko","Yuqun"
438227,"Verhaegen","Mayumi"
32414,"Rajala","Aron"
221884,"McConalogue","Lakshmi"
60699,"Ramalingam","Mahmut"
16523,"Rebaine","Reinhold"
92062,"Segond","Gennady"
439396,"Schicker","Christoph"
451751,"Hasham","Kwan"
295464,"Falck","Marc"
278865,"Harllee","Masami"
284086,"Christianini","Marlo"
466660,"Lamma","Toshimo"
277421,"Georg","Tremaine"
423962,"Cochrane","Genki"
96658,"Pouyioutas","Khedija"
268070,"Jumpertz","Khoa"
442741,"Emmerich","Ung"
207463,"Tibblin","Sastry"
70648,"Pavlopoulou","Boutros"
458376,"Hofman","Arnould"
427936,"Weisert","Fay"
25766,"Bain","Garnet"
207617,"Kuszyk","Baocai"
41680,"Mahnke","Berni"
283509,"DeMori","Kensyu"
53551,"Ranai","Jolita"
434295,"Rothe","Mingdong"
218385,"Fontet","Bangqing"
216598,"Vural","Zita"
11882,"Manders","Zhonghua"
97240,"Krogh","Yongmin"
238002,"Zumaque","Sumali"
58359,"Steinauer","Kerryn"
440658,"Plessier","Jaana"
411571,"Ramras","Reinhold"
31156,"Benantar","Steen"
100095,"Kilgore","Mohua"
96269,"Pagter","Tokuyasu"
426324,"Bale","Flemming"
455476,"Speek","Limsoon"
409830,"Hopewell","Jiang"
67434,"Rosin","Erez"
268685,"Melter","Heejo"
256966,"Oehlmann","Insup"
42062,"Fujisawa","Dinah"
20004,"Pfau","Radoslaw"
40189,"Cyne","Steve"
95428,"Conde","Shuzo"
49975,"Sudkamp","Geoff"
109929,"Vitiello","Jagoda"
39817,"Poulakidas","Moon"
408049,"Tramer","Gererd"
407795,"Lammel","Barun"
480919,"Czap","Tesuya"
58956,"Hitomi","Aiichiro"
458751,"Dusink","Rasiah"
37627,"Ladret","Jasminko"
432382,"Parveen","Mart"
73120,"Belinskaya","Munenori"
31215,"Schaft","Constantine"
444433,"Birch","Siamak"
232975,"Vitiello","Kersti"
226486,"Rotem","Hinrich"
53377,"Chorvat","Fumiko"
201266,"Rissanen","Uma"
437004,"DiGiano","Pascal"
265856,"Biros","Huiqun"
465823,"Panangaden","Shaw"
295060,"Conia","Kristian"
89480,"Angelov","Palash"
279175,"Serre","Shmuel"
107247,"Herath","Manu"
446560,"Kruskal","Sanjit"
402876,"Zaumen","Remko"
404647,"Hammerschmidt","Carrsten"
469575,"Collavizza","Mircea"
291295,"Taneja","Yinlin"
79070,"Auria","DeForest"
16266,"Sethi","Mikhail"
15176,"Sankaranarayanan","Charlene"
478092,"Tischendorf","Vidya"
462396,"Hedayat","Dietrich"
232994,"Szemeredi","Satosi"
468897,"Bottner","Mariangiola"
252924,"Bazzichi","Kazuhisa"
28214,"Reghbati","Visit"
53364,"Hertweck","Isaac"
206826,"Kadhim","Kwun"
421452,"Bodoff","Sanjoy"
205432,"Jiang","Zeljko"
262186,"Morrin","Maia"
275369,"Kermarrec","Pohua"
87372,"Stellhorn","Maren"
473208,"Werthner","Tremaine"
39890,"Valiente","Sanjai"
97617,"Akazan","Mahmut"
78917,"Bazzichi","Dayanand"
245264,"Streng","Make"
82618,"Ghandeharizadeh","Gritta"
61389,"Trachtenberg","Kristine"
272049,"Grabner","Kenroku"
419366,"Rabehasaina","Goo"
447179,"Basart","Yongqiao"
286690,"Suessmith","Shirish"
242287,"Bridgland","Marin"
453170,"Maccarone","Chandrasekaran"
107416,"Siegrist","Volkmar"
34010,"Luiz","Narain"
459796,"Kobara","Ranan"
222988,"Jiafu","Jungsoon"
219763,"Garrabrants","Martins"
108153,"Puppo","Lene"
104820,"Gien","Sangeeta"
10448,"Oxenboll","Phule"
249650,"Perri","Sachin"
25184,"Gente","Roselyn"
424987,"Bellone","Bernt"
450893,"Gerlach","Ulises"
434726,"Zambonelli","Haldon"
82125,"Otillio","Ravishankar"
456108,"Kilgore","Sadegh"
239109,"Linares","Zsolt"
277843,"Ligten","Gil"
101924,"Chinal","Kendra"
400486,"Leivant","Ortrun"
471426,"Czap","Zine"
407965,"Unno","Munehiro"
209594,"Feinberg","Geoffry"
473169,"Fordan","Geoffry"
104727,"Stanger","Masasuke"
97034,"Rando","Harngdar"
206094,"Linares","Moni"
429948,"Hainaut","Fumitake"
99439,"Manders","Mahmut"
72224,"Malinowski","Hatem"
24721,"Ranze","Bernt"
106089,"Dulay","Remmert"
276844,"Peltason","Elzbieta"
433727,"Rosch","Shalesh"
262204,"Syrzycki","Hironoby"
477098,"Monarch","Dante"
466046,"Pena","Nimmagadda"
20515,"Halloran","Jolita"
209129,"DeMori","Takahiro"
278529,"Roohalamini","Rutger"
203252,"Bondorf","Zongyan"
403943,"Christianini","Geoffrey"
11486,"Ramaiah","Itzchak"
70359,"Zultner","Przemyslawa"
468427,"Crouzet","Maria"
466857,"Pollock","Gudjon"
278152,"Farrow","Lena"
402513,"Quaggetto","Sachin"
286423,"Flanders","Dietrich"
41251,"Glinert","Arne"
246282,"Raczkowsky","Uli"
464456,"Anandan","Hyuncheol"
440949,"Budinsky","Tetsurou"
242086,"Rousseau","Jiang"
65472,"Molenkamp","Sanjoy"
50900,"Vigier","Uzi"
99596,"Erva","Sahrah"
79881,"Beerel","King"
435060,"Lieblein","Moie"
244730,"Luke","Georgy"
233697,"Mawatari","Prasadram"
239579,"Camurati","Kagan"
95905,"Sury","Berhard"
20554,"Shumilov","Qunsheng"
463266,"Anily","Salvador"
67976,"Cangellaris","Gurbir"
73402,"Hambrick","Toshimi"
212787,"Chaudhuri","DAIDA"
263126,"Hinsberger","Berry"
102663,"Perko","Miomir"
236255,"Velasco","Weiwu"
41591,"Asser","Martins"
18470,"Reeken","Subbu"
475141,"Eppinger","Anyuan"
437989,"Gini","Mikhail"
454597,"Wuwongse","Reinhard"
263526,"Marchesini","Vesna"
15790,"Schnabel","Kokou"
430723,"Gruenwald","Heekeun"
273548,"Pehl","Roded"
107318,"Beidas","Kristian"
451597,"Kuszyk","Shim"
477811,"Whitcomb","Shai"
248551,"Tsunoo","Izaskun"
422003,"Koyama","Jeanna"
473770,"Ranze","Tianruo"
471454,"Keohane","Pramod"
445159,"Kusakari","Arch"
469870,"Huhdanpaa","Katsuo"
225211,"Krichel","Barry"
275061,"Gyorkos","Siamak"
201202,"Crouzet","Arco"
201766,"Veeraraghavan","Zhenbing"
448441,"Rajala","Prodip"
22365,"Kading","Sumali"
270250,"Salvesen","Koldo"
405303,"Boyle","Muzhong"
443451,"Perfilyeva","Goa"
434317,"Baer","Nathan"
239520,"Angot","Mara"
414278,"Openshaw","Alois"
207643,"Marrakchi","Ulises"
477056,"Genther","Mountaz"
289498,"Ramsey","Tonny"
104403,"Gaughan","Danny"
36139,"Papadias","Bikash"
32393,"Puppe","Chandrasekaran"
66398,"Broomell","Dietrich"
41536,"Kamble","Krister"
442152,"Perri","Jiafu"
14508,"Babu","Shahid"
426435,"Angot","Subhankar"
407625,"Brandsma","Susanna"
88132,"Wossner","Idoia"
67342,"Nitsche","Vivian"
57914,"Hempstead","Frazer"
70508,"Janocha","Breannda"
91675,"Wrigley","Parke"
406996,"Kornatzky","Fusako"
101791,"Marwedel","Zhensheng"
476650,"Baaleh","Sariel"
453560,"Pashtan","Shay"
428183,"Demri","Richard"
66187,"Manderick","Anestis"
415897,"Duclos","Masami"
414131,"Neiman","Taisook"
67610,"Kitsuregawa","Ugo"
463649,"Picaronny","Leaf"
462514,"Ellozy","Kolar"
241603,"Bergere","Kazuhito"
261093,"Goodrum","Yoshimitsu"
442800,"Azadmanesh","Herb"
268051,"Levasseur","Faiza"
43430,"Billingsley","Reinhard"
428618,"Breugel","Rayond"
78404,"Begiun","Oksana"
419159,"Cronin","Xinglin"
18463,"Chenney","Inderjeet"
251182,"Dulli","Goh"
469469,"Swen","Alper"
403552,"Selvestrel","Gaetan"
46722,"Ariola","Barry"
225892,"Muhling","Uri"
448813,"Mullainathan","Khosrow"
299863,"Puoti","Otilia"
67004,"Szemeredi","Dhritiman"
270272,"Huttel","Jouko"
221863,"Schlegelmilch","Radhia"
16668,"Mungall","Rosalie"
414350,"Falck","Roddy"
287627,"Lipner","Percy"
264729,"Dahlbom","Falguni"
209298,"Farrel","Masasuke"
273411,"Fabrizio","Tetsushi"
86473,"Angel","Weijing"
465662,"Simkin","Unal"
453946,"Narahara","Filipp"
107662,"Feldhoffer","Weiru"
455454,"Andreotta","Shuho"
272471,"Gerteisen","Wayne"
88258,"Birsak","Mototsugu"
51473,"Hiyoshi","Jianhua"
462071,"Murtafg","Ioana"
415694,"Guardalben","Fox"
292312,"Morrey","Angus"
239162,"Muniz","Jaideep"
422900,"Crabtree","Marc"
12457,"Pettis","Olivera"
450968,"Serra","Nevio"
77214,"Kulisch","Fumitake"
80366,"Munke","Gita"
285701,"Wuwongse","Ung"
406057,"Spieker","Petter"
249524,"Birrer","Mara"
205204,"Demos","Yonghoan"
202836,"Bultermann","Youngkon"
276440,"Murtagh","Torsten"
77343,"Munke","Shirish"
40324,"Cools","Maya"
36857,"Hennebert","Reinhold"
460475,"Fortenbacher","Duke"
83994,"Hanabata","Danae"
25757,"Ginneken","Vojin"
424086,"Cummings","Pintsang"
71092,"Tsunoo","Kristina"
32315,"Erez","Tadahiko"
91216,"Panangaden","Alair"
426296,"Tempesti","Djelloul"
412726,"Kruskal","Shao"
92744,"Esteva","Danae"
85430,"Apsitis","Duro"
418289,"Hopewell","Basant"
79105,"Cullers","Sasan"
406626,"Couchot","Pintsang"
409705,"Lanteri","Youpyo"
403144,"Serra","Kristin"
459252,"Savasere","Kendra"
33937,"Schnabel","Youngkon"
85462,"Peyn","Ingmar"
429573,"Castellani","Samphel"
458771,"Slaats","Martijn"
74626,"Templeman","Jiafu"
250971,"Sankaranarayanan","Sarita"
456418,"Radivojevic","Roselyn"
431214,"DuCasse","Navid"
423874,"Gewali","Paris"
413683,"Rosar","Hirochika"
449541,"Rusterholz","Hugh"
283102,"Slobodova","Shooichi"
412582,"Rando","Jeanna"
298998,"Massonet","DeForest"
404733,"Farris","Eberhardt"
88410,"Heuser","Tomofumi"
91058,"Litzkow","Weijing"
292823,"Asser","Constantine"
107960,"Gomatam","Jayesh"
54937,"Schmezko","Jiong"
34079,"Cappello","Fumitaka"
59885,"Danlos","Radhika"
286178,"Morrow","Urs"
424639,"Lorys","Harngdar"
259600,"Marrevee","Saddek"
454375,"Paludetto","Nevio"
421852,"Rathonyi","Huai"
37600,"Engelmann","Kerhong"
446148,"Brender","Khue"
296250,"Papsdorf","Krisda"
18369,"Backhouse","Pintsang"
446031,"McAlpine","Steen"
248815,"Rubsam","Sanjay"
99616,"Bierman","Peternela"
61671,"Boissier","Vojin"
202323,"Khalid","Reuven"
61768,"Crooks","Tuval"
459237,"Giarratana","Shuzo"
459635,"Gaughan","Valeri"
472265,"Shiratori","Kitty"
253417,"Kalorkoti","Irene"
479419,"Itzfeldt","Filipp"
45733,"Melski","Cathie"
23352,"Krone","Jaewoo"
407572,"Kohling","Leah"
109250,"Matzen","Kristinn"
64370,"Tomescu","Chenxi"
434252,"Eickenmeyer","Jenwei"
459115,"Saoudi","Katsuo"
287124,"Soicher","Tremaine"
449951,"Zobel","Ioana"
65397,"Marletta","Richara"
288796,"Quittner","Xiaoqiang"
69365,"Baca","Aiman"
277492,"Luga","Debatosh"
44775,"Cooman","Abdelwaheb"
27306,"Benantar","Steen"
63807,"Cromarty","Taizo"
61187,"Gomatam","Alagu"
422934,"Gladwell","Irene"
282131,"Wendorf","Oguz"
11781,"Pluym","Tua"
479582,"Grospietsch","Rafols"
432450,"Luce","Gudjon"
427278,"Kobuchi","Serap"
83175,"Reeker","Itzchak"
455377,"Bail","Masali"
297245,"Potthoff","Gina"
242790,"Limongiello","Zine"
226849,"Brookner","Pragnesh"
271317,"Bain","Heeju"
439914,"Pietrzykowski","Arif"
246445,"Bednarek","Felicidad"
202618,"Eldridge","Dmitry"
411739,"Litvinov","Valdiodio"
403177,"Eickenmeyer","Dzung"
78306,"Jumpertz","Arto"
273803,"Ligten","Suebskul"
444808,"Maquelin","Sudhanshu"
294302,"Oskamp","Hongzue"
41633,"Ishibashi","Jixiang"
269872,"Thambidurai","Shridhar"
433307,"Norsworthy","Filipp"
252759,"Engberts","Teunis"
94647,"Delaune","Jiann"
449494,"Lammel","Demin"
461454,"Janocha","Jessie"
216790,"Munawer","Marlo"
53423,"Walstra","Xianlong"
29164,"Mitchem","Alagu"
98129,"Gadepally","Mayuko"
419932,"Veevers","Luigi"
237261,"Smailagic","Aamod"
42096,"Ranst","Zongyan"
470341,"Khasidashvili","Dinah"
80822,"Byoun","Marsal"
472158,"McConalogue","Jasminko"
200455,"Businaro","Aksel"
202829,"Jiafu","Nevin"
288439,"Cesareni","Toshimi"
94926,"Bresenham","Urs"
207082,"Veccia","Hairong"
449189,"Bernatsky","Jahangir"
208384,"Juneja","Huiqun"
430480,"Honiden","Yongmao"
12640,"Lindqvist","Shigeo"
41538,"Valette","Dipankar"
415820,"Nicolson","Miomir"
86278,"Matzel","Lobel"
274436,"Zockler","Brewster"
11286,"Gini","Joydip"
34867,"Maraist","Wojceich"
463007,"Baak","Lijie"
259516,"Bauknecht","Janche"
67576,"Hertweck","Petter"
277010,"Parfitt","Xuejia"
36135,"DeMori","Thanasis"
26551,"Papastamatiou","Berthier"
246040,"Angelov","Jackson"
20653,"Mellouli","Shigenori"
286006,"Vanwelkenhuysen","Masoud"
204359,"Hitomi","Syozo"
227691,"Mitsuhashi","Aleksander"
414945,"Roisin","Zdislav"
436116,"Billawala","Saniya"
210016,"Fendler","Qingxiang"
54062,"Birjandi","Rimon"
412255,"Pezzoli","Vojin"
104870,"Peltason","Nectarios"
29779,"Katzenelson","Gudjon"
410863,"Braunmuhl","Miomir"
295772,"Birsak","Xuedong"
58770,"Nitta","Gaetan"
22315,"Joslin","Jayesh"
215906,"Hockney","Kristin"
215410,"Rosch","Mabhin"
262645,"Ranum","Martins"
52304,"Erbe","Huei"
286803,"Azumi","Serge"
108574,"Remmele","Visit"
292106,"Shimshoni","Danil"
241422,"Lorch","Herbert"
267326,"Lakshmanan","Shuji"
212804,"Plumb","Dzung"
98673,"Penttonen","Chanjung"
443355,"Famili","Yakkov"
420283,"Bierbaum","Mark"
406259,"Whitcomb","Shahid"
471254,"Pollock","Lobel"
278095,"Merel","Nagui"
47138,"Coorg","Vesna"
222357,"Khalid","Maya"
284109,"Seuren","Irena"
234116,"Akiyama","Torsten"
281737,"Stiles","Lech"
454646,"Ruther","Honglan"
44911,"Nitta","Leandro"
479800,"Tzvieli","Kamakshi"
480409,"Fujisawa","Genki"
219503,"Nannarelli","Christoph"
23846,"Oxman","Hilary"
439074,"Plessier","Gou"
213248,"Sudkamp","Along"
473024,"Eiter","Jianhao"
63566,"Slaats","Heekeun"
464888,"Matzov","Morris"
31774,"Erie","Aron"
262794,"Sewelson","Lubomir"
424270,"Yoshizawa","Kellyn"
81035,"Boreale","Hsiangchu"
418867,"Salinas","Akhilish"
83169,"Buescher","Tsz"
67609,"Berztiss","Poornachandra"
79868,"Rosen","Moti"
57550,"Gihr","Zongyan"
465001,"Kavanagh","Guozhong"
48139,"Bultermann","Perry"
417831,"Hennebert","Jaihie"
436038,"Mungall","Jeanne"
457247,"Mukaidono","Rosella"
292805,"Hoogerwoord","Jacqueline"
470934,"Michaeli","Piyawadee"
451477,"Eppinger","Kayoko"
274986,"Munke","Utpal"
420560,"Lorie","Mahendra"
219858,"Danner","Krister"
202793,"Birke","Venkatesan"
59615,"Beidas","Rosli"
405476,"Barriga","Boalin"
266235,"Kuhnemann","Evgueni"
85266,"Morrin","Tsz"
478064,"Fujisawa","Huai"
64050,"Nittel","Baoqiu"
442840,"Malinowski","Samphel"
99592,"Rubsam","Jayson"
450250,"Pokrovskii","Abdelkader"
286394,"Granlund","Doowon"
69208,"Dechter","Xiaoqiu"
476563,"Vrecion","Toong"
400588,"Tanemo","Boutros"
206155,"Braunschweig","Yishay"
62178,"Conte","Shirish"
291378,"Erman","Munehiro"
456740,"Serra","Hilary"
259687,"Ratzlaff","Richard"
285019,"Yurov","Kenton"
466420,"Denti","Shem"
222805,"Parhami","Mahmut"
411285,"Casley","Huei"
83426,"Flowers","Yuichiro"
285139,"Middleton","Shigehito"
55761,"Baaz","Berhard"
217335,"Backhouse","Toshimi"
211920,"Adachi","Sahrah"
82026,"Ritzmann","Hongzue"
221362,"Cardazo","Vugranam"
471630,"Iwayama","Abdelaziz"
449083,"Farrel","Toshimi"
95480,"Luke","Ennio"
437661,"Walstra","Genta"
81945,"Orlowska","Breannda"
419826,"Azevdeo","Masanao"
241623,"Knightly","Fumitaka"
221512,"Hennings","Xuedong"
36035,"Malinowski","Alejandro"
276632,"Menyhert","Otmar"
71312,"Arlazarov","Toshimitsu"
87842,"Parveen","Gift"
200091,"Marchegay","Heon"
296666,"Stemann","Terresa"
228833,"Binkley","Teunis"
22220,"Ermel","Masami"
403503,"Rikino","Ulises"
458047,"Denos","Gaetan"
447310,"Murtagh","Branimir"
89302,"Ponthieu","Tokuyasu"
466566,"Uhrig","Junichi"
86555,"Petersohn","Utz"
453210,"Staelin","Akeno"
104034,"Snedden","Gennadi"
102876,"Diderrich","Zejun"
97577,"Perna","Masato"
475615,"Hennebert","Prasadram"
471231,"Vecchi","Toshimo"
289730,"Perez","Gian"
299708,"Pehl","Ortrud"
414852,"Strandh","Aris"
32468,"Masamoto","Rafols"
272553,"Wegerle","Maia"
256587,"Kolinko","Keiichiro"
90843,"Besancenot","Atilio"
47345,"Stifter","Tzvetan"
277603,"Basart","Duke"
100170,"Fiutem","Alagu"
243996,"Pusterhofer","Godehard"
28487,"Alblas","Ziva"
57035,"Zongker","Boaz"
217295,"Angiulli","Jouko"
223773,"Lanteri","Moty"
232300,"Keohane","Conal"
54766,"Hiyoshi","Adhemar"
441714,"Cooke","Hisao"
410573,"Eickenmeyer","Bingning"
406033,"Lammel","Taiji"
91265,"Ohori","Somnath"
461904,"Iacovou","Mitsuyuki"
227658,"Marakhovsky","Isamu"
284206,"Olivero","Akemi"
278112,"Ginneken","Paddy"
59882,"Geffroy","Shahab"
226686,"Muchinsky","Kshitij"
464416,"Domenig","Ohad"
228217,"Luke","Khedija"
222857,"Bressoud","Annemarie"
273697,"Kampfer","Tru"
19019,"Murtafg","Fuqing"
93132,"Roccetti","Jeane"
418611,"Peak","Chirstian"
74068,"Luks","Duangkaew"
224275,"Masaki","Sahrah"
278831,"Badache","Sanjoy"
68383,"Chinen","Hatem"
211333,"Tetzlaff","Geoffry"
475853,"Taneja","Jolita"
104825,"Suppi","Weidon"
268981,"Schusler","Miomir"
268223,"Schwaller","Quingbo"
75210,"Asser","Shigeichiro"
452275,"Penttonen","Sachar"
272769,"Huxford","Shaunak"
248440,"Baaz","Odoardo"
65514,"Lundstrom","Aemilian"
279751,"Lunn","Kannan"
423341,"Terkki","Jiann"
259781,"Nitto","Yurij"
251301,"Impagliazzo","Pintsang"
428918,"Kroll","Vasilii"
273679,"Lieberherr","Valeska"
473657,"Munos","Rosalie"
415467,"Compeau","Lucian"
108367,"Rouquie","Rimon"
439375,"Schnabel","Duke"
50305,"Salinas","Chaitali"
403393,"Melter","Shigehiro"
277265,"Kriebel","Susanta"
443137,"Perez","Zhiguo"
438086,"Ramsak","Maja"
424244,"Rajcani","Arunachalam"
104512,"Schiper","Vasilis"
87965,"Arlazarov","Mats"
297480,"Azevdeo","Mingsen"
284796,"Fasbender","Janalee"
41780,"Gurbaxani","Ebru"
260676,"Dalphin","Shrikanth"
215885,"Imataki","Sanjeeva"
274856,"Weedman","Fayez"
449333,"Iisaka","Hisao"
251642,"Dusink","Marco"
282735,"Hoppenstand","Fatemeh"
65173,"Binkley","Karlis"
34588,"Brodie","Aiichiro"
20003,"Coors","Munehiko"
479777,"Milicia","Sajjad"
262405,"Coorg","Bader"
464926,"Heering","Doohun"
405865,"Deville","Naftali"
97776,"Emden","Hongzue"
434344,"Delgrande","Mona"
260003,"Pappas","Conrado"
232575,"Benaini","Froduald"
74214,"Keohane","Bluma"
200887,"Akazan","Valeska"
249422,"Bisiani","Adhemar"
425152,"Passafiume","Kwun"
414937,"Marletta","Arvin"
278887,"Schwaller","Kwan"
243401,"Stanger","Irene"
448070,"Berstel","Bernt"
286388,"Fadgyas","Ger"
98320,"Kobuchi","Huai"
40730,"Kropf","Yahiko"
434992,"Schwabacher","Tomokazu"
206744,"Radivojevic","Kenton"
210597,"Trachtenberg","Lijie"
481436,"Teitelbaum","Mohd"
477196,"Azulay","Pranjal"
81941,"Angiulli","Yishai"
70828,"Whitcomb","Masaru"
250852,"Awdeh","Ottavia"
27590,"Couchot","Halsur"
76987,"Schaad","Haldon"
55944,"Norsworthy","Sudhanshu"
45760,"Przulj","Masanao"
14282,"Aumann","Claudi"
217190,"Gill","Charmane"
201856,"Ginesta","Shem"
408050,"Veeraraghavan","Heejo"
206494,"Compeau","Geoffrey"
88050,"Miara","Satoru"
209379,"Jording","Freyja"
293752,"Bail","Jungsoon"
209895,"Baca","Herb"
264586,"Randt","Candida"
460455,"Saoudi","Taizo"
234737,"Perng","Shushma"
427562,"Cannane","Maia"
286238,"Lorch","Theron"
421463,"Ishibashi","Christophe"
282190,"Thisen","Mabhin"
86403,"Vickson","Arto"
245040,"Coors","Parviz"
50848,"Parveen","Chuanti"
78594,"Wielonsky","Moon"
264475,"Berendt","Henk"
93774,"Etalle","Martins"
235606,"Luit","Khaled"
92487,"Kugler","Munehiko"
208062,"Larfeldt","Sreekrishna"
257284,"Shiratori","Arco"
292206,"Segond","Uinam"
23865,"Selenyi","Conrado"
89690,"Back","Sukumar"
82209,"Nitsche","Werner"
480076,"Ramras","Mototsugu"
431191,"Bratsberg","Salvador"
298427,"Ghalwash","Youpyo"
24965,"Fraisse","Mayuri"
97848,"Unni","Takanari"
17641,"Parhami","Jaber"
82218,"Schreiter","Pranav"
283266,"Falster","Uzi"
84184,"Castellani","Chuanyi"
462743,"Peral","Ranan"
478361,"Hellwagner","Jaques"
26116,"Beausoleil","Mohammad"
254215,"Rosiles","Berthier"
211781,"Hofting","Thanasis"
425170,"Baby","Mandell"
267142,"Rahier","Emran"
77866,"Krupka","Noritoshi"
28482,"Papastamatiou","Dietrich"
423322,"Facello","Seongbae"
42740,"Chinen","Dante"
451238,"Standera","Zhaofang"
89260,"Shanbhogue","Yakichi"
78020,"Lorie","Moie"
89196,"Ramalingam","Bowen"
51228,"Avouris","Jinxi"
17706,"Pauthner","Candido"
477809,"Heuser","Munenori"
432817,"Levasseur","Froduald"
266903,"Borstler","Subhash"
253472,"Kusakabe","Gianluca"
227434,"Bouloucos","Sajjan"
58490,"Navazio","Toshiko"
27965,"Krohn","Murthy"
271778,"Aingworth","Samphel"
18812,"Lueh","Uriel"
237912,"Farrow","Jaana"
212142,"Yoshimura","Tristan"
17982,"Stenning","Dzung"
410824,"Warwick","Satosi"
215391,"Schmiedel","Rosine"
292236,"Rusterholz","Jamaludin"
418019,"Ecklund","Kristina"
445745,"Mattern","Jinya"
480233,"Roison","Hironobu"
108075,"Nittel","Geraldo"
24737,"Ouhyoung","Saeko"
409977,"Crouzet","Uinam"
427465,"Huhdanpaa","Uri"
226524,"Georg","Wilmer"
268753,"Veeraraghavan","Hyuncheol"
16049,"Siepmann","Bojan"
93669,"Coors","Hirochika"
32918,"Nicolson","Moty"
13491,"Halevi","Xiaocheng"
78124,"Marrakchi","Fatemeh"
430746,"DiGiano","Shahar"
412846,"Puppe","Gennadi"
265209,"Rosay","Vitaly"
95738,"Marrakchi","Moni"
290875,"Cyne","Masako"
16645,"Babb","Jordanka"
222989,"Rahier","Sorina"
10346,"Radwan","Aamod"
212800,"Hardjono","Lihong"
104019,"Rissanen","Fumiko"
277173,"Wegerle","Sachio"
454923,"Dusink","Oldrich"
24935,"Staudhammer","Kersti"
29094,"Schaft","Rildo"
459942,"Merli","Geoffry"
44596,"Heinisuo","Niclas"
426736,"Neimat","Ortrud"
227344,"Caine","Aria"
83001,"Spell","Maja"
444730,"Lipner","Alper"
434179,"Basawa","Munir"
201106,"Fendler","Marc"
224999,"Swiss","Kazuhiko"
281983,"Klyachko","Kiyotoshi"
41105,"Carrere","Arup"
21473,"Calkin","Youssef"
420123,"Rebaine","Feiyu"
262572,"Srimani","Xiaobin"
403131,"Perko","Miyeon"
206829,"Monarch","Mario"
89273,"Thombley","Nikolaos"
249462,"Avouris","Junsik"
425097,"Matzen","Gao"
259770,"Covnot","Moni"
54813,"Gornas","Katsuyuki"
441748,"Perz","Tomofumi"
461353,"Falco","Mantis"
25345,"Matzov","Kwangyoen"
233791,"Zhiwei","Hideyuki"
445858,"Pileggi","Seshu"
411956,"Schreiter","Jinxi"
262583,"Lortz","Yuriy"
408788,"Cannard","Feiyu"
78739,"Syrzycki","Khun"
478245,"Dolinsky","Jaana"
204919,"Kavvadias","Nakhoon"
20843,"Schiper","Marla"
444274,"Uludag","Bokyung"
95808,"Kobara","Zengping"
279457,"Skogmar","Erzsebet"
210394,"Chorvat","Dinah"
250562,"Laurillard","Panayotis"
99740,"Wiegley","Adly"
298940,"Covnot","Geoffry"
13836,"Przulj","Taiji"
100732,"Veevers","Debaprosad"
254421,"Katiyar","Seshu"
77883,"Feinberg","Subhada"
75757,"DeMori","Kwangsub"
218661,"Nitta","Haldon"
449824,"Blokdijk","Marco"
443635,"Osgood","Krisda"
200193,"Servieres","Syozo"
420046,"Vesna","Sugwoo"
38452,"Karner","Aksel"
465817,"Yavatkar","Geoff"
453843,"Gerteisen","Gina"
443090,"Schaaf","Qingxiang"
436911,"Brodie","Dayanand"
253632,"Bresenham","Pohua"
246368,"Openshaw","Kristof"
93430,"Baar","Golgen"
24069,"Cmelik","Khoa"
480768,"Kossowski","Sham"
467042,"Backhouse","Shalesh"
421905,"Uhrik","Moto"
200429,"Benner","Irene"
473437,"Hutton","Samphel"
62235,"Lorie","Hidefumi"
476323,"Fortenbacher","Heng"
274738,"Brookman","Takahito"
44457,"Vuskovic","Saddek"
89788,"McDermid","Filipe"
474236,"Felder","Jiann"
31439,"Diderrich","Thanasis"
15875,"Halevi","Anwar"
44103,"Tsunoo","Anyuan"
42951,"Peroz","Takushi"
109189,"Codenie","Billie"
234306,"Luby","Shooichi"
24180,"Marrevee","Jungsoon"
480543,"Kampfer","Susuma"
264449,"Hooghiemstra","Yunming"
33009,"Chinin","Tsutomu"
278540,"Iacovou","Naraig"
417483,"Neiman","Lidong"
280931,"Encarnacion","Boutros"
109206,"Fontan","LiMin"
279492,"Harllee","Navin"
437796,"Katzenelson","Emdad"
267733,"Dehkordi","Heekeun"
99842,"Keirsey","Flemming"
423093,"Kadhim","Dannz"
429275,"Caine","Garnik"
414751,"Hennebert","Tuval"
408964,"Gopalakrishnan","Piyawadee"
258511,"Karnin","Sven"
255077,"Ginesta","Torsten"
25650,"Vrecion","Sanjit"
436925,"Reinhard","Kiyomitsu"
405966,"Kushner","Jayesh"
238765,"Karner","Akeno"
290491,"Vadhan","Marsal"
28653,"Flanders","Pranay"
213274,"Quadeer","Hugo"
285777,"Juneja","Zhiwei"
217013,"Nitta","Sanjai"
467318,"Montresor","Fumiyo"
96792,"Angiulli","Koldo"
30524,"Pfau","Mihalis"
64558,"Azuma","Candido"
95397,"Uhrig","Miomir"
35404,"Miake","Boalin"
469175,"Beausoleil","Mototsugu"
57965,"Bolsens","Manton"
284011,"Kaiser","Mona"
283318,"Collette","Leif"
454922,"Farrag","Harjit"
438136,"Takkinen","Sanjay"
228754,"Dulin","Gio"
82375,"Garigliano","Honglan"
38771,"Fontet","Muneo"
441699,"Lorcy","Paris"
281858,"Griswold","Fay"
420167,"Perin","Chaosheng"
63201,"Butner","Juyoung"
91703,"Schaft","Xianlong"
445219,"Falster","Chinho"
40498,"Codenie","Maria"
434045,"Bennet","Marsha"
296006,"Sinicrope","Hitofumi"
279499,"Underwood","Guangming"
425274,"Kandlur","Tremaine"
251614,"Olano","Magy"
13692,"Kisuki","Yongdong"
40737,"Pramanik","Mads"
66762,"Melski","Abdulah"
28685,"Angel","Valery"
272782,"Krohn","Arumugam"
73428,"Eastman","Steve"
49496,"Butner","Jaewoo"
40754,"Schade","Evgueni"
30072,"Kalafatis","Owen"
223778,"Luders","Leszek"
235152,"Bondorf","Mohammed"
471407,"Peroz","Marsal"
298111,"Thibadeau","Leszek"
457140,"Zykh","Shahid"
269771,"Luff","Shawna"
44380,"Crooks","Valery"
238363,"Mellouli","Anneke"
242130,"Casley","Susanne"
416873,"Gyorkos","Serif"
249986,"Reeken","Ulises"
470524,"Angelov","Jinya"
446482,"Merkl","Rutger"
432446,"Kading","Marit"
63113,"Bahl","Deniz"
459558,"Candan","Uinam"
77537,"Nyrup","Takushi"
267121,"Buescher","Almudena"
295381,"Bennis","Shigeaki"
262168,"Pews","Youjian"
15367,"Schoegge","Mitsuyuki"
14200,"Sankaranarayanan","Masali"
409485,"Pollacia","Kenton"
298149,"Bultermann","Narain"
221966,"Lamma","Tayeb"
252189,"Gomatam","Margo"
64943,"Chartres","Angel"
293565,"Swan","Jagoda"
201616,"Mahnke","Moon"
47696,"Rissland","Gudjon"
78322,"Hennings","Monique"
82391,"McAffer","Mayuko"
27990,"Meszaros","Morris"
283116,"Hiraishi","Wilmer"
438600,"Stellhorn","Jiafu"
402549,"Stavenow","Gao"
452643,"Kemmerer","Adit"
27684,"Shimshoni","Geraldo"
207605,"Karcich","Thanasis"
212031,"Impagliazzo","Moti"
437747,"Chachaty","Munehiko"
227500,"Valette","Prasadram"
222995,"McClurg","Parto"
273617,"Nyanchama","Theron"
443803,"Lienhardt","Abdelghani"
248095,"Pearson","Maren"
429460,"Savasere","Kyoichi"
219663,"Huxford","Paris"
96148,"Bouloucos","Lokesh"
107224,"Assaf","Phuoc"
276249,"Bruckman","Juyoung"
22552,"Showalter","Howell"
101271,"Alpay","Shawna"
54558,"Pokrovskii","Hidde"
433815,"Covnot","Anoosh"
412262,"Aumann","Siamak"
457705,"Atchley","Nevin"
285393,"Kaelbling","Carrsten"
242984,"Papsdorf","Xinyu"
206867,"Gill","Sailaja"
465973,"Lenart","Uno"
93516,"Shigei","Vitaly"
261636,"DiGiano","Sugwoo"
51313,"Francisci","Alois"
242963,"Jenevein","Yuguang"
457716,"Maksimenko","Honglan"
262032,"dAstous","Chriss"
440973,"Fargier","Moti"
429285,"Slutz","Aamod"
408328,"Melton","Karlis"
472256,"Perna","Muneo"
76364,"Randt","Larisa"
107554,"Conry","Zvonko"
93433,"Tchuente","Abdelkader"
255794,"Perin","Suzette"
203470,"Feldmann","Vitaly"
99396,"Neiman","Leandro"
430667,"Jervis","Larisa"
259874,"Chorvat","Kensyu"
94078,"Yeung","Adamantios"
261053,"Honglei","Uwe"
52324,"Kawashimo","Tonia"
477396,"Ananiadou","Willard"
230346,"Trumbly","Guiseppe"
228243,"Morrey","Yannis"
45721,"Leslie","Menkae"
213907,"Passino","Mari"
25388,"Genther","Constantino"
252770,"Penttonen","Piyawadee"
267454,"Vecchio","Supot"
70352,"Chenney","Berto"
246347,"Attimonelli","Slavian"
259346,"Rodier","Bedir"
230988,"Harbusch","Vatsa"
12390,"Kilgour","Kwangsub"
293481,"Demos","Tze"
41807,"Serot","Chikara"
211034,"Bennis","Sreenivas"
206026,"Bellmore","Baoqiu"
78512,"Schlumberger","Yakichi"
87032,"Binkley","Satoru"
61597,"dAstous","Adel"
429790,"Soicher","Geraldo"
203681,"Lally","Ramya"
452542,"Ginesta","Garnet"
412289,"Lorcy","Golgen"
69052,"Shrader","Shietung"
43718,"Parveen","Kerhong"
420188,"Cronau","Gal"
53464,"Andreotta","Odoardo"
412319,"Ibel","Kazuhito"
69041,"Merle","Doowon"
444913,"Theuretzbacher","Hongzhu"
215696,"Iisaka","Nigel"
93931,"Ligten","Kiam"
75201,"Basagni","Boguslaw"
475206,"Peral","Kamakshi"
431321,"Oberman","Edwin"
96569,"Schapire","Duro"
456643,"Furedi","Abdelaziz"
433233,"Hiyoshi","Jessie"
41657,"Curless","Danai"
425546,"Flanders","Vishv"
101601,"Glowinski","Padma"
428790,"Schach","Junsik"
14907,"Luga","Nakhoon"
286639,"Pagter","Garnet"
205147,"Bellone","Aran"
460011,"Basart","Bouchung"
272925,"Birsak","Dines"
23595,"Akazan","Seshu"
478289,"Zobel","Fai"
95156,"Katiyar","Zhigen"
456417,"Jarecki","Sanjiv"
200079,"Riefers","Candida"
409912,"Veldwijk","Filipe"
212662,"Picel","Keiichiro"
95670,"Krybus","Shaleah"
208284,"Birge","Alain"
100538,"Akaboshi","Spyrose"
64214,"Boissier","Shahid"
54330,"Dehkordi","Mitsuyuki"
444582,"Bergere","Kenroku"
214047,"Bernatsky","Mari"
41409,"Levergood","Mikhail"
458976,"Ducloy","Aamod"
281997,"Bahk","Lech"
15143,"Krupka","Chiradeep"
74018,"Birta","Alejandro"
12575,"Merel","Sadok"
438425,"Schwartzbauer","Vishu"
459844,"Rabejac","Pranay"
204134,"Hofmeyr","Xiaobin"
69614,"Laventhal","Mingdong"
469201,"Nooteboom","Yechezkel"
233736,"Copas","Martins"
96528,"Serdy","Froduald"
74067,"Siprelle","Francoise"
228890,"Pleszkun","Bernt"
10953,"Laventhal","Jahangir"
451740,"Krone","Heping"
80988,"Benveniste","Jamaludin"
30221,"Gien","Odysseas"
461748,"Wallrath","Shim"
245171,"Nittel","Serap"
459106,"Lambe","Shaibal"
18997,"Tischendorf","Basim"
446893,"Koblick","Mooi"
409227,"Byoun","Vincent"
411724,"Benantar","Sachin"
81471,"Kroft","Navin"
476090,"Liedekerke","Mariusz"
261431,"Ranta","Xuedong"
65232,"Luff","Bartek"
61191,"Aseltine","Zhenhua"
426272,"Worfolk","Rayond"
458564,"Portugali","Shmuel"
417362,"Mamelak","Val"
289445,"Shackel","Bedir"
86410,"Yeung","Alejandro"
288539,"Wynblatt","Martien"
287697,"Eiter","Sumant"
47763,"Basart","Yagil"
433610,"Schmittgen","Jinpo"
231256,"Luit","Lidong"
478309,"Pleszkun","Ugo"
274544,"Breugel","Xuejun"
450929,"Naumovich","Eirik"
246008,"Melski","Shietung"
457529,"Brodal","Rutger"
212417,"Weisert","Becky"
265050,"Azevdeo","Shigeichiro"
28808,"Mandell","Toshimi"
412648,"Siprelle","Jaideep"
18869,"Debuse","Aamod"
282266,"Albarhamtoshy","Zhensheng"
14706,"Guting","Hatem"
480379,"Merks","Guther"
436896,"Weedon","Sudharsan"
242922,"Peternell","Bernardo"
436975,"Thorelli","Pramod"
216256,"Lunn","Mokhtar"
403542,"Matheson","Dung"
79452,"Rassart","Boaz"
61244,"Peternell","Xiaoqiang"
76367,"Mitsuhashi","Susumu"
25389,"Dratva","Sven"
76194,"Naudin","Manton"
236793,"Jullig","Panayotis"
12834,"Krohm","Tadahiro"
248268,"Wendorf","Ger"
38022,"Yoshizawa","Duke"
471259,"Danner","Yuchang"
270838,"Jiang","Yurij"
253621,"Angel","Gino"
253731,"Farrar","Zdislav"
267147,"Lichtner","Woody"
269461,"Zastre","Noritoshi"
59390,"Greibach","Patricio"
32937,"Gelosh","Jiang"
437594,"Aingworth","Xumin"
404406,"Itschner","Vishv"
62173,"Streit","Gaurav"
290916,"Stasinski","Feipei"
101080,"Bail","Bowen"
231342,"Rando","Kankanahalli"
280021,"Schmezko","Mechthild"
213190,"Lanzelotte","Aleksander"
105886,"Mitchem","Stafford"
429318,"Jonsson","Hyuckchul"
52597,"Boreale","Nechama"
434530,"Stentiford","Keiichiro"
73073,"Tomescu","Sumali"
214501,"Iwayama","Greger"
108143,"Lortz","Shrikanth"
253590,"Socorro","Nahla"
201533,"Kuzuoka","Saeko"
275513,"Restivo","Honesty"
244398,"Katiyar","Xuejun"
251128,"Kuzuoka","Sashi"
268738,"Suomi","Leaf"
227627,"Lund","Atilio"
33482,"Reinhard","Fun"
207199,"Jakobus","Angel"
65147,"Vidya","Mahmut"
86332,"Perry","Arto"
265340,"Shinomoto","Jiann"
206682,"Heuter","Sorina"
247893,"Gimbel","Ute"
273027,"Binkley","Xuejun"
272499,"Szilard","Marko"
73410,"Barvinok","Koichi"
72293,"Msuda","Tiina"
22355,"Jiafu","Naftali"
421362,"Denti","Jolita"
280762,"Hinsberger","Changho"
435774,"Bharadwaj","Olivera"
250528,"Barvinok","Abdulla"
458385,"Waeselynck","Collette"
28043,"Kroll","Aamer"
212705,"Rothe","Mori"
45240,"Dusink","Shai"
40441,"Hanratty","Candida"
237533,"Luca","Kirk"
212458,"Litecky","Sajjad"
299636,"Conia","Sven"
225725,"Macedo","Kwangho"
293552,"Ashish","Mabry"
74149,"Ventosa","Rimon"
47010,"Nannarelli","Goh"
244468,"Flanders","Kazuhira"
237662,"Mandell","Mariangiola"
420166,"Honiden","Sanjeeva"
404960,"Joslin","Danil"
279778,"Baalen","Shahid"
273099,"Lovengreen","Aamod"
221954,"Litzler","Wayne"
71587,"Dichev","Chenyi"
431635,"Murrill","Adam"
456539,"Waymire","Sadun"
450213,"Dolinsky","Qiwen"
269542,"Muchinsky","Guangming"
270637,"Zschoche","Dharmaraja"
73893,"Marchesini","Kiam"
261011,"Chimia","Zongyan"
61948,"Goodrum","Tsutomu"
214721,"Greenaway","Sedat"
248426,"Dalphin","Adib"
101629,"Hennebert","Toong"
22586,"Hasenauer","Hauke"
409120,"Sifakis","Panayotis"
417881,"Spelt","Lorien"
460498,"Ponthieu","Jacopo"
285538,"Raoux","Rafael"
29699,"Unni","Manohar"
48498,"Highland","Adin"
437715,"Falco","Shooichi"
209020,"Babu","Jahangir"
231105,"Kitai","Zijian"
71521,"Mawatari","Fumitake"
79721,"Koshiba","Quingbo"
71240,"Denti","Masadi"
28599,"Szilard","Youpyo"
28347,"Bael","Jaques"
56359,"Birrer","Shan"
36926,"Meriste","Lene"
412638,"Chvatal","Piyawadee"
200176,"Luit","Shahab"
287847,"Oppitz","Shigeichiro"
281336,"Guting","Torsten"
23579,"Brender","Mahmut"
98271,"Spell","Garnik"
262005,"Sommer","Shaz"
13292,"Alpin","Bokyung"
276896,"Glowinski","Chiranjit"
272841,"Chinal","Hitomi"
45014,"Orsini","Souichi"
457432,"Gihr","Rildo"
29887,"Fandrianto","Boaz"
298651,"Makinen","Dhritiman"
69402,"Flasterstein","Chenye"
289057,"Theuretzbacher","Eishiro"
225458,"Salverda","Xiaoheng"
30376,"Zeleznik","Rutger"
81659,"Pramanik","Naftaly"
421357,"Schach","Geoff"
269132,"Fabrizio","Elvis"
34676,"Salvesen","Shigehiro"
274399,"Sambasivam","Uta"
41372,"Luff","Toney"
13033,"Jansen","Satoru"
39261,"Zeidenstein","Hirochika"
54657,"Gurbaxani","Jixiang"
25721,"Feldhoffer","Shrikanth"
439184,"Loncour","Tomofumi"
411136,"Waeselynck","Margareta"
248229,"Speckmann","Taisook"
218172,"Mansanne","Odysseas"
221885,"Joslin","Jacopo"
73003,"Boguraev","Adin"
103789,"Malabarba","Francoise"
72031,"Makrucki","Nagui"
466735,"Auyong","Hsiangchu"
447598,"Varley","Saddek"
218069,"Sadowski","Yonghoan"
450555,"Berztiss","Hidde"
283613,"Matzat","Kshitij"
431520,"Christ","Dhritiman"
417615,"Danecki","Shuky"
229313,"Hagimont","Atreyi"
287949,"Swist","Lihong"
438411,"Pokrovskii","Nathalie"
238543,"Luders","Vasilis"
77148,"Socorro","Tomoyuki"
94755,"Nooteboom","Sreenivas"
38123,"Cummings","Kien"
34960,"Luga","Vasilis"
205087,"Foote","Hauke"
64397,"Luon","Munir"
226292,"Radhakrishnan","Khosrow"
477419,"Ghandeharizadeh","Lijia"
460494,"Sidhu","Kokou"
257697,"Kavraki","Radhakrishnan"
446590,"Hegner","Djelloul"
66872,"Itschner","Herbert"
292962,"Schahn","Youjian"
40741,"Nooteboom","Guiseppe"
210460,"Lanzelotte","Kauko"
13201,"Ranta","Tomofumi"
474632,"Fairtlough","Terresa"
299769,"Langford","Jianhao"
458225,"Kamber","Aiichiro"
245805,"Perry","Shaz"
201419,"Weedman","Martijn"
16996,"Millington","Shigenori"
299540,"Holburn","Shigehito"
98089,"Harllee","Hailing"
213944,"Bondorf","Goetz"
464126,"Steenbeek","Zengping"
453515,"Seghrouchni","Khaled"
405681,"Kamble","Maya"
284665,"Ressouche","Yakichi"
259973,"Takkinen","Divier"
94164,"Naumovich","Frazer"
419735,"Falco","Tooru"
25085,"Usery","Tran"
233532,"Aloisi","Kamakshi"
233678,"Soicher","Adib"
224720,"Orlowska","Guttorm"
241168,"Perri","Hyuncheol"
86001,"Msuda","Cathie"
258446,"Oxman","Niranjan"
92005,"Jumpertz","Hein"
16199,"Ritcey","Xudong"
439001,"Garnick","Badri"
450868,"Isaac","Udo"
445668,"Guenter","Hidde"
230624,"Munch","Barna"
245802,"Kandlur","Idoia"
435534,"Halevi","Hatsukazu"
35449,"Panangaden","Kristin"
248467,"Gronowski","Jamaludin"
49920,"Babu","Dekang"
475927,"Stassinopoulos","Geoff"
107126,"Swift","Rayond"
51104,"Iwayama","Goo"
252550,"Gimbel","Remzi"
247200,"Langford","Zeljko"
90428,"Braunschweig","Niranjan"
74422,"Jansch","Herbert"
270063,"Schiper","Xiadong"
291460,"Weiland","Djenana"
103505,"Merle","Wuxu"
447662,"Kornyak","Leen"
261499,"Driscoll","Qunsheng"
478124,"Braccini","Muzhong"
105921,"Gubsky","Willard"
205689,"Rissanen","Unal"
212497,"Chinal","Jaewon"
453943,"Trumbly","Foong"
415919,"Nitta","Emdad"
10455,"Streng","Sverrir"
256962,"Macedo","Yongdong"
261484,"Akazan","Boguslaw"
27477,"Kemmerer","Masali"
410197,"Skafidas","Vidya"
109125,"Piveteau","Adly"
405522,"Ariola","Mario"
433079,"Szemeredi","Evgueni"
205899,"Mundy","Radoslaw"
202802,"Madeira","Ramya"
108639,"Stranks","Stevo"
476141,"VanScheik","Florian"
299537,"Ranum","Claudi"
27559,"Zongker","Debaprosad"
286615,"Eterovic","Lokesh"
83194,"Bridgland","Vidar"
256994,"Plavsic","Berni"
413705,"Kolvik","Constantine"
209056,"Highland","Xuejia"
75763,"Ratnaker","Chinho"
17608,"Bahl","Ennio"
443966,"Rosti","Houman"
272889,"Botman","Krisda"
106873,"Chinal","Joydip"
104917,"Merlo","Kien"
24276,"Biran","Shem"
250979,"Heemskerk","Mari"
273544,"Camurati","Sreenivas"
216630,"Axelband","Geoff"
77144,"Milicia","Gill"
438161,"Ashish","Shigeu"
288616,"Coors","Baocai"
213732,"Ventosa","Niteen"
108651,"Schaad","Jinxi"
290580,"Hofstetter","Marsal"
20476,"Serov","Niranjan"
23995,"Zhang","Fatemeh"
422942,"Merks","Chrisa"
270761,"Adachi","Subhada"
465802,"Schaft","Kristinn"
463132,"Lundstrom","Jovan"
405107,"Deville","Claudi"
468118,"Cooke","Carrsten"
471752,"Rothe","Dulce"
239892,"Waschkowski","Saeed"
274808,"Litzler","Basem"
405525,"Mondadori","Gad"
433694,"Openshaw","Khun"
448676,"Pollock","Shahaf"
204429,"Marshall","JiYoung"
232568,"Bamford","Gunilla"
103322,"Chartres","Naftaly"
58569,"Emiris","Moriyoshi"
21537,"Mitchem","Boutros"
100689,"Schueller","Jaber"
58265,"Wilharm","Guozhong"
481888,"Ermel","Uma"
206787,"Luce","Chikako"
268692,"Ginesta","Angel"
462231,"Albarhamtoshy","Anneke"
433197,"Litvinov","Pragnesh"
439554,"Leonhardt","Valeska"
405231,"Makinen","Kwangjo"
270844,"Sadowski","Katsuyuki"
257808,"Shackell","Mamdouh"
33155,"Puoti","Cheong"
239150,"Hmelo","Karlis"
106201,"Felder","Mabo"
481231,"Conry","Mahendra"
64290,"Merro","Hirochika"
467256,"Coorg","Houman"
271656,"Felder","Pantung"
211644,"Trogemann","Menkae"
92553,"Zolotykh","Phule"
34230,"Ghazalie","Otmar"
22338,"Heering","Masasuke"
477531,"Erde","Tadanori"
246907,"Stemann","Mong"
478390,"Versino","Shakhar"
31010,"Papsdorf","Gudjon"
454547,"Jeong","Zhiwei"
109191,"Eastman","Aria"
106577,"Orsini","Florina"
13178,"Itschner","Kankanahalli"
31109,"Mersereau","Kankanahalli"
62064,"Yetim","Odinaldo"
22933,"Morrow","Torsten"
10541,"Eiter","Godehard"
238702,"Menhoudj","Fayez"
234751,"Plessier","Shunichi"
203251,"Steenbeek","Genki"
435470,"Kavvadias","Jianhui"
293914,"Garrabrants","Jungsoon"
289082,"Cheshire","Faiza"
226039,"Liesche","Poornachandra"
284547,"Gill","Marie"
72081,"Senzako","Emdad"
294080,"Iwayama","Chenxi"
29909,"Menyhert","Arvind"
231708,"Schaap","Bikash"
458898,"Ebeling","Fumitaka"
404362,"Vickson","Takahira"
205055,"Furudate","Barry"
479050,"Ishibashi","Pintsang"
248699,"Sidou","Shimshon"
34346,"Hiraishi","Shounak"
470209,"Laurillard","Persi"
30469,"Baek","Fai"
55949,"Gini","Felicidad"
40703,"Sambasivam","Divine"
444812,"Henders","Chaosheng"
286982,"Ranze","Aksel"
63999,"Whitcomb","Toshimi"
88567,"Marshall","Utpal"
14160,"Hofting","Shaowen"
220014,"Reeken","Yishay"
43598,"Driscoll","Masoud"
57529,"Naudin","Garnet"
299786,"Vanwelkenhuysen","Dietrich"
251732,"Fortenbacher","Junsik"
29210,"Collette","Uzi"
228967,"Rodiger","Mario"
451491,"Swick","Tiina"
204350,"Pintelas","Mahmut"
468397,"Buescher","Zijian"
274505,"Erdi","Shushma"
26902,"Welham","Reinhold"
426590,"Narahara","Bernt"
64416,"Sifakis","Chriss"
435928,"Murthy","Matt"
236381,"Stavenow","Breannda"
208222,"Pelc","Shigenori"
28247,"Parascandalo","Morris"
261874,"Mandelberg","Elrique"
209942,"Diderrich","Tzvetan"
255728,"Emmerich","Anestis"
72755,"Stafford","Seongbin"
277997,"Poulakidas","Ibibia"
272463,"Ranka","Constantijn"
12541,"Nanard","Shih"
417402,"Uhrik","Willard"
81517,"Reutenauer","Xiong"
450030,"Pearson","Gully"
14025,"Takanami","Stevo"
469888,"Yeung","Susanne"
259351,"Mungall","Takahito"
245186,"Trelles","Marlo"
264332,"Ranka","Maik"
474249,"Yamaashi","Aloke"
48306,"Delgrossi","Qiwen"
44607,"Valtorta","Sachem"
18652,"Ferretti","Kenroku"
410606,"Salinas","Qiwen"
99706,"Gils","Tomokazu"
285981,"Rothenberg","Chuanyi"
85745,"Antonakopoulos","Valter"
424042,"Waeselynck","Yakichi"
414386,"Eiter","Bangqing"
423617,"Koshiba","Oscar"
276326,"Theuretzbacher","Hirochika"
87607,"Brandsma","Baziley"
467322,"Ozeri","Boutros"
107827,"Perez","Vishu"
60864,"Linnainmaa","Mokhtar"
241673,"Barinka","Honglan"
452609,"Ecklund","Masato"
100998,"Portugali","Breannda"
84853,"Sidou","JiYoung"
24326,"Rodite","Cullen"
449050,"Michaels","Shakhar"
458503,"Lueh","Arfst"
225824,"Erman","Gio"
268244,"Merkl","Eric"
208803,"Zucker","Mayuri"
412184,"Heuter","Ramzi"
243570,"Babu","Oldrich"
432525,"Rotem","Demin"
264263,"Wegerle","Arumugam"
57183,"Mayerwieser","Baoqiu"
42381,"Trelles","Danai"
449814,"McClure","Arnould"
415134,"Minakawa","Conal"
424730,"Heusch","Hilari"
408715,"Bennis","Hilari"
44637,"Serdy","Alassane"
19133,"Makinen","Debaprosad"
284674,"Monarch","Krassimir"
33344,"Emden","Isaac"
255897,"Khalid","Mark"
471789,"Speer","Xuejun"
256351,"Uehara","Remco"
95829,"Domenig","Richara"
105514,"Waleschkowski","Khatoun"
270078,"Lamba","Stafford"
231560,"Perna","Herbert"
457351,"Baezner","Ziva"
417916,"Biron","Rance"
54133,"Legleitner","Moty"
453155,"Matzov","Rosella"
22229,"Fetvedt","Keung"
243282,"Anido","Zdislav"
41293,"Lorcy","Honglan"
290946,"Reutenauer","Abdelghani"
80463,"Jenevein","Saeed"
41122,"Hoppenstand","Guenter"
473276,"Gente","Hyuckchul"
228071,"Laurillard","Taegyun"
409002,"Ladret","Takahira"
299348,"Daescu","Zhenhua"
106826,"Bennet","Slavian"
76416,"Varker","Pramod"
30059,"Schiettecatte","Abdelkader"
71308,"Gelosh","Frederique"
411142,"Gubsky","Youssef"
438527,"Berstel","Zissis"
282540,"Marakhovsky","Randi"
99083,"Horswill","Sanjoy"
218319,"Speer","Kitty"
200768,"Schmittgen","Minghong"
108725,"Picaronny","Thanasis"
225783,"Dahlbom","Oscar"
202315,"Mersereau","Kirk"
71013,"Gubsky","Mrinalini"
16435,"Wissmann","Renee"
434366,"Brookner","Oldrich"
22266,"Fujisaki","Xiadong"
44788,"Birdsall","Shahaf"
95035,"Trumbly","Yoshinari"
58987,"Rosch","Leen"
88855,"Zweizig","Bojan"
32145,"Kruskal","Jinxi"
473633,"Perly","Bilhanan"
81406,"Levergood","Aamer"
464200,"Foong","Junichi"
456819,"Ohori","Gilbert"
413305,"Duclos","Zsolt"
93518,"Rusmann","Oscal"
418527,"Lalonde","Uta"
71411,"Eiron","Jayson"
412931,"Brendel","Maris"
266593,"Axelband","Bingning"
236202,"Nations","Junichi"
283701,"Haumacher","Guenter"
297459,"Morton","Kendra"
454799,"Kushner","Stein"
448239,"Ranum","Kenroku"
441226,"Merks","Macha"
450183,"Baja","Yishai"
68867,"Luft","Shigehiro"
453578,"Servi","Bikash"
410571,"Zastre","Akeel"
289268,"Orsini","Xuejun"
20462,"Nastansky","Miomir"
20325,"England","Katsuyuki"
472526,"Nooteboom","Chenyi"
96640,"Fasbender","Jianhao"
203593,"Kirkerud","Leszek"
289345,"Steenbeek","Rutger"
219822,"Menhoudj","Bojan"
42913,"Bierman","Sachem"
458302,"Esposito","Poorav"
83964,"Castellani","Odysseas"
439294,"Sommer","Sreekrishna"
269078,"Pesch","Gretta"
98434,"Adachi","Bogdan"
38901,"Peha","Renee"
418449,"Lunn","Dipayan"
415808,"Bazelow","Masadi"
473411,"Leaver","Piyush"
454261,"Schaaf","Gor"
219179,"Pardalos","Venkatesan"
73092,"Luders","Reinhard"
31825,"Zyda","Xuedong"
262930,"Kusakabe","Hongzhu"
86019,"Mitsuhashi","Monique"
19401,"Valiente","Yurij"
437549,"Pesch","Theron"
250132,"Improta","Teiji"
77997,"Compeau","Susanne"
481250,"Cullers","Evgueni"
58396,"Billawala","Kenton"
282731,"Kamber","Moriyoshi"
95111,"Matzke","Maik"
255681,"Rodham","Ebru"
108002,"Rajala","Kazuhiko"
412012,"Anandan","Mara"
296741,"Asser","Chuanti"
36050,"Gadepally","Gonzalo"
451884,"Kropatsch","Slavian"
88805,"Riexinger","Uta"
280848,"Constantine","Cordelia"
213241,"Thorelli","Berni"
414541,"Range","Odoardo"
439012,"Besselaar","Herb"
62372,"Luit","Jingling"
475320,"Matzat","Kwee"
455992,"Schrooten","Jamaludin"
30641,"Collette","Manton"
49201,"Yurek","Wonhee"
208560,"Gammage","Georgi"
220103,"Pargas","Tristan"
102334,"Roohalamini","Mario"
443764,"Vilarrasa","Pranav"
254697,"Goldhammer","Manohar"
407116,"Lorho","Bokyung"
266595,"Marletta","Mads"
78525,"Muntz","Shuichi"
230910,"Baaz","Premal"
99300,"Bolotov","Claudi"
12922,"Porenta","Jacqueline"
455529,"Rodier","Hidefumi"
39905,"Range","Muzhong"
447862,"Strooper","Babette"
420577,"Kuzuoka","Moon"
218557,"Gomatam","Huei"
28211,"Giarratana","Debaprosad"
36375,"Cunliffe","Moty"
415622,"Steinauer","Subhrajyoti"
35595,"Khalid","Mona"
23015,"Otillio","Elvis"
225486,"Wrigley","Xinan"
289835,"Kavvadias","Shaz"
288650,"Pargaonkar","Gao"
473736,"Isard","Krister"
289927,"Siprelle","Muneo"
223354,"Schaaf","Mariusz"
78820,"Schrift","Shih"
272848,"Silva","Kazuhira"
408721,"Bottner","Moss"
273938,"Kriebel","Along"
63257,"Trogemann","Elvis"
229761,"Garnham","Amalendu"
83567,"Angot","Toshimitsu"
475134,"Bahk","Uriel"
203049,"Marciano","Rasikan"
445840,"Czaja","Marko"
58898,"Veeraraghavan","Howell"
466204,"Pocchiola","Tsutomu"
279886,"Bultermann","Basem"
279978,"Champarnaud","Ingemar"
37236,"Luby","Ranan"
410551,"Wolniewicz","Surveyors"
445761,"Kadhim","Kristof"
219902,"Vilarrasa","Yaghout"
247715,"Scharstein","Harjit"
250609,"Varley","Ymte"
414711,"Garrabrants","Lihong"
439037,"Dechter","Atreye"
79263,"Whitcomb","Adamantios"
480117,"Herbst","Florina"
403873,"Shiratori","Nigel"
275482,"Levergood","Yaghout"
70894,"Middleton","Randy"
464796,"Pfau","Pranav"
224394,"Sanella","Isaac"
463666,"Yoshizawa","Khaled"
286619,"Hiraishi","Radhia"
77533,"Nittel","Roddy"
79535,"Bauknecht","Heekeun"
59470,"Ghelli","Ziyad"
253707,"Hainaut","Insup"
206087,"Picel","Guangming"
73127,"Coombs","Toong"
253879,"Hartvigsen","Tonny"
25668,"Eugenio","Navin"
203265,"Muhlberg","Aleksandar"
23890,"Versino","Qingxiang"
45923,"Xiaoshan","Masato"
231609,"Casperson","Denny"
228873,"Steenbeek","Gina"
84365,"Sullins","Naftaly"
90733,"Improta","Niclas"
41601,"Kitsuregawa","Kazuhito"
49329,"Encarnacion","Cordelia"
438200,"Kakkad","Lalit"
435148,"Buchter","Gennady"
440679,"Picco","Emran"
472165,"Viele","Anyuan"
72946,"Schahn","Waiman"
201910,"Streng","Heather"
95883,"Koshiba","Eirik"
53757,"Pfau","Tsz"
418272,"Chimia","Kazuhito"
275044,"Schwaller","Persi"
227847,"Birnbaum","Masanao"
262410,"Basagni","Chiranjit"
69545,"Grospietsch","Navid"
446498,"Bierbaum","Taisook"
455107,"Emiris","Dharmaraja"
415434,"Pehl","Morris"
248592,"Miyakawa","Goa"
51810,"Marciano","Vivian"
294700,"Vitiello","Heekeun"
88138,"Assaf","Makato"
470545,"Murtha","Jacqueline"
479807,"Pagter","Reuven"
402958,"Vieri","Maya"
14354,"Bojadziev","Mong"
78148,"Peyn","Iara"
87202,"Coors","Hatem"
47004,"Melichar","Mabhin"
249306,"Bahl","Sadok"
230453,"Macedo","Limsoon"
64841,"Vecchi","Stafford"
32883,"Bernini","Hirochika"
48817,"Kowalchuk","Heekeun"
238171,"Jervis","Jeane"
238159,"Schicker","Toshiki"
57454,"Hebden","Hugh"
105484,"Terekhov","Fumino"
412141,"Bernick","Arun"
260131,"Delgrossi","Hugh"
457333,"Chenney","Saeed"
259316,"Rosen","Renee"
268889,"Conta","Rildo"
19319,"Welham","Basil"
41463,"McClurg","Trygve"
290402,"Ratnakar","Mario"
413706,"Lorys","Faiza"
106254,"Lowrie","Gian"
76628,"Leppanen","Conor"
430912,"Zschoche","Bangqing"
23063,"Isaak","Marla"
206226,"Delgrossi","Kien"
67746,"Matzen","Shigehito"
430842,"Goodrum","Constantijn"
203866,"Warwick","Reuven"
24343,"Baca","Uri"
20954,"Kolinko","Dipankar"
419234,"Standera","Bader"
214896,"Katiyar","Perry"
455779,"Olivero","Masali"
444518,"Kaelbling","Uwe"
410989,"Wegerle","Hideyuki"
62843,"Langford","Phillip"
425958,"Duclos","Pradeep"
85778,"Babb","Bernt"
64254,"Petersohn","Tru"
236960,"Eastman","Karoline"
296707,"Redmiles","Aimee"
241438,"Marwedel","Val"
107009,"Harllee","Pranjal"
93640,"Thombley","Kazuhira"
475659,"Pokrovskii","Lijia"
283114,"Pettit","Vishv"
235103,"Poehlman","Vidya"
73612,"Lienhardt","Toney"
436160,"Swiss","Vitali"
265407,"Picht","Richard"
90134,"Bashian","Breannda"
42943,"Szmurlo","Sastry"
224694,"Collette","Arfst"
45031,"Besancenot","Yaghout"
225594,"Emmerich","Mariusz"
451866,"Tokunaga","Maris"
417904,"Schrift","Reinhard"
206449,"Rajala","Zhonghui"
38954,"Luff","Huan"
459369,"Slaats","Pradeep"
405996,"Perl","Xinyu"
263868,"Koprowski","Chinhyun"
412866,"Lyonns","Torsten"
298466,"Breugel","Premal"
432885,"Stille","Barton"
106102,"Pearson","Ortrun"
63497,"Griswold","Anneli"
411321,"Penn","Amabile"
273119,"Motley","Masasuke"
427678,"Benveniste","Zdislav"
444883,"Rosca","Prodip"
249872,"Streit","Weiye"
42434,"Lagarias","Diederik"
477149,"Yeung","Frederique"
14409,"Pettis","Uta"
32912,"Willoner","Kenroku"
455390,"Suwa","Karsten"
293380,"Linares","Giap"
101123,"Wossner","Henk"
408418,"Meszaros","Masoud"
263467,"Nilsson","Sverrir"
246619,"Hutton","Radoslaw"
78938,"Krybus","Kerhong"
270039,"Ecklund","Minghong"
262596,"Thorensen","Boutros"
235730,"Reinhard","Phuoc"
232950,"Laurillard","Kirk"
289816,"Karunanithi","Fumitake"
412112,"Zumaque","Greger"
453434,"Delaune","Sashi"
12873,"Lorie","Xiaoshan"
225738,"Vitiello","Mircea"
289548,"Sifakis","Godehard"
107261,"Murtha","Arunas"
18304,"Kowalchuk","Moon"
291835,"Cools","Iara"
448799,"Socorro","Shahab"
474323,"Anido","Mitchel"
40088,"Ramsay","Yagil"
98300,"Schueller","Richara"
84222,"Kowalchuk","Vasilis"
277817,"Michaels","Isamu"
444840,"Roisin","Sverrir"
37185,"Laurillard","Gunilla"
35655,"Loncour","Maris"
53810,"Vadhan","Martien"
34017,"Varman","Tuval"
408240,"Pezzoli","Almudena"
57542,"Lichtner","Gift"
441034,"Merle","Kayoko"
473649,"Schmezko","Pranjal"
93067,"Garnick","Guenter"
239628,"Imataki","Maja"
480310,"Spieker","Aloke"
200097,"Zumaque","Paloma"
214832,"Crouzet","Owen"
107480,"Figueira","Kayoko"
75533,"Coorg","Tomoyuki"
26160,"Wendorf","Maja"
476251,"Peternell","Toshiko"
48144,"Rubsam","Oscar"
19048,"Radhakrishnan","Nikolaus"
109683,"Hegner","Piyush"
38985,"Braunschweig","Kellie"
478421,"Monkewich","Tiina"
106077,"Giveon","Hailing"
37967,"Buchter","Piyawadee"
30655,"Anandan","Xuedong"
207903,"Nitsche","Rosella"
437325,"Horswill","Hercules"
434486,"Cherinka","Boguslaw"
415313,"Zuberek","Luerbio"
476341,"Chinen","Munir"
455524,"Granlund","Bilhanan"
91032,"Tetzlaff","Karsten"
64717,"Steenbeek","Jaideep"
96305,"Lunt","Yefim"
273756,"Encarnacion","Tokuyasu"
27624,"Feinberg","Kotesh"
53458,"Monarch","Xuedong"
35659,"Armand","Gro"
481314,"Kilgour","Basim"
452190,"Pokrovskii","Nahid"
27741,"Pesch","Siamak"
453972,"Molenaar","Shem"
12129,"Isaac","Hairong"
437515,"Naudin","Parto"
281356,"Litzler","Huai"
82908,"Raoux","Mitsuyuki"
70294,"Masand","Huei"
92609,"Hofmeyr","Rosita"
50510,"Luon","Mandell"
259912,"Rothe","Avishai"
44946,"Porenta","Parviz"
40085,"Klassen","Youpyo"
236281,"Conti","Gurbir"
407114,"Businaro","Peer"
84588,"Babu","Uinam"
85579,"Litzler","Thanasis"
477876,"Minakawa","Gully"
96600,"Benzmuller","Yinghua"
434262,"Peir","Kerryn"
480276,"Douceur","Chenxi"
452283,"Decleir","Hidekazu"
34780,"Kohling","Moni"
252264,"Bondorf","Masami"
463620,"Bruckman","Sakthirel"
243200,"Constantine","Isaac"
241271,"Lovengreen","Xuejun"
27814,"Angelov","Shigenori"
54578,"Pusterhofer","Kazuhito"
270079,"Claffy","Rosli"
271190,"Genther","Pradeep"
296245,"Murtha","Christophe"
235501,"Benveniste","Shrikanth"
267135,"Cannata","Shigehiro"
454081,"Angiulli","Paddy"
91114,"Bail","Spyrose"
272912,"Brodal","Guenter"
267422,"Liesche","Jeane"
19161,"Rosenbaum","Charlene"
235248,"Busillo","Radhika"
214769,"Peir","Augustine"
296141,"Muhlberg","Hyuncheol"
410719,"Gini","Hugo"
294562,"Maquelin","Marc"
88318,"Barriga","Domenick"
48874,"Rajcani","Herb"
435188,"Waymire","Moon"
222862,"Schurmann","Behnaam"
262914,"Heping","Tamiya"
451895,"Andreotta","Feiyu"
260737,"Ullian","Chuanyi"
60964,"Snedden","Koichi"
29786,"Vrecion","Paloma"
221087,"Suppi","Tsz"
15097,"Winter","Gudjon"
21742,"Swan","Munehiko"
49206,"Hasham","Zhanqiu"
56240,"Dulay","Rance"
109614,"Milicia","Etsuo"
210084,"Lenart","Hitofumi"
461623,"Gewali","Valdiodio"
219766,"Serre","Mani"
10125,"Hiltgen","Syozo"
459976,"Broomell","Amstein"
65319,"Luon","JiYoung"
414893,"Vendrig","Aloke"
295221,"Hofting","Tomokazu"
427398,"Eiron","Eberhardt"
253300,"Schiettecatte","Alois"
430308,"Neimat","Roddy"
253051,"Rahier","Zhenbing"
480264,"Narahara","Yuuichi"
460018,"Lichtner","Prodip"
255835,"Henders","Insup"
229648,"Hartvigsen","Rildo"
234986,"Setiz","Sanjai"
108715,"Atrawala","Guiseppe"
29521,"Msuda","Tsutomu"
212965,"Fioravanti","Adil"
61827,"Guerreiro","Tsuneo"
247308,"Cappelletti","Berry"
206863,"Pell","Tomokazu"
207869,"Waschkowski","Toshiko"
97658,"Peltason","Xiadong"
419095,"Zizka","Tadahiko"
298528,"Scallan","Gopalakrishnan"
50541,"Lienhardt","Zhiwei"
229003,"Poulakidas","Shuzo"
453195,"Ducloy","Kensei"
444058,"Stemann","Xudong"
270849,"Matzel","Tamiya"
78390,"Kawashimo","Eben"
61980,"Yavatkar","Berna"
238004,"Reeken","Mariusz"
107740,"Lukaszewicz","Gio"
104719,"Wynblatt","Guenter"
22728,"Codenie","Makato"
88032,"Serra","Urs"
63567,"Middleton","Kristinn"
440222,"Panienski","Geoff"
55146,"Feldmann","Shaunak"
206231,"Kroon","Christoper"
70810,"Brodal","Vishwani"
226089,"Bardell","Barton"
60840,"Peternell","Jiang"
255009,"Shinomoto","Bernice"
242586,"Gulik","Xinglin"
278488,"Underwood","Kwun"
23652,"Hardjono","Takahito"
262145,"Babb","Diederik"
212060,"Itschner","Fuqing"
105150,"Cronin","Hongzhu"
437172,"Srimani","Salvador"
271600,"Birge","Koichi"
285419,"Rullman","Baoqiu"
24635,"Cochrane","Kyoichi"
18941,"Gire","Billie"
445082,"Iacovou","Gro"
231226,"Cannane","Froduald"
431848,"Preusig","Nahum"
84267,"Bennis","Masadi"
407351,"Mellouli","Vitaly"
33698,"Dalton","Mohan"
283529,"Ertl","Lucien"
271360,"Fargier","Dipayan"
232588,"Samarati","Sahrah"
441394,"Iivonen","Nimmagadda"
14082,"Krychniak","Siddarth"
414197,"Trumbly","Genki"
258050,"Raney","Qiwen"
245664,"Kilgore","Manohar"
288556,"Bahi","Aluzio"
239311,"Giaccio","Dines"
14364,"Lund","Remzi"
265396,"Morrin","Christfried"
29686,"Lovengreen","Jiafu"
257443,"Prenel","Shin"
250207,"Rando","Trygve"
424128,"Kalorkoti","Gretta"
273317,"Kawashimo","Zissis"
35497,"Bouloucos","Stamatina"
82150,"Albarhamtoshy","Gererd"
445260,"Stassinopoulos","Boriana"
67406,"Anger","Hidekazu"
46601,"Azevdeo","Stamatina"
251937,"Hooghiemstra","Shem"
79927,"Bazzichi","Satyanarayana"
247903,"Frolund","Deniz"
418710,"Crabtree","Sibyl"
440975,"Sudkamp","Chaoyi"
75849,"Cannata","Babette"
230074,"Templeman","Zito"
72926,"Buchter","Sastry"
435493,"Sidhu","Arnd"
404928,"Gerteisen","Gad"
475203,"Lamma","Arne"
408867,"Gente","Renee"
480345,"Cappelli","Basant"
409877,"Prochazka","Dmitry"
209746,"Hatcliff","Subir"
413023,"Byoun","Kiam"
454442,"Sidje","Sajjad"
99482,"Langford","Yurij"
480123,"Dechter","Luise"
250785,"Falster","Khue"
432755,"Serov","Huan"
20932,"Eterovic","Geoff"
471354,"Pettey","Idoia"
455636,"Heuter","Kotesh"
227582,"Woycyznski","Keiichiro"
206519,"Ginesta","Ibibia"
240874,"Flasterstein","Nitsan"
249833,"Solares","Sanjit"
457655,"Zlotek","Haldun"
23834,"Harllee","Bedir"
472891,"Swen","Paris"
472157,"Kuszyk","Khun"
97767,"Nastansky","Kankanahalli"
468525,"Gornas","Serap"
106974,"Baumann","Yechezkel"
284036,"Rajcani","Gaetan"
74587,"Alvarado","Matk"
241222,"Bahr","Zhongwei"
415486,"Comyn","Shahar"
33695,"Bennet","Mitchel"
402811,"Himler","Mabry"
258184,"Kaiserswerth","Yoshinari"
215992,"Ciolek","Phuoc"
81334,"Petereit","Mahmut"
476397,"Ducloy","Aiichiro"
459241,"Champarnaud","Niranjan"
211612,"Birrer","Ishfaq"
272266,"Ossenbruggen","Kristen"
470527,"Gruenwald","Gadiel"
275348,"Gist","Woody"
424168,"Demir","Ranan"
242265,"Gyimothy","Heejo"
25455,"Jiafu","Pantung"
427593,"Kaltofen","Akhilish"
403423,"Baja","Khosrow"
96434,"Awdeh","Rosine"
253301,"Dredge","Valeri"
35061,"Uhrig","Mototsugu"
106022,"Billingsley","Hideyuki"
270054,"Passafiume","Xiadong"
245237,"Leivant","Hisao"
433026,"Bratten","Domenick"
237453,"Bondorf","Tetsurou"
107500,"Masada","Karoline"
89878,"Krider","Djenana"
404249,"Harllee","Jiakeng"
76294,"Heydon","Lihong"
244734,"Staylopatis","Giordano"
88815,"Ossenbruggen","Xuedong"
481532,"Chaudhury","Gadiel"
210327,"Bade","Bojan"
421282,"Wielonsky","Leen"
243807,"Pargas","Valeri"
401589,"Ducloy","Vishwani"
81731,"Chachaty","Gro"
206425,"Compeau","Chinho"
434164,"Rassart","Sasan"
425972,"Vrecion","Arch"
11338,"Hanratty","Kwangsub"
406362,"Landherr","Ebru"
48900,"Mikschl","Zhenbing"
277875,"Lores","Fumitake"
415436,"Bellone","Hongzhu"
456600,"Bahr","Berhard"
442071,"Smailagic","Mandell"
52410,"Giveon","Tesuya"
34421,"Journel","Hsiangchu"
411336,"Quadeer","Apostol"
44694,"Falby","Shuky"
52020,"Michaeli","Teunis"
78386,"Orsini","Mori"
448394,"Atchley","Parke"
76512,"Delgrossi","Arne"
279484,"Famili","Yunming"
275938,"Chimia","Hyuckchul"
234977,"Atrawala","Miyeon"
297779,"Rajaraman","Percy"
85997,"Terekhov","Nimmagadda"
414180,"Dengi","Kinh"
259681,"Glinert","Marc"
474569,"Nyanchama","Paraskevi"
297959,"Perfilyeva","Taiji"
200903,"Casperson","Masaki"
33984,"Ginesta","Murthy"
475791,"Pileggi","Arie"
404055,"Belinskaya","Weiru"
19747,"Olano","Renee"
69836,"Czaja","Gad"
19846,"Feldmann","Dinkar"
257915,"Noriega","Subir"
89085,"Curless","Taisook"
264419,"Raoux","Zorica"
90051,"Benzmuller","Venkatesan"
279997,"Burnard","Heeju"
219521,"Lemarechal","Jeanne"
297717,"Karnin","Nahid"
50582,"DeMori","Dines"
443442,"Comellas","Goa"
51751,"Alameldin","Marek"
254480,"Fetvedt","Magy"
436946,"Unno","Apostol"
478013,"Fontan","Jaewoo"
64638,"Schlumberger","Hilary"
18843,"Thimonier","Arch"
412801,"Basart","Jungsoon"
59467,"Verspoor","Juichirou"
108320,"Maquelin","Seongbin"
405369,"Masada","Shooichi"
252036,"Iwayama","Tse"
291226,"Lieblein","Alois"
15782,"Munch","Ipke"
476723,"Sewelson","Nathalie"
462253,"Rathonyi","Percy"
454683,"Sommen","Krister"
437465,"Morris","Prasadram"
274313,"Wallrath","Fusako"
261433,"Ouhyoung","Yurii"
72519,"Oppitz","Sham"
409194,"Thombley","Arra"
265146,"Thummel","Claude"
288646,"Braunmuhl","Cheong"
296618,"Leaver","Tokuyasu"
467064,"Merle","Jeanna"
58891,"Munawer","Make"
477707,"Itzigehl","Val"
460272,"Molberg","Idoia"
273072,"Budinsky","Aleksandar"
270721,"Luby","Margo"
446223,"Perin","Gay"
82603,"Barreiro","Kenroku"
477569,"Munke","Rosella"
278501,"Demeyer","Maren"
219519,"Mitzlaff","Kazunori"
470997,"Jullig","Maria"
286869,"Baik","Abdelghani"
463709,"Klyachko","Kazunori"
262751,"Iacovou","Jackson"
410090,"Ruther","Berto"
455082,"Kuhnemann","Mabhin"
480417,"Dolinsky","Subhankar"
461438,"Coney","Kiyomitsu"
251786,"Gecseg","Palash"
401959,"Gadepally","Alenka"
229001,"Zongker","Zito"
255844,"Bamford","Vishv"
109320,"Benveniste","Bedir"
23921,"Bashian","Abdulla"
443745,"Birke","Valdiodio"
405943,"Basagni","Neelam"
282313,"Cairo","Steve"
31706,"Redmiles","Howell"
401945,"Heinisuo","Premsyl"
34959,"Nooteboom","Christophe"
203236,"Bamford","Keiichiro"
213516,"Fiebach","Adel"
401273,"Petersohn","Udi"
27686,"Rosiles","Manu"
423234,"Porotnikoff","Kankanahalli"
85594,"Heusch","Hailing"
36956,"Marciano","Ulises"
262509,"Hagimont","Mads"
438591,"Cannard","Mohammed"
77131,"Bressoud","Hisao"
272344,"Vesna","Mamdouh"
64015,"Esposito","Persi"
24658,"Rattan","Vasiliy"
257509,"Itschner","Shaowei"
460584,"Selenyi","IEEE"
51345,"Segond","Tetsushi"
451470,"Hertweck","Lubomir"
240908,"Talmor","Renny"
14575,"Anick","Aluzio"
55631,"Garrabrants","Arunachalam"
270188,"Trystram","Lech"
19951,"Hasenauer","Oksana"
57623,"Waleschkowski","Horward"
47078,"Azulay","Mariangiola"
458770,"Ranai","Sadegh"
294663,"Veldwijk","Chaitali"
293574,"Rothenberg","Abdelwaheb"
249620,"Masaki","Weiye"
429266,"Gischer","Lene"
94222,"Kroha","Duke"
24241,"Doering","Naftali"
49255,"Hofstetter","Khaled"
277825,"Strooper","Peer"
228982,"Ramsak","Alagu"
30551,"Breugel","Souichi"
16921,"Yeung","Evgueni"
411024,"Syrzycki","Bowen"
223502,"Cooman","Charlene"
225275,"Ishibashi","Baocai"
237934,"Langford","Mayumi"
472754,"Lamba","Roselyn"
448958,"Baez","Rance"
250435,"Lorys","Arch"
239927,"Riefers","Theron"
238963,"Cronin","Gennadi"
216307,"Broder","Eckart"
52740,"Perna","Bangqing"
434371,"Itzigehl","Berna"
14366,"Laventhal","Gererd"
230976,"Serot","Chuanyi"
462258,"Azulay","Frazer"
481160,"Barvinok","Shan"
411751,"Tanemo","Conor"
283434,"Dahlbom","Kaijung"
261123,"Llado","Demin"
238991,"Decleir","Brewster"
106157,"Asser","Geoffry"
63615,"Rehfuss","Barry"
430461,"Lichtner","Fan"
423286,"Stifter","Aluzio"
413655,"Monkewich","Toong"
288096,"Joslin","Radhika"
57888,"Ballarin","Emdad"
103808,"Chachaty","Mircea"
238669,"Rosenbaum","Masako"
288884,"Azuma","Kish"
269599,"Besancenot","Shai"
424820,"Serna","Perry"
43794,"Gulla","Werner"
11307,"Dratva","Mohd"
100485,"Farrag","Sudharsan"
452778,"Chandrasekhar","Christ"
471328,"Chvatal","Shichao"
453451,"Bouloucos","Snehasis"
255825,"Thisen","Abdulah"
289198,"Poehlman","Rafael"
200473,"Angelopoulos","Xiahua"
240705,"Vickson","Sverrir"
44539,"Buchter","Kwangjo"
272240,"Munch","Rafail"
228654,"Chachaty","Sudharsan"
215326,"Furudate","Danae"
281188,"Heyers","Sedat"
223872,"Penttonen","Supot"
465505,"Dulay","Giao"
233615,"Cannata","Mats"
211960,"Egerstedt","Leucio"
74347,"Brobst","Izaskun"
259099,"Pluym","Parto"
266554,"Meriste","Yakichi"
251829,"Schrift","Kien"
206154,"Parfitt","Ekawit"
259305,"Melichar","Aron"
262702,"Hoogerwoord","Ortrun"
42417,"Zirintsis","Shaibal"
70150,"Gulla","Sushant"
476808,"Lemarechal","Serge"
473199,"Rosch","Kersti"
419405,"Rosay","Xinyu"
479333,"Rosiles","Lene"
446589,"Swan","Zhaofang"
424052,"Braunschweig","Xiaocheng"
266386,"Hutter","Takahira"
99480,"Aseltine","Larisa"
32102,"Zlotek","Quingbo"
457158,"Socorro","Isamu"
57832,"Herber","Niranjan"
33869,"Lukaszewicz","Masato"
24429,"Anger","Murthy"
236182,"Zielinski","Shridhar"
475613,"Steinauer","Irene"
19490,"Heuter","Odoardo"
213718,"Pramanik","Jouko"
479886,"Antonisse","Tesuro"
49024,"Denti","Rutger"
256996,"Highland","Arfst"
75368,"Murthy","Marko"
428462,"Katiyar","Yefim"
256289,"Nittel","Joydip"
284079,"Himler","Roddy"
33443,"Breugel","Xinglin"
55511,"Marshall","Bernt"
429775,"Edelhoff","Dmitri"
76256,"Borstler","Yolla"
19373,"Bojadziev","Xumin"
53180,"Ghandeharizadeh","Seongbin"
40582,"Siksek","Bedrich"
204636,"Pocchiola","Siddarth"
442521,"Demos","Marke"
82392,"Beznosov","Susuma"
430906,"Cyre","Christ"
222189,"Papsdorf","Nigel"
19181,"Stroustrup","Aiman"
469886,"Comellas","Susanna"
267774,"Demeyer","Yefim"
70608,"Perry","Marla"
233290,"Hanratty","Navin"
481585,"Fiutem","Guadalupe"
250135,"Tagansky","Genki"
432703,"DuBourdieux","Zhilian"
35457,"Michaels","Yishay"
463356,"Peyn","Nechama"
12687,"Badache","Weicheng"
299512,"Rusmann","Xudong"
86731,"Melski","Herb"
31607,"Backhouse","Valdiodio"
247682,"Narahari","Mabhin"
97834,"Swab","Ronnie"
261389,"Malinowski","Nechama"
400150,"Milicic","Naraig"
283416,"Tomescu","Pranav"
272952,"Rijckaert","Kristof"
423295,"Tsukune","Bartek"
408994,"Assaf","Shimshon"
401153,"Khalil","Becky"
24537,"Weiland","Moheb"
448056,"Kopetz","Manton"
244728,"Syrzycki","Akhilish"
291410,"Itschner","Kristof"
288284,"Bain","Hitomi"
77097,"Vandervoorde","Martine"
238626,"Koyama","Tran"
91855,"Erbe","Denis"
229693,"Jenevein","Shuky"
13720,"Braccini","Rildo"
219717,"Penttonen","Conrado"
419361,"Birta","Jaewoo"
430130,"Pettis","Deniz"
412099,"Weedon","Premsyl"
54944,"Kampfer","Huiqun"
284044,"Puppe","Ibibia"
61730,"Oppitz","Moti"
213922,"Penttonen","Xiahua"
77615,"Krupka","Jianwen"
38865,"Strooper","Hatem"
86519,"Denis","Armond"
450308,"Petersohn","Eran"
98299,"Sgarro","Deborah"
229494,"Wilfing","Kazuhira"
264260,"Przulj","Honesty"
205370,"Marchesini","Geoffry"
89547,"Hashii","Youngkon"
270267,"Merks","Xuedong"
98101,"Marchesini","Honglan"
213766,"Hiyoshi","Girolamo"
437697,"Conde","Mahmut"
269709,"Fujisawa","Lein"
17440,"Rosch","Hugh"
287852,"Papadias","Basem"
231653,"Lowrie","Toshimi"
48870,"Zallocco","Luigi"
296591,"Beilner","Munehiro"
470618,"Demos","Pantung"
416685,"Apsitis","Torsten"
247114,"Molenkamp","Vasilis"
26778,"Scharstein","Zeljko"
90369,"Ranum","Karoline"
440417,"Norsworthy","Utpal"
31771,"Sanella","Chiradeep"
480118,"Chinin","Monique"
445218,"Decaestecker","Gino"
46848,"Parfitt","Patricia"
420352,"Krohn","Matk"
10458,"Engelmann","Gina"
449698,"Conia","Mountaz"
213355,"Bauknecht","Shakhar"
209470,"Farris","Zito"
72271,"Hebert","Bikash"
438869,"Engelmann","Sailaja"
458084,"Stamatiou","DAIDA"
480361,"Thummel","Xuejun"
294322,"Morris","Takahito"
237123,"Falck","Candido"
414263,"Gist","Hongzhu"
462623,"Schaar","Shen"
416322,"Danley","Maria"
430467,"Jeansoulin","Nimmagadda"
424043,"Gulik","Tetsurou"
446408,"Muntz","Parke"
225518,"Zyda","Owen"
414441,"Koshiba","Howell"
91186,"Reeker","Masako"
212929,"Perri","Jixiang"
431756,"Conry","Jiang"
29936,"Koblitz","Laurentiu"
50003,"McClure","Avishai"
14813,"Alpin","Naftali"
400617,"Eldridge","Yuriy"
282189,"Braccini","Toshiko"
429863,"Genther","Khalil"
230706,"Yurov","Zvonko"
283436,"Baja","Bingning"
228498,"Neiman","Aamod"
16590,"Brodal","Woody"
211723,"Swab","Lorien"
208734,"Sundgren","Makato"
75091,"Kavanagh","Aiman"
290923,"Buchter","Qingxiang"
220382,"Rosen","Vishu"
70070,"Ellozy","Kerhong"
25630,"Iwayama","Jingling"
209759,"Lichtner","Mabhin"
476510,"Gimarc","Alagu"
107762,"Vesel","Tamiya"
60959,"Sridhar","Tetsushi"
26749,"Iisaka","Idoia"
29128,"Bonifati","Akeno"
19601,"Lundstrom","Ibibia"
443696,"Douceur","Henk"
443158,"Koprowski","Jessie"
233453,"Bhattacharjee","Nobuyoshi"
44294,"Douceur","Yoshinari"
404062,"Iisaku","Yaghout"
52639,"Colorni","Arup"
105398,"Kleiser","Vishu"
413453,"Matzov","Bokyung"
289926,"Schmiedel","Dante"
461588,"Cannard","Martijn"
254003,"Haumacher","Alenka"
254248,"Muntz","Honglan"
400335,"Angelopoulos","Ennio"
84528,"Beznosov","Mitchel"
94702,"Boyle","Lidong"
207203,"Usery","Constantijn"
255577,"Asser","Aran"
108351,"Velardi","Herbert"
481816,"Savasere","Junsik"
444431,"Simkin","Kamakshi"
292569,"Poulakidas","Amabile"
220994,"Cyne","Gilbert"
290013,"Asmuth","Basem"
29046,"Comellas","Suzette"
105790,"Mandell","Collette"
30022,"Genin","Ger"
264502,"Bruckman","LiMin"
200160,"Vingron","Bernd"
455577,"Chimia","Subbu"
215560,"Condotta","Jamaludin"
403839,"Vecchio","Fai"
54333,"Crabtree","Radhika"
40912,"Munro","Hyuncheol"
16446,"Chinin","Jouko"
84370,"Reghbati","Fei"
280048,"Cheshire","Eishiro"
254302,"Goodrum","Gian"
25978,"Matzel","Poorav"
452541,"Strandh","Morris"
278769,"Keirsey","Hitomi"
253785,"Smailagic","Eckart"
213943,"Swab","Arlette"
219372,"Passafiume","Phillip"
56050,"Uhrik","Jaroslava"
58428,"Barbanera","Dung"
292026,"Breugel","Yurij"
259461,"Mellouli","Gila"
208600,"Rettelbach","King"
242539,"Fontet","Garnet"
432944,"Plumb","Radhakrishnan"
41868,"Wossner","Francoise"
264725,"DiGiano","Ult"
466495,"Langford","Christfried"
414212,"Pehl","Theron"
422538,"Aamodt","Matk"
253433,"Ratzlaff","Froduald"
419285,"Hemaspaandra","Oscar"
442422,"Luca","Harjit"
268233,"Plavsic","Taiji"
210361,"Alblas","Basim"
22052,"Michaeli","Mohd"
233552,"Talmor","Nirmal"
407416,"Danner","Jasminko"
67680,"Nourani","Susuma"
227234,"Tibblin","Felicidad"
205551,"Levasseur","DAIDA"
95571,"Yeung","Ekawit"
400513,"Teitelbaum","Shimshon"
220709,"Wilharm","Jinya"
105437,"Majewski","Luerbio"
10254,"Brattka","Shen"
231159,"Valtorta","Chikara"
413358,"Escriba","Lena"
276340,"Lukaszewicz","Pragnesh"
66119,"Itschner","Bernt"
24422,"Taubman","Anwar"
443598,"Kermarrec","Chenyi"
98147,"Suwa","Zengping"
406749,"Lalonde","Bilhanan"
49728,"Denny","Xiong"
461105,"Chachaty","Nikolaos"
402352,"Birch","Kyoichi"
100091,"Rabejac","Barun"
413166,"Salverda","Koldo"
462705,"Norsworthy","Mohit"
34016,"Gonthier","Georg"
400355,"Peek","Nathalie"
263323,"Swen","Guiseppe"
216943,"Akaboshi","Sudharsan"
21164,"Ramsay","Marsha"
407091,"Conde","Magy"
457880,"Segond","Chrisa"
247488,"Riesenhuber","Rildo"
81588,"Stavenow","Gennadi"
454398,"Braunmuhl","Qunsheng"
246459,"Shokrollahi","Kiyotoshi"
435279,"Ramamoorthy","Boguslaw"
243785,"Veldwijk","Takahiro"
75817,"Biran","Sreekrishna"
49058,"Rabejac","Kazuhiko"
32577,"Bridgland","Ayakannu"
275405,"Leivant","Tua"
203751,"Constantine","Xiong"
208140,"Tokunaga","Bedrich"
261696,"Pettey","Muzhong"
281843,"Wixon","Gianluca"
15127,"Binkley","Sanjeeva"
428969,"Raoux","Gil"
212422,"Thorensen","Menkae"
295915,"Ranka","Moriyoshi"
403948,"Kinley","Rosli"
31651,"Zeilberger","Oscal"
263917,"Stanfel","Zhongwei"
267724,"Conia","Vivian"
407889,"Alpay","Mariusz"
14889,"Solovay","Subhash"
251964,"Baaz","Xiaoheng"
215162,"Schoegge","Eckart"
11874,"Motley","Baoqiu"
435792,"Baaleh","Peer"
48165,"Budinsky","Chuanti"
46146,"Riesenhuber","Kolar"
405123,"Walstra","Zeljko"
412275,"Holburn","Lene"
55271,"Colorni","Laurentiu"
251389,"Garrabrants","Shushma"
424091,"Cooke","Fabrizio"
230788,"Waleschkowski","Ayonca"
444020,"Tibblin","Heon"
415451,"Gilg","Seongbae"
286698,"Ritzmann","Hairong"
34320,"Puppe","Bangqing"
10226,"Plessier","Xinglin"
288606,"Swiss","Susumu"
453609,"Rehfuss","Martijn"
437499,"Lipner","Mamdouh"
460742,"Schonegge","Adhemar"
51491,"Percebois","Arup"
457202,"Mersereau","Uzi"
275329,"Shokrollahi","Brewster"
54443,"Grabner","Gro"
226243,"Perfilyeva","Toshimi"
25051,"Schapire","Ioana"
33929,"Crabtree","Nahla"
417267,"Plavsic","Taizo"
435980,"Rando","Toney"
278961,"Haddadi","Temple"
473232,"Baez","Jagoda"
230283,"Axelband","Divine"
50887,"Suppi","Odysseas"
55198,"Wissmann","Moss"
206092,"Kobara","Elvis"
16441,"Schaaf","Amabile"
452015,"Showalter","Kensyu"
216847,"Haraldson","Lalit"
295793,"Zeilberger","Fox"
243689,"Neiman","Koichi"
31210,"Crouzet","Boguslaw"
463896,"Thummel","Masanao"
414502,"Hiraishi","Emran"
63378,"Plotkin","Satoru"
461615,"Borovoy","Flemming"
452749,"Luon","Eishiro"
444732,"Cromarty","Yunming"
48197,"Siepmann","Fun"
449032,"Sinicrope","Yoshimitsu"
81697,"Thorensen","Hidde"
269997,"Bael","Qingxiang"
251235,"Thorensen","Sugwoo"
11857,"Farrag","Divier"
109533,"Isaac","Subhash"
271730,"Cichocki","Qiwen"
226305,"Reinhard","Kersti"
18407,"Luit","Marsja"
456836,"Perez","Paloma"
412103,"Vadhan","Mahmut"
424006,"Levasseur","Sailaja"
93645,"Motley","Yifei"
54406,"Stavenow","Hirochika"
418232,"Erde","Eberhardt"
76749,"Raoux","Luise"
470853,"Marshall","Uma"
62504,"Rajcani","Roded"
291325,"Speckmann","Arno"
479981,"Falby","Xiadong"
280636,"Molenaar","Aamer"
236842,"Gilg","Kristof"
221672,"Atrawala","Maha"
214610,"Lorho","Denny"
18872,"Krybus","Hauke"
471546,"Picht","Cedric"
41191,"Waeselynck","Stepehn"
407456,"Haraldson","Heekeun"
62594,"Shumilov","Pintsang"
52236,"Tchuente","Nishit"
15718,"Syrotiuk","Shmuel"
400540,"Nishimukai","Arie"
463901,"Lamparter","JoAnna"
107141,"Ranai","Nathalie"
227479,"Jonsson","Gino"
418679,"Quadeer","Toong"
450859,"Parfitt","Neven"
282146,"Mapelli","JiYoung"
414193,"Gubsky","Lansing"
37312,"Gecsei","Arie"
464212,"Journel","Xiaoqiang"
264110,"Piazza","Shiv"
448237,"Tagansky","Chenxi"
400497,"Schaar","Shigeaki"
293115,"Sommen","KayLiang"
213199,"Comte","Alagu"
245420,"Yetto","Xiping"
40302,"Stellhorn","Hairong"
249944,"Ranon","Florian"
239297,"Rosch","Eben"
270161,"Brendel","Elgin"
216946,"Highland","Oguz"
108085,"Molenkamp","Khun"
478143,"Lally","Rosli"
79908,"Ritcey","Shigeaki"
276819,"Narwekar","Torsten"
92815,"Maraist","Feixiong"
478598,"Dengi","Elvis"
269957,"Strandh","Xinyu"
210427,"Fritzsche","Aleksander"
81646,"Servieres","Ingemar"
429165,"Weedman","Isaac"
234412,"Ranka","Feiyu"
101561,"Hebden","Arch"
403848,"Kitsuregawa","Filipe"
83529,"Schwartzburd","George"
83287,"Leijenhorst","Werner"
432337,"Porenta","Francesca"
224350,"Luff","Maja"
456696,"Petersohn","Susumu"
212737,"Mitchem","Eckart"
211205,"Pileggi","Tuval"
466798,"Chinin","Debaprosad"
26143,"Miyakawa","Rosine"
269816,"Breugel","Leaf"
72469,"Clouatre","Peternela"
294748,"Pero","Cullen"
282249,"Kakkar","Christophe"
81952,"Brodal","Jinya"
41410,"Munch","Kwangho"
284423,"Szmurlo","Sudharsan"
450695,"Bashian","Shin"
422855,"Sommen","Przemyslawa"
65997,"Bergere","Djenana"
60485,"Babb","Hinrich"
407076,"Chartres","Kish"
275338,"Rajaraman","Chinya"
68728,"Shihab","Tesuya"
240484,"Kulisch","Fai"
427977,"Openshaw","Marit"
457735,"Junet","Ung"
245412,"Erni","Val"
256578,"Beilner","Basil"
296715,"Jeong","Noritoshi"
49060,"Karcich","Vivian"
445644,"Sevcikova","Temple"
440032,"Zedlitz","Arie"
269936,"Bratsberg","Cathie"
233617,"Dahlbom","Moni"
89721,"Schusler","Lakshmi"
266828,"Curless","Lobel"
429951,"Brodie","Marl"
212188,"Arlazarov","Kiam"
202227,"Dalton","Krisda"
21705,"Luon","Aleksandar"
469840,"Szmurlo","Claudi"
10906,"Carrere","Munehiro"
230907,"Lieblein","Shirish"
447160,"Ramalingam","Ohad"
294670,"Broomell","Udaiprakash"
252177,"Kaiser","Leandro"
71579,"Rathonyi","Olivera"
222716,"Milicic","Sven"
464833,"Speer","Herb"
475044,"Sommen","Wonhee"
47056,"Marciano","Parto"
271997,"Koshiba","Werner"
289360,"Ariola","Munir"
40891,"Kaltofen","Jinya"
12976,"Szmurlo","Alejandro"
12454,"Farris","Kerryn"
88605,"Osgood","Gretta"
478921,"Atrawala","Shuzo"
459378,"Dechter","Radhia"
60763,"Mondadori","Augustine"
46117,"Karunanithi","Constantino"
249197,"Theuretzbacher","Lena"
211158,"Kawashimo","Francoise"
447813,"Rothenberg","Fuqing"
235816,"Tokunaga","Berthier"
470507,"McAlpine","Kwun"
469731,"Bierman","Ramya"
465077,"Lenart","JoAnne"
81116,"Michaels","Jinpo"
15938,"Covnot","Garnik"
417294,"Trogemann","Sakthirel"
289903,"Narahari","Radhika"
477932,"Mahnke","Becky"
74340,"Terwilliger","Ottavia"
223972,"Peng","Phillip"
459670,"Bazelow","Ohad"
430623,"Lanzelotte","Yongmao"
289223,"Perl","Chikako"
255740,"Alencar","Tru"
48909,"Albarhamtoshy","Ghassan"
100657,"Hutton","Luisa"
107750,"Staelin","Izaskun"
226024,"Cherinka","Koldo"
416788,"Hoogerwoord","Apostol"
64079,"Pagter","Shaibal"
435619,"Bierbaum","Kazuhito"
224952,"Hockney","Laurentiu"
73939,"Streng","Franziska"
430685,"Jenevein","Sergi"
480114,"Suri","Shakhar"
221325,"Erni","Munehiro"
415833,"Setia","Bangqing"
49500,"Mitchem","Sadun"
102297,"Birjandi","Yannis"
281207,"Kalloufi","Genta"
400775,"Ghalwash","Oldrich"
283443,"Wilfing","Frederique"
30742,"Potthoff","Yahiko"
74728,"Jarecki","Gurbir"
260218,"Auyong","Lene"
204180,"Heping","Maik"
425636,"Picaronny","Danco"
33791,"Shackell","Mariangiola"
207842,"Denos","Pranjal"
447664,"Bage","Vidar"
207409,"Iwayama","Vatsa"
107330,"Bednarek","Navid"
430372,"Babb","Yifei"
462596,"Schiettecatte","Ranan"
430725,"Lupu","Abdulah"
224001,"Kopetz","Goetz"
30330,"Nitsch","Caolyn"
401218,"Rande","Sajjan"
454516,"Delgrande","Mariusz"
84595,"Christianini","Xiaopeng"
43672,"Schurmann","Utpal"
276678,"Danecki","Zengping"
78787,"Ruther","Weijing"
40309,"Mahnke","Kiam"
215981,"Perin","Sudhanshu"
294539,"Cyre","Kazuhito"
285685,"Debuse","Akhilish"
228713,"Billingsley","Uno"
107607,"Cooley","Radoslaw"
72402,"Kruskal","Margareta"
292994,"Setiz","Naftaly"
449763,"Yurek","Raimond"
109314,"Merkl","Xiaoheng"
467684,"Valtorta","Eran"
61741,"Beeson","Aron"
287688,"Thambidurai","JiYoung"
437580,"Schlumberger","Siddarth"
457426,"Manders","Jaewon"
431352,"Piazza","Masato"
442879,"Schaap","Henk"
44872,"Whittlesey","Miyeon"
294658,"Weedman","Constantijn"
205532,"Lichtner","Mircea"
43515,"Deville","Billie"
298818,"Ghazalie","Martins"
450186,"Birke","Kotesh"
103189,"Grospietsch","Shrikanth"
404348,"Carrere","Girolamo"
255931,"Vural","Yinghua"
431511,"Babb","Marko"
55618,"Heering","Terresa"
408164,"Hofman","Unal"
437092,"Andreotta","Gal"
83005,"Rebaine","Christoper"
246264,"Fargier","Stamatina"
206121,"Sudbeck","Yuqun"
424725,"Kuzuoka","Hein"
95221,"Bernick","Elvis"
477706,"McAlpine","Shigenori"
84309,"Tramer","Jayson"
29413,"Highland","Basem"
478726,"Panienski","Karlis"
22852,"Birjandi","Marin"
455308,"Perez","Kristof"
26115,"Schwabacher","Sudhanshu"
474552,"Steinauer","Ramzi"
79152,"Rubsam","Barun"
245250,"Ventosa","Taiji"
72446,"Talmor","Apostol"
425360,"Dratva","Hidefumi"
10093,"Desikan","Sailaja"
250571,"Heyers","Gopalakrishnan"
440471,"Morris","Berni"
76801,"Vitiello","Bernice"
46680,"Fairtlough","Phuoc"
205921,"Chartres","Bangqing"
59771,"Madeira","Shimshon"
452716,"Zeidenstein","Serif"
424005,"Schauser","Alejandra"
11097,"Rissanen","Jovan"
427953,"Jansen","Basem"
296595,"Willoner","Bodo"
20758,"Decleir","Branimir"
400981,"Furedi","Guadalupe"
463742,"Vickson","Khedija"
272063,"Viele","Minghong"
427436,"Angiulli","Annemarie"
240567,"Vidal","Moto"
451048,"Kitsuregawa","Duke"
95928,"Reistad","Kinh"
296246,"Portugali","Ekawit"
73861,"Iivonen","Janche"
248585,"Swiler","Oscal"
262007,"Badache","Goh"
208514,"Merlo","Gila"
438371,"Lamba","Debatosh"
102860,"Luiz","Aria"
23367,"Aumann","Yurij"
475860,"Broomell","Brigham"
104694,"Stenning","Masaki"
82458,"Peres","Barun"
217006,"Chinin","Yechiam"
270641,"Itzfeldt","Hongzue"
295058,"Portugali","Udaiprakash"
435055,"Kavanagh","Tiina"
453039,"Seuren","Yoshimitsu"
236154,"Demeyer","Shmuel"
432267,"Rosen","Siddarth"
279288,"Masand","Patricio"
470181,"Jarecki","Chriss"
418108,"Conde","Shounak"
267347,"Sidhu","Krisda"
217785,"Clouatre","Froduald"
272066,"Conia","Seongbae"
236795,"Trystram","Arno"
257143,"Kropp","Hsiangchu"
213091,"Conde","Ashish"
211255,"Douceur","Prasadram"
36225,"Vecchio","Barton"
92837,"Sooriamurthi","Yonghong"
50216,"Hagimont","Mingsen"
222816,"Cyre","Surveyors"
453018,"Kobara","Shounak"
452026,"Madeira","Idoia"
53027,"Lienhardt","Make"
33290,"Beerel","Aksel"
471702,"Schurmann","Brendon"
430209,"Ghandeharizadeh","Hidekazu"
283615,"Isaak","Petter"
94019,"Trelles","Erez"
430150,"Oppitz","Xiaopeng"
267781,"Bade","Nathan"
435958,"Bratsberg","Neven"
215772,"Lemarechal","Tamiya"
72967,"Brobst","Menkae"
78819,"Compeau","Vojin"
280271,"Papastamatiou","Yucel"
236953,"Roccetti","Djenana"
19500,"Plessier","Shaowen"
275634,"Beerel","Zhiwei"
105818,"Hoogerwoord","Gro"
439974,"Kuszyk","Yechezkel"
277555,"Srimani","Pradeep"
236656,"Biron","JoAnne"
462073,"Plump","Alassane"
249447,"Ossenbruggen","Mayuri"
481457,"Terwilliger","Alois"
104404,"Usery","Yoshinari"
469242,"Cheshire","Kirk"
245823,"Perly","Miyeon"
457768,"Range","Xiaobin"
239244,"Kitai","Abdulla"
93282,"Iivonen","Randy"
55887,"Swift","Paris"
238534,"Valiente","Lillian"
33534,"Validov","Francoise"
253154,"Crooks","Remmert"
470697,"Siksek","Shigenori"
89571,"Schieder","Kish"
451004,"Pulkowski","Aron"
24287,"Pashtan","Sibyl"
402572,"Noriega","Naraig"
277030,"Bultermann","Indrajit"
42058,"Syang","Shigeaki"
101531,"Jumpertz","Kenton"
44801,"Benzmuller","Paddy"
412560,"Barinka","Mari"
40296,"Yetim","Abdulah"
449038,"Pauthner","Shigehiro"
41695,"Stamatiou","Constantine"
274936,"Ritzmann","Ult"
227065,"Melton","Mingzeng"
18004,"Miyakawa","George"
426511,"Polupanov","Oddvar"
246826,"Peir","Xiaocheng"
418786,"Chaudhuri","DAIDA"
269030,"Masada","Aruna"
478834,"Bodoff","Remco"
425124,"Merle","Lein"
52693,"Figueira","Peer"
249146,"Swick","Kristian"
476886,"Kawashima","Constantine"
108925,"Serre","Yonghoan"
16821,"Czap","Heather"
454538,"Arlazarov","Paddy"
473611,"Akazan","Yechiam"
262272,"Chachaty","Foong"
87889,"Naumovich","Arve"
52737,"Chinal","Abdulah"
413859,"Gulik","Uma"
15071,"Couchot","Ayonca"
451656,"Armand","Shem"
477954,"Walstra","Ziyad"
36459,"Riexinger","Shooichi"
449799,"Kalorkoti","Lijia"
426981,"Khalid","Erzsebet"
223114,"Massonet","Ishfaq"
298390,"Angelopoulos","Guiseppe"
106123,"Sinitsyn","Conor"
93001,"Pusterhofer","Kersti"
13754,"Bahr","Jongsuk"
481618,"Szilard","Xiaoshan"
104751,"Puoti","Mary"
101964,"Aloia","Gretta"
230531,"Valtorta","Lene"
418114,"Braunmuhl","Xiadong"
83418,"Dulli","Shuichi"
19243,"Vitiello","Chenyi"
232102,"Ramsay","Hidekazu"
296308,"Harnett","Angel"
283217,"Lamparter","Manton"
272222,"McConalogue","Heng"
409609,"Michaeli","Keiichiro"
109818,"Herber","Sajjad"
465714,"Strehl","Mabhin"
244581,"Aingworth","Kyoichi"
467493,"Schaft","Neven"
221068,"Anger","Cheong"
20813,"Sinicrope","Srinidhi"
278459,"Roison","Matt"
224696,"Sichman","Souichi"
87383,"Marshall","Sreekrishna"
402164,"Adachi","Lenore"
298277,"Uludag","Mary"
238160,"Merks","Edwin"
241273,"Boreale","Heather"
442272,"Varker","Stein"
447849,"Wissmann","Izaskun"
258248,"Peot","Nathan"
285151,"Dayang","Lobel"
89769,"Brodal","Munir"
438284,"Veccia","Berry"
465976,"Lichtman","Niclas"
89468,"Krupka","Goo"
463632,"Foote","Chinya"
12590,"Rosenbaum","Gita"
430305,"Kermarrec","Pohua"
254417,"Selvestrel","Yurii"
479947,"Heydon","Moon"
279717,"Ghazalie","Zhaofang"
266515,"Pouyioutas","Stafford"
233711,"Simkin","Parke"
412622,"Wolniewicz","Shigehiro"
232404,"Joslin","Tonia"
83694,"Uhrig","Ottavia"
478026,"Gire","Randy"
217942,"Tischendorf","Jayson"
101231,"Ecklund","Rimli"
269913,"Jervis","Alain"
273886,"Munoz","Woody"
207186,"Szemeredi","Mansur"
21249,"Schueller","Steen"
294696,"Facello","Sahrah"
29570,"Edelhoff","Bangqing"
95575,"Esteva","Mohamadou"
105902,"Alpin","Constantine"
472123,"Roohalamini","Piyawadee"
262962,"Cooke","Bader"
257275,"Rodite","Toshimi"
221018,"Noriega","Gro"
470379,"Conti","Pintsang"
447998,"Remmele","Oddvar"
427246,"Saoudi","Shaowei"
456657,"Akaboshi","Frederique"
234649,"Preusig","Joydip"
215799,"Engelmann","Clyde"
61976,"Pashtan","Minghong"
109641,"Emmart","Chrisa"
269634,"Kaiserswerth","Xiaoqiang"
446059,"Comellas","Yoshimitsu"
295665,"Socorro","Fabrizio"
299468,"Whittlesey","Youpyo"
39992,"Gadepally","Mohit"
284313,"Vesna","Georg"
466243,"Jeansoulin","Jianhao"
79289,"Bergere","Gao"
82513,"Castellani","Ugo"
425262,"Rahier","Thanasis"
264810,"Poehlman","JoAnna"
217586,"Schmittgen","Ult"
419510,"Mitzlaff","Dayanand"
405467,"Cincotta","Dulce"
294038,"Zeidenstein","Susanta"
214252,"Granlund","Katsuo"
450888,"Rande","Sedat"
86199,"Cochrane","Rasiah"
455289,"Tomescu","Martine"
298706,"Oxenboll","Cedric"
92956,"Garigliano","Kristinn"
19890,"McFarlin","Surveyors"
204949,"Sambasivam","Christophe"
408025,"Ullian","Tooru"
288377,"Kusakari","Xiaoqiang"
260927,"Varker","Yakichi"
253860,"Lampe","Rosli"
42851,"Murtafg","Elvia"
252047,"Bamford","Goncalo"
48275,"Massonet","Sariel"
65616,"Swan","Bedir"
41982,"Luff","Candida"
53035,"Koshiba","Mariusz"
230745,"Cunliffe","Eberhardt"
72437,"Mellouli","Radhika"
460442,"Lieberherr","Behnaam"
80837,"Tempesti","Nigel"
212583,"Gubsky","Kristinn"
291680,"Clouatre","Yuchang"
266743,"Rajala","Jaber"
92222,"Tyugu","Mong"
106771,"Yurov","Radhakrishnan"
242423,"Pellegrinelli","Val"
469581,"Yoshizawa","Sudharsan"
265826,"Laurillard","Hiroyasu"
99451,"Riexinger","Guenter"
52201,"Schrooten","Kerryn"
236119,"Schwartzburd","Emran"
29273,"Olano","Parke"
412072,"Rindone","Bezalel"
235777,"Mullainathan","Domenico"
225604,"Sessa","Shooichi"
21931,"Erdmenger","Shounak"
431928,"Maraist","Gill"
280102,"Selenyi","Muneo"
20495,"Schahn","Nishit"
80326,"Rosca","Caolyn"
447504,"Lieblein","Mandell"
272574,"Litzler","Subhada"
105271,"Yurek","Keung"
423066,"Milicia","Rafael"
251181,"Tischendorf","Florian"
283284,"Stanfel","Josyula"
43618,"Gecsei","Adamantios"
477073,"Henders","Florina"
460903,"Kabayashi","Rafail"
451392,"Sadowski","Sachar"
225077,"Kaltofen","Dines"
453276,"Hofstetter","Surveyors"
423339,"Shihab","Khalil"
219634,"Pillow","Moon"
205981,"Quittner","Parviz"
79073,"Bhattacharjee","Almudena"
294281,"Peha","Taisook"
457676,"Hasenauer","Nalini"
20701,"Kavraki","Francesca"
448812,"Esteva","Zhiwei"
427022,"Pintelas","Yurii"
86179,"Grandbois","Debatosh"
437605,"Bage","Nadjib"
429542,"Sevcikova","Marco"
101913,"Carrere","Sampalli"
440447,"Dolinsky","Kristen"
102134,"Sessa","Jaihie"
78955,"Fandrianto","Sampalli"
68816,"Vingron","Udo"
237637,"Erol","Anneke"
108329,"Hutton","Basant"
257975,"Hanratty","Xiaopeng"
25072,"Kalloufi","Takushi"
476893,"Boudaillier","Kazuhira"
82826,"Oxman","Nalini"
280923,"Silva","Uno"
215919,"Hockney","Parto"
10215,"Duclos","Xiaobin"
55049,"Arlazarov","Chenyi"
287118,"Hempstead","Duangkaew"
40865,"Schapiro","Florina"
273192,"Snyers","Guttorm"
45753,"Thibadeau","Hsiangchu"
76447,"Varley","Shakhar"
283844,"Cincotta","Charlene"
216381,"Egerstedt","Fay"
418693,"Majewski","Amabile"
263243,"Giveon","Amstein"
454277,"Gimbel","Elvia"
443383,"Cannata","Xuejun"
28390,"Gyimothy","Sachio"
467116,"Straney","Shirish"
441372,"Portugali","Nobuyoshi"
84978,"Rajaraman","Yuguang"
463006,"Wendorf","Stella"
87102,"Stifter","Kousuke"
404799,"Negoita","Yongmao"
478525,"Angiulli","Miyeon"
470594,"Merel","Shaleah"
226956,"Plesums","Divier"
37717,"Lichtman","Arunachalam"
286540,"Rotem","Oldrich"
448698,"Hofman","Falguni"
453338,"Swiss","Duro"
435288,"Millington","Kristen"
401889,"Siksek","Chinya"
259993,"Sinitsyn","Spyrose"
245469,"Boguraev","Hidde"
283064,"Buchter","Martins"
282753,"Ghandeharizadeh","Tonia"
36215,"Pietracaprina","Fabrizio"
442396,"Tokunaga","Basim"
272618,"Rouquie","DAIDA"
243603,"Lichtman","Wojceich"
100034,"Middleton","Takahiro"
95450,"Goldhammer","Hein"
470874,"Zweizig","Oksana"
241049,"Lichtner","Alenka"
24795,"Chachaty","Ulf"
229171,"Schiper","Gregory"
461092,"Middleton","Souichi"
451397,"Atchley","Akhilish"
246724,"Potthoff","Subhada"
456724,"Talmor","Anneli"
220241,"Gulik","Harngdar"
253589,"Pashtan","Masaki"
420998,"Pena","Anoosh"
224710,"DuBourdieux","Bodh"
423921,"Terkki","Vugranam"
478176,"Baer","Hironoby"
221064,"Kermarrec","Susuma"
13403,"Diderrich","Toney"
429390,"Kopetz","Leszek"
108722,"Rikino","Eishiro"
99674,"Schnabel","Marek"
283987,"Geffroy","Shem"
258299,"Prochazka","Bluma"
258076,"Baig","Shahab"
247660,"Bratten","Jingling"
204078,"Pusterhofer","Teruyuki"
436288,"Detkin","Xiaocheng"
431353,"Reeken","Bedir"
408187,"dAstous","Billur"
86588,"Vecchi","Kazuhide"
95263,"Swab","Leaf"
83716,"Mandell","Karlis"
284947,"Vidal","Martial"
254911,"Orlowska","Shalesh"
441724,"Schicker","Shietung"
212447,"Aseltine","Kwangyoen"
424720,"Thummel","Gregory"
296013,"Perfilyeva","Yakichi"
472872,"Danley","Danel"
264992,"Manders","Boalin"
225838,"Matzov","Alselm"
78772,"Gecsel","Satosi"
466447,"Malabarba","Juyoung"
63777,"Braunschweig","Duri"
291501,"Delgrande","Fumitaka"
445687,"Turnbull","Falguni"
66953,"Gelosh","Masaki"
293040,"Merey","Rildo"
229026,"Schrooten","Zito"
433379,"Botman","Paloma"
51320,"Oberman","Nevin"
259626,"Ossenbruggen","Weiyi"
294276,"Trystram","Berthier"
453666,"Middleton","Elliott"
283702,"Rosis","Zhenhua"
87762,"Luck","Herbert"
282868,"Cesareni","Lubomir"
429947,"Birnbaum","Pranav"
67978,"Mattern","Limsoon"
244568,"Hoogerwoord","Takahito"
11124,"Porenta","Gladys"
451225,"Birge","Pranjal"
281122,"Naumovich","Dulce"
231485,"Lieblein","Lene"
107490,"Riesenhuber","Zhenhua"
73387,"Axelband","Noritoshi"
45528,"Zedlitz","Mountaz"
64138,"Fetvedt","Yuqun"
266865,"Mawatari","Tuval"
92021,"Brlek","Owen"
435612,"Bail","Satyanarayana"
416985,"Negoita","Herbert"
257894,"Stroustrup","Paloma"
237465,"Schlumberger","TRUE"
448108,"Tomescu","Heon"
432433,"Cronan","Sadok"
203148,"Levergood","Moni"
87172,"Mateescu","Miquel"
269858,"Picaronny","Anneke"
465760,"Cullers","Tristan"
238191,"Bage","Bedrich"
402405,"Piancastelli","Guttorm"
213595,"Luit","Maja"
480534,"Azulay","Cristinel"
263801,"Stentiford","Yuping"
444637,"Peot","Kellyn"
403531,"Vickson","Snehasis"
21682,"Heinisuo","Arunas"
11941,"Cyre","Gaurav"
39798,"Preusig","Ebru"
417196,"Dusink","Visit"
454233,"Bruckman","Ewing"
477763,"Cmelik","Kwun"
281498,"Hofman","Kenroku"
276559,"Delaune","Munir"
224975,"McConalogue","Gretta"
25435,"Milicia","DeForest"
54975,"Katiyar","Maris"
473794,"Burnard","Georgi"
422502,"Hoogerwoord","Richara"
38683,"Birjandi","Gilbert"
475137,"Begiun","Hatim"
271095,"Hardjono","Filipe"
403745,"Taubenfeld","Kerryn"
251459,"Nanard","Jianhao"
15925,"Rosaz","Owen"
455520,"Berztiss","Eirik"
421022,"Butner","Shigeaki"
39385,"Molenaar","Eben"
297682,"Kobara","Gurbir"
64962,"Pollock","Heejo"
55347,"Kermarrec","Nathalie"
449778,"Bahr","Youjian"
439868,"Gruenwald","Toney"
255309,"Jiafu","Shiv"
50264,"Vieth","Mohamadou"
277529,"Fiutem","Szabolcs"
206526,"Chepyzhov","Hauke"
202754,"Hofman","Chenyi"
468793,"Kuhnemann","Zeljko"
28340,"Provine","Hongzhu"
247230,"Nollmann","Kasturi"
286020,"Cmelik","Yifei"
220536,"Baby","DAIDA"
62182,"Luiz","Nirmal"
425167,"Strandh","Baoqiu"
26095,"Erbe","Yucel"
443008,"Backhouse","Divier"
105552,"Ananiadou","Kellie"
266969,"Valtorta","Heeju"
61195,"Lakshmanan","Odinaldo"
478901,"Jiafu","Koichi"
275962,"Tyugu","Candida"
460675,"Openshaw","Xianlong"
421438,"Adachi","Jaewoo"
408737,"Aamodt","Leen"
219050,"Uchoa","Feixiong"
402201,"Grabner","Youssef"
286212,"Krychniak","Khoa"
406206,"Heemskerk","Garnet"
18180,"Murtafg","Adam"
55337,"Nilsson","Gad"
231959,"Hatcliff","Adib"
21432,"Weisert","Kerhong"
462292,"Kobuchi","Christfried"
273904,"Leijenhorst","Steen"
424425,"Isaac","Fuqing"
456868,"Kolvik","Adly"
451904,"Walstra","Christfried"
299480,"Ernst","Armond"
254809,"Gewali","Giao"
28763,"Bojadziev","Selwyn"
21339,"Roccetti","Juyoung"
415075,"Falster","Lihong"
263103,"Chleq","Marke"
35345,"Tiemann","Divier"
251932,"Krone","Dmitry"
274901,"McFarlin","Limsoon"
232530,"Luks","Boguslaw"
286878,"Otillio","Sakthirel"
104620,"Coullard","Aruna"
467047,"Gronowski","Naraig"
426387,"Paludetto","Filipe"
15922,"Czap","Khue"
425696,"Parfitt","Pranas"
84274,"Rande","Xiahua"
80772,"Crooks","Shooichi"
45986,"Wallrath","Jouni"
20918,"Sullins","Annemarie"
280151,"Auyong","Kazuhira"
75555,"Scharstein","Masali"
57565,"Ranai","Kasidit"
296607,"Luef","Persi"
77313,"Suwa","Honglan"
66377,"Peot","Mahendra"
445059,"Bojadziev","Gurbir"
444922,"Naudin","Jordanka"
408258,"Chorvat","Kristen"
242503,"Krogh","Volkmar"
19282,"Demri","Yuping"
67197,"Trogemann","Nevin"
425835,"Pesch","Marco"
34177,"Worfolk","Emran"
79287,"Bennis","Chriss"
270581,"Ritzmann","Duri"
71517,"Thebaut","Raimond"
204737,"Huhdanpaa","Duro"
86846,"Borstler","Limsoon"
446925,"Jansen","Kiyokazu"
438771,"Barreiro","Basim"
481860,"Orlowska","Alain"
28176,"Feinberg","Yannik"
415060,"Heemskerk","Maya"
32222,"Clemencon","Hyuncheol"
100933,"Taneja","Uli"
408536,"Saoudi","Kotesh"
408208,"Senzako","Xuejia"
96200,"Sudkamp","Udaiprakash"
479402,"Perfilyeva","Martina"
271001,"Heiserman","Persi"
296906,"Gips","Fumiyo"
214952,"Leppanen","Moty"
99684,"Broder","Mingzeng"
71017,"Skafidas","Adin"
468996,"Stafford","Chenye"
293677,"Parfitt","Genevieve"
227979,"Dusink","Shietung"
99549,"Barreiro","Sashi"
282791,"Erman","IEEE"
42254,"Srimani","Tomofumi"
278251,"Picaronny","DeForest"
77152,"Bednarek","Geraldo"
247752,"Isaak","Prasadram"
57021,"Lipner","Leah"
288591,"Wilfing","Nagui"
480648,"Karner","Chiranjit"
30903,"Fendler","Gritta"
449433,"Bakhtari","Lansing"
430052,"Angel","Tsutomu"
249137,"Heystek","Mayuko"
208543,"Azuma","Uinam"
283940,"Ravishankar","Lokesh"
228277,"Bernardeschi","Gererd"
425133,"Trelles","Guoxiang"
46021,"Barriga","Ziya"
21601,"Gente","Maya"
13162,"Goodrum","Shaw"
286256,"Heemskerk","Jaewon"
21290,"Griswold","Boaz"
404180,"Denna","Pradeep"
208546,"Garnier","Piyush"
40256,"Bernardeschi","Abdelwaheb"
439921,"Etalle","Adil"
96740,"Weedman","Aloys"
35012,"Krybus","Noritoshi"
219788,"Awdeh","Makato"
84731,"Schurmann","Giap"
425556,"Perly","Conal"
412800,"Peha","Goetz"
423456,"Bach","Bezalel"
470055,"Azadmanesh","Leaf"
441213,"Dulin","Murthy"
283882,"Slobodova","Gregory"
415205,"Krohn","Kwangyoen"
208817,"Rajaraman","Sachio"
432026,"Riexinger","Josyula"
287662,"Badache","Mechthild"
245105,"Beznosov","Felicidad"
224907,"Matzke","Holgard"
93615,"Schwabacher","Steve"
453718,"Kumaresan","Mohan"
214983,"Farrel","Holgard"
49222,"Frezza","Brigham"
58713,"Kenevan","Terresa"
70329,"Hiyoshi","Ennio"
259051,"Wilfing","Arumugam"
87226,"Veccia","Gio"
437584,"Pouyioutas","Hinrich"
206177,"Kaelbling","Hironoby"
227509,"Markovitch","Almudena"
215424,"Hertweck","Hirochika"
200488,"Kulisch","Aiman"
23089,"Perng","Genki"
229038,"Oberman","Sachar"
98912,"Hoppenstand","Lihong"
293682,"Cooley","Gro"
227519,"Petereit","Juichirou"
446946,"Stellhorn","Djenana"
461919,"Gluchowski","Shuky"
434492,"Ritcey","Nishit"
407368,"Garnick","Morris"
263881,"Larfeldt","Chinhyun"
451515,"Anily","Goncalo"
260819,"Szemeredi","Fay"
215708,"Merro","Tayeb"
414253,"Plotkin","Fumiyo"
425645,"Matheson","Pranas"
206298,"Melter","Limsoon"
13498,"Delaune","Mohammad"
241411,"Salvesen","Subhada"
282815,"Reistad","Kwok"
415276,"Fritzsche","Guiseppe"
407165,"Heydon","Huiqun"
279737,"Itschner","Goetz"
69444,"Leslie","Martijn"
241757,"Riexinger","Jaana"
282812,"Demri","Eric"
61903,"Pell","Xiaopeng"
25509,"Pokrovskii","Ortrun"
453166,"Shrader","Tremaine"
438675,"Lorie","Yucel"
408284,"Nitsche","Shigehito"
221179,"Lakshmanan","Munir"
52615,"Baak","Ghassan"
273502,"Schwartzburd","Sigeru"
469534,"Weisert","Bedir"
46806,"Heuter","Munenori"
47889,"Heijenga","Toshimitsu"
435506,"Kopetz","Herb"
476995,"Waymire","Naftali"
32776,"Bodoff","Charlene"
18994,"Mitsuhashi","Leszek"
222406,"Gulik","Souichi"
223621,"Vitiello","Vidar"
266346,"Wroclawski","Goncalo"
81446,"Cappelletti","Zissis"
101966,"Thiran","Susuma"
401544,"Selvestrel","Avishai"
256362,"Murthy","Dmitri"
73190,"Masaki","Uli"
32007,"Zykh","Licheng"
63709,"Back","Subir"
241167,"Kamber","Yuchang"
73986,"Yetim","Janche"
475786,"Stenning","Angus"
451337,"Baar","Anoosh"
39061,"Anick","Oscal"
37467,"Cools","Maya"
58620,"Rosenbaum","Toshimori"
426899,"Raczkowsky","Yonghong"
424444,"Tsunoo","Kristen"
109102,"Schapiro","Subir"
478021,"Gubsky","Collette"
233606,"Kalorkoti","Adas"
443844,"Godskesen","Leon"
266248,"Plesums","Erzsebet"
224397,"Stenning","Faiza"
267803,"Ginesta","Keiichiro"
246017,"Luks","Pantung"
62409,"Peng","Zhonghui"
461158,"Luef","Jenwei"
297697,"Gopalakrishnan","Shahab"
20658,"Gyorkos","Make"
463646,"Nooteboom","Marie"
268948,"Nations","Susuma"
101902,"Millington","Mantis"
242884,"Baaleh","Marlo"
74122,"Cappello","Sushant"
85496,"Gajiwala","Tianruo"
62419,"Rikino","Vasilii"
18512,"Percebois","Mahmut"
21899,"Kuzuoka","Gianluca"
417624,"Couchot","Candido"
286217,"Lorie","Beshir"
437317,"Terekhov","Tonny"
471478,"Fraisse","Denis"
423014,"Kobuchi","Jaihie"
99681,"Tramer","Henk"
264600,"Borstler","Marsha"
93197,"Magliocco","Arie"
62874,"Juneja","Suvo"
272515,"Krichel","Tadahiko"
236862,"Snyers","Honglan"
58997,"Taubenfeld","Uriel"
61122,"Montresor","Genevieve"
259539,"Isaac","Steve"
475108,"Hoppenstand","Basim"
209667,"Lorie","Huai"
33192,"Schach","Lansing"
443903,"Peltason","Amstein"
252605,"Rande","Marjo"
430826,"Muhlberg","Murthy"
50177,"Feldmann","Piyush"
477917,"Jonsson","Junsik"
19598,"Lundstrom","Kerryn"
203405,"Giaccio","Alper"
407958,"Luft","Uma"
90151,"Aloisi","Richara"
201234,"Pocchiola","Poornachandra"
452352,"Stentiford","Toshimitsu"
94008,"Itzfeldt","Sumali"
403391,"Delgrande","Feipei"
415638,"Cheshire","Oldrich"
414440,"Gniady","Basem"
212498,"Fairtlough","Pranav"
43599,"Kornyak","Sashi"
275979,"Templeman","Bezalel"
277972,"Schwaller","Zvonko"
107442,"Mamelak","Toong"
261111,"Makinen","Billie"
299390,"Bolsens","Arco"
452529,"Foong","Shigehito"
437024,"Jullig","Ioana"
293720,"Nivat","Bernd"
224393,"Heemskerk","Naftali"
238106,"Cronin","Kwee"
477600,"Schwaller","Basant"
452168,"Esteva","Girolamo"
46999,"Comte","Ulises"
230741,"Mellouli","Arvin"
260262,"Boudaillier","Van"
258873,"Czaja","Mary"
402687,"Unni","Idoia"
452242,"Maksimenko","Neven"
93139,"Rando","Vasiliy"
95435,"Baar","Xiadong"
75623,"Panangaden","Gilbert"
271131,"Kitai","Toshiko"
410295,"Akaboshi","Shir"
264681,"Isard","Teruyuki"
221290,"Morrow","Jayson"
49157,"Shumilov","Lucien"
13387,"Tzvieli","Froduald"
209106,"Gischer","Branimir"
471579,"Yoshizawa","Mingzeng"
425325,"Rullman","Alejandro"
287778,"Suomi","Krisda"
274785,"Krohn","Sandeepan"
68360,"Hiyoshi","Amalendu"
94932,"Ciolek","Maria"
50743,"Petereit","Saeko"
20870,"Guenter","Clyde"
204150,"Zykh","Akemi"
235044,"Kadhim","Sukumar"
218330,"Pulkowski","Alain"
37237,"Valiente","Zito"
24451,"Walston","Danel"
437814,"Malabarba","Rajmohan"
235905,"Riefers","Zeljko"
225508,"Bazelow","Rildo"
74971,"Engelmann","Aleksander"
229940,"Kuszyk","Cheong"
216697,"Hedayat","Uno"
255572,"Stamatiou","Brewster"
103848,"Lienhardt","Mohua"
61626,"Dulay","Mohit"
48462,"Papastamatiou","Selwyn"
64908,"Ertl","Kellyn"
453112,"Kabayashi","Lucien"
294568,"Ferretti","Giri"
45370,"Aumann","Kristen"
21934,"Kroft","Hercules"
281251,"Kobara","Teiji"
203828,"Rothenberg","Vitaly"
462026,"Bail","Shan"
231578,"Barvinok","Taiji"
251609,"Griswold","Xiaoheng"
36437,"Byoun","Angus"
21080,"Flasterstein","Fen"
104883,"Birke","Shaw"
94449,"Varley","Qiwen"
423871,"Lanphier","Yannis"
35960,"Danlos","Adam"
429492,"Jonsson","Kensyu"
207431,"Uchoa","Marla"
475639,"Ranka","Maha"
299632,"Schnelling","Martijn"
217381,"Pocchiola","Aamer"
407969,"Gischer","Beshir"
225224,"Papsdorf","Subhada"
203794,"Dymetman","Abdulah"
299528,"Trumbly","Mohan"
440478,"Haumacher","Kamakshi"
201770,"Rodham","Weijing"
284017,"Godskesen","TRUE"
258204,"Maliniak","Utz"
210656,"Terlouw","Pranay"
204709,"Delgrande","Falguni"
207566,"Pehl","Uinam"
282491,"Waterhouse","Karoline"
429672,"Slobodova","Shuzo"
253016,"Miara","Etsuo"
438707,"Albarhamtoshy","Valeri"
456718,"Gurbaxani","Arumugam"
67192,"Ozery","Zissis"
284020,"Itzigehl","Tomoyuki"
84060,"Hemaspaandra","Elrique"
99091,"Luga","Jongsuk"
256866,"Marshall","Yolla"
450399,"Klerer","Lucian"
230878,"Schwartzburd","Clyde"
422506,"Lambe","Patricio"
294874,"Oxman","Mabhin"
95589,"Bennis","Waiman"
19957,"Macedo","Goh"
441626,"Pellegrinelli","Mohan"
87489,"Miculan","Hideo"
446075,"Waleschkowski","Xinyu"
216467,"Fiebach","Kankanahalli"
468532,"Menhardt","Xuejun"
279882,"Erez","Souichi"
108532,"Luft","Arvind"
429766,"Lorin","Mandell"
264086,"Deverell","Aris"
65306,"Masaki","Padma"
453169,"Benner","Chikara"
211965,"Coors","Chirstian"
208528,"Polupanov","Sukumar"
208509,"Morris","Teunis"
242505,"Hockney","Yishay"
418333,"Simmen","Jackson"
233242,"Cappelletti","Randi"
429673,"Greibach","Chuanyi"
297210,"Shackel","Chanjung"
294283,"Yurov","Gita"
64929,"Marchesini","Ayakannu"
455169,"Sadowski","Divier"
448550,"Kalloufi","Houman"
33394,"Brender","Xinan"
209177,"Mitzlaff","Sailaja"
481352,"Ritcey","Stabislas"
418503,"Comyn","Chinhyun"
21439,"Masand","Gonzalo"
256530,"Erev","Khoa"
104383,"Mapelli","Guenter"
43020,"Werthner","Sukumar"
462832,"Conte","Jenwei"
27574,"Farris","Pantung"
432848,"Fujisaki","Phule"
18183,"Grospietsch","Yongdong"
107471,"Acton","Kazuhide"
44776,"Nyrup","Izaskun"
22023,"Vidya","Mart"
457942,"Marletta","Divine"
100005,"Foong","Anneke"
35213,"Bashian","Denis"
454807,"Turnbull","Shichao"
13801,"Mayerwieser","Shih"
422121,"Casley","Bernice"
285772,"Barbanera","Navin"
35248,"Passafiume","Tua"
435142,"Serra","Charmane"
409824,"Navazio","Vitali"
66674,"Thorelli","Rosalyn"
293342,"Moehrke","Dekang"
86966,"Guting","Shaowei"
290046,"Gyimothy","Marke"
102624,"Docker","Irena"
41825,"Emmart","Martien"
23557,"Vanwelkenhuysen","Wanqing"
449903,"Billingsley","Teruyuki"
41326,"Roohalamini","Dinah"
266070,"Lorin","Hugh"
221147,"Ressouche","Sachin"
295074,"Yeung","Bojan"
466888,"Trogemann","Zhilian"
201260,"Garnham","Fox"
107023,"Pashtan","Hideyuki"
231558,"Karcich","Percy"
77016,"Tyugu","Chenyi"
251222,"Antonakopoulos","Ebru"
414664,"Huhdanpaa","Ohad"
298238,"Simmel","Adin"
431757,"Szemeredi","Odysseas"
214643,"Bharadwaj","Shridhar"
15577,"Menhardt","Matt"
208562,"Negoita","Atreyi"
58420,"Kawashima","Reinhold"
54930,"Tsukuda","Otmar"
261366,"Zielinski","Guadalupe"
78461,"Heusch","Bedrich"
479857,"Dulin","Reinhold"
209265,"Danlos","Berhard"
36403,"Cyre","Niranjan"
220366,"Hambrick","Domenico"
299095,"Merlo","Zhenbing"
35050,"Montemayor","Dharmaraja"
431338,"Schneeberger","Mechthild"
248812,"Champarnaud","Mahmut"
84019,"Broder","Persi"
60303,"Solares","Billur"
96236,"Middleton","Nitsan"
448650,"Makinen","Debatosh"
448228,"Swick","Ayakannu"
230691,"Angelopoulos","Mantis"
406255,"Kawashimo","Hsiangchu"
99323,"Lemarechal","Katsuyuki"
44531,"Lueh","Serenella"
54147,"Fujisawa","Kasidit"
260129,"Sinitsyn","Cheong"
455230,"Baranowski","Manohar"
282672,"Babb","Kiam"
220285,"Vitiello","Lidong"
211538,"Erie","Fabrizio"
46196,"Pero","Oscal"
280834,"Gomatam","Kamran"
410950,"Keustermans","Nathan"
218589,"Piveteau","Gor"
226367,"Munro","Ung"
201538,"Litvinov","Niteen"
212667,"Linares","Shichao"
266683,"Azadmanesh","Eric"
253802,"Zyda","Rosalyn"
83225,"Poujol","Surveyors"
33555,"Kawashima","Wojceich"
16584,"Einsfeld","Toney"
108443,"Polajnar","Lenore"
294239,"Acton","Divine"
109800,"Schiper","Akeel"
233773,"Farrow","Yuuichi"
73414,"Eickenmeyer","Lijie"
237496,"Bednarek","Adel"
40641,"Papadias","Eishiro"
207073,"Lamparter","Owen"
249297,"Honiden","Turgut"
53730,"Wissmann","Feiyu"
435835,"Valtorta","Nikolaus"
68329,"Klerer","Marko"
269269,"Buchter","Leucio"
228499,"Famili","Susuma"
420525,"Deville","Juyoung"
242506,"Magliocco","Shem"
247010,"Angelopoulos","Mohua"
95549,"Sooriamurthi","Arun"
88302,"Grabner","Hsiangchu"
288776,"Baca","Akeno"
244891,"Iwayama","Rafail"
73286,"Coombs","Tesuya"
221729,"Kuszyk","Hongzhu"
265441,"Pellegrinelli","Foong"
443772,"Delaune","Remko"
86468,"Kawashima","Jinpo"
36397,"Perl","Maria"
68141,"Callaway","Luigi"
102892,"Armand","Claudi"
223792,"Ghelli","Juyoung"
34722,"Angel","Tze"
205618,"Zultner","Mona"
411523,"Sifakis","Halsur"
408607,"Taubenfeld","Irena"
289022,"Czap","Bowen"
476119,"Miculan","LiMin"
258189,"Cincotta","Randy"
243728,"Barbanera","Leah"
431494,"Schnabel","Richara"
289877,"Ramsay","Mohd"
217358,"Ferretti","Pohua"
452828,"Remmele","Kolar"
294958,"Zuberek","Constantine"
33319,"Yetim","Minghong"
55803,"Sommen","Jayesh"
267134,"Vesna","Limsoon"
479026,"Erev","Yechezkel"
225931,"Ranon","Duke"
212941,"Sury","Dharmaraja"
225746,"Valiente","Baoqiu"
216642,"Mondadori","Kazuhiko"
79349,"Etalle","Ishfaq"
428284,"Speckmann","Suzette"
64620,"Frolund","Kwangsub"
260155,"Hagimont","Ipke"
107642,"Ernst","Ingmar"
207626,"Rissanen","Manohar"
466479,"Billingsley","Steve"
72384,"Ginesta","Berthier"
469134,"Biros","Irene"
448846,"Lipner","Abdulla"
219116,"Sgarro","Jinxi"
433132,"Delgrange","Ronnie"
477642,"Berstel","Yoshinari"
255512,"Ranta","Vishv"
277802,"Ibel","Kiyomitsu"
270244,"Yavatkar","Heather"
476075,"McClure","Anwar"
440203,"Bach","Ranga"
298720,"Erev","Pragnesh"
203879,"Emden","Cristinel"
231591,"Vingron","Arvin"
298189,"Kuzuoka","Tua"
207458,"Chenney","Gregory"
63797,"Raney","Lena"
440832,"Guardalben","Abdulla"
269216,"Zweizig","Weijing"
92153,"Versino","Shigeo"
38890,"Mellouli","Mohit"
438002,"Haumacher","Gio"
276462,"Reinhard","Berni"
27893,"Plump","Moni"
266469,"Masaki","Visit"
264224,"Ramsey","Mantis"
26811,"Farrow","Prodip"
103026,"Kriebel","Kellie"
405933,"Bolotov","Becky"
298816,"Siegrist","Kamran"
216980,"Bernardinello","Hyuckchul"
420656,"Birta","Yongmao"
95454,"Lamma","Zissis"
402200,"Cyne","Zine"
77930,"Picco","Ennio"
281345,"Beetstra","Giordano"
83850,"Bugaenko","Mooi"
447980,"Nishimukai","Kristinn"
478952,"Baca","Alejandro"
461525,"Mayerwieser","Taizo"
449994,"Fabrizio","Przemyslawa"
411930,"Budinsky","Ekawit"
23748,"Cesareni","Kien"
461881,"Angelopoulos","Somnath"
421540,"Ranon","Annemarie"
24225,"Eiter","Shugo"
443671,"Schauser","Chaosheng"
445886,"Constantine","Kristin"
223507,"Beerel","Gurbir"
468612,"Mawatari","Dekang"
85501,"Iacovou","Kirk"
78767,"Rosar","Sangeeta"
245669,"Emiris","Kensyu"
20829,"Straney","Shaleah"
243336,"Bahr","Ronnie"
58037,"Luck","Paloma"
83276,"Waymire","Gianluca"
220790,"Oppitz","IEEE"
101202,"Kieras","Bedir"
33631,"Ozeri","Tonny"
11241,"Clemencon","Yolla"
88952,"Wrigley","Arnd"
293114,"Cochrane","Mohd"
21648,"Fandrianto","Mayuko"
293291,"Eugenio","Lidong"
50716,"Boissier","Jaideep"
298252,"Falster","Marke"
292043,"Jayawardene","Zhiwei"
89163,"Haldar","Ioana"
83640,"Pouyioutas","Jixiang"
435180,"Einsfeld","Munehiro"
252849,"Neiman","George"
277567,"Riesenhuber","Jaewon"
62798,"Rouquie","Makato"
70015,"Asrin","Luerbio"
250397,"Raney","Boutros"
81496,"Ashish","Anyuan"
109496,"Esposito","Mariusz"
47826,"Hooghiemstra","Temple"
29850,"Junot","Hyuncheol"
450457,"Ranka","Fun"
457443,"Sethi","Wonhee"
473776,"Demir","Aemilian"
31576,"Erie","Eran"
270943,"Gulik","Zhanqiu"
79189,"Jansen","Clyde"
72909,"Lunn","Mariusz"
291319,"Frijda","Doowon"
25469,"Anick","Jinya"
298557,"Codenie","Jayesh"
461906,"Schwartzburd","Ziya"
294492,"Angelopoulos","Eishiro"
258696,"Kragelund","DeForest"
444706,"Stanger","Naftaly"
283252,"Champarnaud","Ung"
268990,"Detkin","Subhada"
252867,"Akazan","Gal"
18789,"Domenig","Reinhold"
433597,"Azulay","Filipp"
66745,"Chvatal","Arno"
282036,"Ranum","Oguz"
252247,"Snedden","Oddvar"
58561,"Michaeli","Kazuhiko"
428625,"Savasere","Mohammad"
434060,"Guerreiro","Etsuo"
266157,"Luby","Hidefumi"
239876,"Fontet","Youpyo"
65491,"Cooman","Suvo"
420971,"Zizka","Ebru"
67109,"Choobineh","Xiaopeng"
451277,"Gire","Dinkar"
260048,"Ambroszkiewicz","Magdalena"
466363,"Fontan","Weidon"
65046,"Tramer","Nitsan"
23454,"Felcyn","Heejo"
231180,"Zizka","Remmert"
11838,"Nitta","Taiji"
211237,"Dengi","Franziska"
440898,"Furudate","Lobel"
53989,"Leijenhorst","Mohamadou"
81052,"Levergood","Ziya"
59755,"Ibel","Taiji"
454429,"Negoita","Van"
480748,"Isard","Zhongwei"
14604,"Hammerschmidt","Paloma"
239996,"Beutelspacher","Behnaam"
16891,"Keirsey","Kristina"
240384,"Breugel","Iara"
80886,"Poupard","Naftaly"
227789,"Mateescu","Fumiko"
416469,"Negoita","Kristina"
405314,"Papastamatiou","Jingling"
249402,"Peris","Percy"
80667,"Chartres","Magdalena"
59862,"Radhakrishnan","Jiang"
105836,"Farrar","Marit"
260097,"Suppi","Yefim"
55793,"Perry","Tadahiro"
450000,"Cheshire","Kazunori"
229311,"Pews","Minghong"
71711,"Griswold","Candida"
48733,"Gerteisen","Quingbo"
89860,"Gyorkos","Serap"
417814,"Aamodt","Yechiam"
415751,"Muntz","Zhanqiu"
89967,"Miara","Jinya"
254789,"Kropp","Mechthild"
260804,"Gilg","Takahiro"
80652,"Itzigehl","Waiman"
456305,"Keustermans","Xiahua"
429352,"Ramalingam","Heng"
260962,"Peres","Debatosh"
474282,"Krzyzanowski","Zvonko"
104272,"Lieblein","Kayoko"
15415,"Marquardt","Claudi"
87534,"Apsitis","Golgen"
27154,"Gaughan","Jinxi"
444161,"Lenart","Elgin"
453431,"Suwa","Somnath"
52806,"Zielinski","Alexius"
443918,"Stenning","Adas"
40105,"Sinitsyn","Poornachandra"
410458,"Monkewich","Armond"
75092,"Malabarba","Fumiyo"
461207,"Erva","Tsz"
252182,"Ellozy","Kaijung"
252331,"Rosen","Palash"
17974,"Delgrange","Chuanyi"
34772,"Strandh","Pramod"
443140,"Pramanik","Feixiong"
455224,"Samarati","Arlette"
265100,"Bierbaum","Kiyotoshi"
20622,"Gurbaxani","Ziyad"
19955,"Conry","IEEE"
41995,"Ermel","King"
439405,"Plump","Jaroslava"
467888,"Bain","Garnet"
473964,"Hempstead","Sanjeeva"
53218,"Francisci","Mari"
430554,"Rathonyi","Val"
91671,"Garrabrants","Hailing"
77662,"Kohling","Byong"
107007,"Rajaraman","Uno"
412353,"Mapelli","Xiong"
28358,"Salinas","Constantino"
238630,"Sadowski","Satyanarayana"
459941,"Markovitch","Genevieve"
272983,"Lamma","Vasilii"
208690,"Feldmann","Tsuneo"
91003,"Yetim","Uriel"
229238,"Dahlbom","IEEE"
246577,"Kitsuregawa","Selwyn"
229123,"Serna","Uriel"
235309,"Junot","Ennio"
230277,"Thambidurai","Kaijung"
459565,"Massonet","Xinan"
207561,"Emden","Gian"
404775,"Tagansky","Saeko"
453924,"Liedekerke","Franziska"
242903,"Genther","Dung"
54306,"Beilner","Vesna"
222544,"Yeung","Yagil"
63306,"Rusterholz","Guttorm"
51307,"Parascandalo","Xiping"
481781,"Montemayor","Boguslaw"
217673,"Zirintsis","Fumitake"
48647,"Bergere","Khatoun"
70627,"Zlotek","Susanna"
234896,"Luff","Mitsuyuki"
442649,"Vendrig","Utz"
74991,"Tasistro","Mahendra"
465212,"Keustermans","Arie"
227218,"Pusterhofer","Zhaofang"
75109,"Angiulli","Paraskevi"
473881,"Bahl","Shahaf"
438686,"Picco","Keung"
231962,"Bardell","Morris"
34806,"Simmen","Marsja"
33172,"Conti","Mario"
424083,"Coombs","Baruch"
272750,"Driscoll","Toshimo"
97918,"Pollacia","Adel"
477690,"Danlos","Tua"
52770,"Yurek","Shugo"
220951,"Kohling","Mang"
20923,"Miara","Menkae"
462788,"Pleszkun","Xuedong"
473104,"Cincotta","Quingbo"
289527,"Chenoweth","Serap"
255889,"Zultner","Woody"
212859,"Gruenwald","Parke"
405334,"Dalton","Boriana"
271867,"Aloia","Chenye"
453254,"Luders","Otmar"
102908,"Eiter","Genta"
237129,"Baak","Shiv"
212304,"Camarinopoulos","Tzvetan"
277622,"Gill","Temple"
295019,"Stroustrup","Moni"
437517,"Schaap","Maha"
276625,"Munoz","Moriyoshi"
240531,"Zielinski","Yechiam"
270470,"Cappelletti","Tomofumi"
44062,"Hertweck","Yurij"
39645,"Nicolson","Deniz"
460405,"Stroustrup","Dharmaraja"
21256,"Thiran","Gio"
414888,"Speel","Constantine"
287747,"Benzmuller","Basim"
478541,"Hockney","Alassane"
26951,"Brodie","Isamu"
205105,"Kalafatis","Akeno"
81410,"Asrin","Wuxu"
237181,"Riexinger","Moni"
91750,"Bolotov","Masanao"
267963,"Mahmud","Nahla"
276693,"Condotta","Chrisa"
106507,"Vendrig","Saeed"
272362,"Bierman","Fumiya"
235979,"Huhdanpaa","Hatem"
408062,"Maierhofer","Theron"
215937,"Huxford","Khoa"
415206,"Heyers","Takahiro"
217675,"Brodie","Jaana"
236534,"Miake","Shim"
211536,"Schlegelmilch","Collette"
11159,"Schlenzig","Becky"
428191,"Rosay","Kersti"
210644,"Panangaden","Hsiangchu"
92874,"Gronowski","Ortrun"
234520,"Gluchowski","Youngkon"
218205,"Bondorf","Sedat"
254349,"Kroha","Anwar"
215632,"Albarhamtoshy","Franziska"
401983,"Mamelak","Pranay"
55898,"Talmor","Heather"
27232,"Xiaoshan","Reinhard"
410448,"Kropp","Hugh"
478050,"Picht","Nechama"
206594,"Rodite","Mantis"
206906,"Suomi","Lokesh"
31508,"Gadepally","Sanjit"
259089,"Baba","Aamer"
92467,"Brattka","Moni"
61613,"Nivat","Radhika"
475098,"Wallrath","Kenton"
297041,"Quadeer","Zhenbing"
203100,"Mikschl","Dhritiman"
291482,"Peyn","Quingbo"
237203,"Reinhart","Francoise"
10592,"Alvarado","Almudena"
213297,"Mahmud","Lena"
225992,"Zedlitz","Sverrir"
65950,"Karnin","Alois"
417113,"Schrooten","Augustine"
457633,"Zongker","Brigham"
48953,"Munawer","Lunjin"
234376,"Kolvik","Erez"
18870,"Lanphier","Yoshimitsu"
22577,"Murillo","Golgen"
63251,"Baek","Ung"
433232,"Engberts","Shigehiro"
222622,"Rosch","Olivera"
439746,"Emmart","Sakthirel"
400425,"Pileggi","Stamatina"
229704,"Sommer","Gino"
81916,"Yavatkar","Lorien"
15326,"Mersereau","Bogdan"
229316,"Coney","Eldridge"
254133,"Bugaenko","Houman"
22773,"Kuszyk","Zhanqiu"
251584,"Baek","Kristina"
200003,"Dechter","Arvind"
40344,"Lanteri","Xiaocheng"
207715,"Serre","Giap"
52546,"Pocchiola","Sachio"
35691,"Awdeh","Tetsushi"
210301,"Suri","Karoline"
80685,"Falby","Takahira"
253931,"Mattern","Gina"
275909,"Stentiford","Renee"
221660,"Kinley","Phuoc"
201655,"Magliocco","Bangqing"
201646,"Serov","Dipayan"
274142,"Frezza","Werner"
274282,"Bernatsky","Saeko"
286844,"Bhattacharjee","Anestis"
109358,"Halevi","Ottavia"
45348,"Nivat","Georgi"
262565,"Murtagh","Sakthirel"
67199,"Ernst","Jeane"
277954,"Gornas","Maren"
52049,"Peroz","Zhigen"
469874,"Brodie","Ute"
410738,"Covnot","Stein"
295779,"Hoppenstand","Guther"
71871,"Molenkamp","Kien"
15493,"Milicic","Shirish"
225280,"Miara","Perry"
413746,"Peak","Make"
403529,"Borstler","Tran"
50955,"Plump","Susuma"
411563,"Peek","Jolita"
59510,"Bouloucos","Shuichi"
468509,"Kugler","Tadahiko"
297215,"Serdy","Nathalie"
272400,"Andreotta","Nishit"
214499,"Schade","Takahira"
423126,"Scallan","Valeri"
238790,"Passino","Khatoun"
259710,"Adachi","Richard"
254247,"Furudate","Van"
81957,"Scallan","Jahangir"
261736,"Scallan","Tomofumi"
39653,"Wilfing","Boalin"
473450,"Itzigehl","Kish"
62782,"Ernst","Ibibia"
223455,"Erdi","Inderjeet"
240937,"Rosiles","Eric"
72064,"Ramsay","Alper"
60242,"Champarnaud","Mohd"
454147,"Kornatzky","Gererd"
108093,"Delgrossi","Kwok"
95882,"Terkki","Hironobu"
89102,"Callaway","Gao"
410265,"Beausoleil","Alper"
246989,"Dehkordi","Zhensheng"
33797,"Parfitt","Shaibal"
217161,"Lorho","Pantung"
202806,"Tokunaga","Saeko"
92567,"Kushnir","Mong"
57300,"Uhrig","Alejandro"
210651,"Eiron","Toney"
37856,"Laventhal","Parto"
22369,"Ranum","Xuejun"
448527,"Birdsall","Basant"
237825,"Bratten","Anoosh"
105662,"Hoogerwoord","Jinpo"
258827,"Pusterhofer","Zhiguo"
94253,"Tomescu","Fumiko"
85149,"Millington","Xumin"
269177,"Azevdeo","Koldo"
64089,"Kolvik","Marit"
259995,"Sabnani","DAIDA"
11817,"Markovitch","Niranjan"
244408,"Cronan","Vasilis"
86831,"Nanard","KayLiang"
240489,"Sullins","Pradeep"
230298,"Kirkerud","Goa"
257489,"Schade","Leah"
434196,"Lundstrom","Hugh"
75756,"Herath","Giao"
226847,"Kading","Oldrich"
260476,"Zirintsis","Quingbo"
86079,"Tiemann","Hyuckchul"
50632,"Bale","Martins"
38241,"Felcyn","Stabislas"
29224,"Peck","Shugo"
445726,"Tetzlaff","Hausi"
414481,"Suppi","Younwoo"
70198,"Savasere","Zsolt"
412588,"Broder","Quingbo"
200203,"Perl","Kazuhira"
17599,"Viele","Zissis"
288629,"Compeau","Radoslaw"
38499,"Klassen","Utpal"
247171,"Zschoche","Tommaso"
468172,"Zolotykh","Kinh"
40269,"Ghazalie","Toshiki"
227561,"Crooks","Faiza"
93877,"Ghelli","Foong"
280297,"Schoegge","Palash"
409453,"Taubman","Mabo"
215224,"Benveniste","Yannik"
297998,"Lieberherr","Etsuo"
230258,"Huxford","Mong"
79215,"Liedekerke","Guadalupe"
12523,"Casley","Tonia"
254472,"Tischendorf","Krister"
443391,"Yetto","Jolita"
275084,"Reutenauer","Conrado"
23325,"Beetstra","Dzung"
290140,"Huhdanpaa","Rafail"
14538,"Krone","Itzchak"
14125,"Ertl","Taisook"
440695,"Ruemmler","Gaetan"
237809,"Levergood","Moon"
228694,"Ullian","Elrique"
294133,"Karcich","Shiv"
39282,"Godskesen","Paddy"
411983,"Ducloy","Nechama"
277760,"Billawala","Filipe"
415475,"Emmart","Ymte"
44365,"Solovay","Mooi"
472586,"Kuhnemann","Danil"
421517,"Marchesini","Olivera"
403548,"Conia","Bernardo"
35373,"Kumaresan","Bernd"
96540,"Menhardt","Nikolaos"
56102,"Basawa","Nagui"
21508,"Poupard","Theirry"
239178,"Peek","Krisda"
102666,"Erie","Jinpo"
415064,"Suwa","Subir"
286996,"Jumpertz","Oscar"
414392,"Gischer","Muzhong"
481170,"Gustavson","Ugo"
449686,"Fujisaki","Hyuncheol"
212875,"Sudkamp","Jeong"
292902,"Woycyznski","Shigenori"
40714,"Covnot","Lijie"
288083,"Larfeldt","Michaela"
202695,"Dredge","Geoffry"
208850,"Nannarelli","Masaru"
276681,"Casperson","Stabislas"
404164,"Yetto","Leucio"
422992,"Loncour","Hironobu"
67408,"Hiroyama","Huai"
445476,"Niizuma","Oscar"
410819,"Katiyar","Jagoda"
202671,"Grabner","Volkmar"
292563,"Mungall","Przemyslawa"
216670,"Paludetto","Sreenivas"
445592,"Rusterholz","Olivera"
227513,"Majewski","Bernice"
430873,"Pollock","Yunming"
247006,"Nitsche","Fumiyo"
79471,"Thombley","Limsoon"
82480,"Luon","Cristinel"
100283,"Emiris","Dannz"
215642,"Birge","Carrsten"
446899,"Pillow","Hongzue"
441420,"Chorvat","Yinlin"
465833,"Morrow","Tetsurou"
418514,"Siksek","Takushi"
21314,"Murtafg","Ramzi"
220495,"Lamparter","Shuky"
246120,"Junot","Arnd"
218527,"Grabner","Alagu"
73295,"Kinley","Weiye"
208525,"DiGiano","Adam"
67003,"Luga","Gill"
14610,"Merle","Lijia"
425530,"Gunderson","Rajmohan"
252137,"Msuda","Sarita"
70577,"Ramsey","Charlene"
460840,"Birke","Oscar"
428219,"Androutsos","Ghassan"
28359,"Stellhorn","Kshitij"
443490,"Sundgren","Giao"
94210,"Pouyioutas","Ekawit"
21594,"Anick","Zhilian"
474897,"Dayang","Radhika"
68961,"Billawala","Anyuan"
406721,"Murtagh","Masaki"
296318,"Azuma","Demin"
90744,"Ramras","Urs"
294399,"Meriste","Zeydy"
239875,"Kornatzky","Florina"
90222,"Pehl","Shaibal"
18601,"Bade","Susanne"
268278,"Sluis","Iara"
260318,"Pargaonkar","Charlene"
454630,"Mandell","Owen"
265386,"Czap","Heon"
460880,"Denna","Lorien"
211181,"Demian","Pranjal"
262622,"Taubman","Theron"
274517,"Hainaut","Xuejia"
266013,"Basawa","Felicidad"
53134,"Fasbender","Shahid"
431787,"Leuchs","Lihong"
401929,"Ramras","Yolla"
281070,"Shanbhogue","Chenye"
67553,"Hutter","Freyja"
217637,"Liedekerke","Sanjay"
77471,"Rissanen","Prodip"
51396,"Bashian","Erez"
215740,"Cairo","Koichi"
47181,"Mitzlaff","Remko"
293156,"Koprowski","Shushma"
56167,"Tibblin","Djenana"
102161,"Mitzlaff","Ronnie"
57806,"Bresenham","Gianluca"
292297,"Orlowski","Rosli"
402912,"Caine","Vidya"
50517,"Snedden","Weidon"
407594,"Cannard","Carrsten"
271913,"Steinauer","Hyuckchul"
215835,"Hinsberger","Shooichi"
295300,"Gilg","Nahla"
48940,"Heinisuo","Surveyors"
242157,"Portugali","Zine"
244126,"Ducloy","Brewster"
96154,"Nitsch","Zdislav"
473624,"Koshino","Hatim"
249847,"Rodier","Shounak"
277810,"Lakshmanan","Sanjeeva"
105378,"Schneeberger","Ute"
426577,"Syrzycki","Isamu"
109458,"Matzen","Kamran"
78705,"Garnier","Urs"
403480,"Bennet","Berry"
427793,"Zongker","Zhigen"
100458,"Rosch","Keiichiro"
59655,"Kakkar","Richard"
413679,"Renear","Oscar"
426649,"Poujol","Hercules"
243424,"Brodal","Ebbe"
213597,"Benaini","Basim"
28255,"Kambil","Taisook"
213730,"Angelov","Seongbin"
435149,"Casperson","Toong"
448205,"Coorg","Gino"
430705,"Panienski","Jixiang"
405922,"Cappelletti","Honesty"
473136,"Chinin","Jingling"
283584,"Levasseur","Barun"
33969,"Sadowsky","Arie"
260857,"Cronan","Zongyan"
255518,"Kaiserswerth","Shahaf"
104867,"Trelles","Fan"
59539,"Slutz","Kwun"
251246,"Lundstrom","Goncalo"
47808,"Luft","Mohamadou"
471558,"Sundgren","Tesuya"
453080,"Selenyi","Sigeru"
274916,"Hatcliff","Dipankar"
105226,"Menyhert","Murthy"
277327,"Bressoud","Tzu"
109989,"Murthy","Moti"
69822,"Beetstra","Shaunak"
226067,"Benner","Baruch"
88179,"Barreiro","Jaewon"
46356,"Przulj","Sham"
460549,"Pillow","Boriana"
77325,"Brickell","Feiyu"
87414,"Plesums","Fen"
11484,"Siepmann","Holgard"
458372,"Yetto","Rasikan"
431348,"Brookman","Terresa"
299977,"Benveniste","Zsolt"
109288,"Peng","Shigehito"
78932,"Marquardt","Yannis"
12034,"Piazza","Aemilian"
440640,"Vieri","Xiaoqiang"
245745,"Siksek","Navin"
70610,"Bellmore","Djelloul"
268858,"Fritzsche","JoAnne"
449151,"Perelgut","Vincent"
452454,"Ginneken","Gill"
277450,"Begiun","Mack"
33481,"Dredge","Tzu"
417172,"Dulin","Amalendu"
13848,"Wallrath","Jianhao"
419767,"Penz","Uma"
293143,"Honiden","Susumu"
207719,"Leonhardt","Masako"
417152,"Aloisi","Chaitali"
284917,"Speek","Xiahua"
260686,"Poujol","Ashish"
253946,"Puppo","Mana"
54576,"Isaak","Charlene"
11029,"Itzfeldt","Georgi"
289098,"Passafiume","Xinan"
243918,"Preusig","Phillip"
231086,"Boissier","Guoxiang"
254652,"Hooghiemstra","Aron"
57330,"Oskamp","Baoqiu"
212860,"Strooper","Bluma"
428417,"Reutenauer","Kendra"
411694,"Itzigehl","Shaunak"
208272,"Edelhoff","Gaetan"
64549,"Keustermans","Maren"
445020,"Ligten","Renny"
290890,"Vitiello","Margareta"
454916,"Thummel","Kwan"
278398,"Geffroy","Armond"
250198,"Seiwald","Mingdong"
213713,"Haldar","Shigehiro"
478168,"Halloran","Xiaopeng"
271976,"Kuhnemann","Mary"
40727,"Ishibashi","Hisao"
96800,"Pettey","Pranjal"
456564,"McClurg","Vishwani"
257135,"Tsunoo","Georgi"
267170,"Cheshire","Tzu"
75305,"Angelopoulos","Manu"
100317,"Lorys","Xiaopeng"
32013,"Fendler","Bader"
21838,"Verhoeff","Vitali"
15840,"Solares","Shuho"
104211,"Biran","Khun"
38508,"Vasanthakumar","Mokhtar"
218188,"Weedon","Uinam"
47391,"Vecchi","Jeanna"
46445,"Copas","Ortrun"
43583,"Lanphier","Jahangir"
284984,"Fioravanti","Masali"
290481,"Mondadori","Saniya"
253703,"Lienhardt","Sadok"
415283,"Demos","Jeanna"
258821,"Slobodova","Yahiko"
59616,"Conte","Limsoon"
44206,"Nitta","Avishai"
233360,"Leuchs","Zita"
204572,"Bojadziev","Anneke"
81507,"Huhdanpaa","Zhonghua"
274162,"Gerlach","Dmitri"
250700,"Hutter","Susumu"
89564,"Jullig","Kwangyoen"
472272,"Luke","Masoud"
62403,"Moffat","Rosella"
42518,"Ellozy","Shuho"
226657,"Fadgyas","Subhrajyoti"
473827,"Himler","Branimir"
210538,"Jayawardene","Bikash"
33865,"Delgrossi","Khaled"
53814,"Rajala","Odoardo"
75530,"Beutelspacher","Martial"
429437,"Chinal","Deniz"
279093,"Farrag","Turgut"
468702,"Magalhaes","Honglan"
40945,"Krzyzanowski","Fox"
26352,"Lindqvist","Martina"
246667,"Gils","Toshimo"
12306,"Menyhert","Suvo"
264811,"Gist","Adib"
242849,"Macedo","Mircea"
465609,"England","Insup"
422890,"Rothenberg","Isaac"
244546,"Asmuth","Badri"
403878,"Sichman","Rance"
259247,"Przulj","Wayne"
21746,"Czaja","Shai"
299975,"Gadepally","Raimond"
36605,"Strehl","Zijian"
27526,"Lubachevsky","Margareta"
106761,"Kading","Fumino"
19117,"Spell","Tetsurou"
444248,"Bonifati","Gianluca"
274362,"Clouatre","Sumali"
289535,"Hoppenstand","Yannis"
43608,"Angiulli","Anoosh"
459158,"Anger","Naftali"
243781,"Veeraraghavan","Chrisa"
212975,"Lamma","King"
56363,"DeMori","Heather"
433077,"Mungall","Zongyan"
259714,"Jakobus","Odoardo"
208273,"Radhakrishnan","Kagan"
434226,"Gulla","Miquel"
421734,"Sgarro","Ravishankar"
266950,"Panangaden","Bernardo"
427912,"Mansanne","Goetz"
437961,"Luft","Xinan"
262275,"Theuretzbacher","Gopalakrishnan"
89947,"Peroz","Ashish"
69475,"Wroclawski","Syozo"
84883,"Khalil","Vishv"
41649,"Jahnichen","Selwyn"
109047,"Coors","Aiichiro"
271241,"Picaronny","Duke"
272807,"Eickenmeyer","Georg"
215497,"Hitomi","Niclas"
34653,"Kobuchi","Magy"
407154,"Hegner","Ung"
107609,"Servieres","Cullen"
281981,"Ishibashi","Youssef"
71209,"Fetvedt","Vitaly"
59111,"Shinomoto","Takahiro"
236060,"Vandervoorde","Toshiki"
205536,"Huxford","Katsuo"
402331,"Bhattacharjee","Hidefumi"
267296,"Parascandalo","Subhankar"
82239,"Fairtlough","Uinam"
210634,"Senzako","Samphel"
207834,"Lalonde","Huei"
465107,"Mullainathan","Godehard"
253191,"Jahnichen","Ottavia"
97227,"Pollock","Tonia"
263386,"Angot","Zhongwei"
481463,"Chorvat","Dipankar"
240196,"Vigier","Xianlong"
252708,"Begiun","Xinglin"
65824,"Mitzlaff","Luerbio"
424155,"Goodrum","Chinhyun"
293785,"Wrigley","Sukumar"
283183,"Pocchiola","Inderjeet"
422471,"Delgrossi","Owen"
207652,"Wegerle","Subhrajyoti"
470294,"Kusakari","Alenka"
277836,"Ibel","Claudi"
275902,"Stamatiou","Shigeichiro"
261334,"Malabarba","Mircea"
204405,"Gurbaxani","Snehasis"
424272,"Ferretti","Bangqing"
439843,"Sridhar","Nahum"
452448,"Kaiser","Chandrasekaran"
477821,"Francisci","Mohammed"
71764,"Kroft","Chinhyun"
244035,"Stellhorn","Susanta"
203982,"Covnot","Aimee"
473990,"Gini","Yishay"
239732,"Braunmuhl","Rance"
78292,"Casley","Xiping"
297236,"Serra","Bedir"
272447,"Dechter","Gaetan"
26760,"Basawa","Kazuyasu"
255584,"Hiltgen","Mikhail"
413161,"Comte","Tomofumi"
37605,"Wixon","Shigeaki"
430007,"Kropf","Gor"
445361,"Falby","Utpal"
17881,"Pavlopoulou","Sushant"
211787,"McFarlin","Matt"
422459,"Birdsall","Kristof"
230635,"Georgatos","Randy"
65474,"Baig","Christoper"
228705,"Maksimenko","Shigehiro"
216955,"Bazzichi","Somnath"
227792,"Ponthieu","Woody"
458472,"Lyonns","Cordelia"
404875,"Meszaros","Khatoun"
463745,"Raczkowsky","Parke"
279532,"Zeidenstein","Susanne"
106918,"Stasinski","Demin"
249613,"Onuegbe","Magy"
481415,"Kaltofen","Mokhtar"
267509,"Crooks","Udi"
51175,"Lorho","Mark"
212972,"Bugaenko","Jinpo"
79543,"Unni","Nobuyoshi"
265702,"Zielinski","Yongmin"
47300,"Asmuth","Halsur"
36681,"Gischer","Tesuro"
261326,"Jiang","Kwun"
49068,"Cronan","Yishay"
229622,"Rissland","Nagui"
48529,"Axelband","Kotesh"
45816,"Shumilov","Odoardo"
469769,"Pelz","Ewing"
82731,"Panangaden","Fumiko"
22866,"Gronowski","Shen"
93415,"Claffy","Szabolcs"
85008,"Schusler","Breannda"
282778,"Hatcliff","Sungwon"
72922,"DasSarma","Kristian"
86120,"Luders","Rosalie"
82668,"Menhardt","Feipei"
70166,"Luff","Kristina"
89424,"Roison","Shahab"
100800,"Zhiwei","Denny"
81413,"Bouloucos","Jinxi"
280578,"Potthoff","Billur"
445399,"Menhardt","Venkatesan"
36283,"Kohling","Gunilla"
292798,"Speckmann","Fumitake"
61145,"Senzako","Naftali"
78432,"Baezner","Maia"
227020,"Hatcliff","Sudhanshu"
69152,"Schach","Dmitry"
220004,"Karnin","Erzsebet"
18931,"Simmel","Tzvetan"
257953,"Alencar","Kwangyoen"
211485,"Verhoeff","Lihong"
34306,"Zeleznik","Basem"
74279,"Ranst","Rafail"
23791,"Pavlopoulou","Boguslaw"
439965,"Kossowski","Dhritiman"
267979,"Bahi","Abdelaziz"
253919,"Kroft","Arne"
70287,"McConalogue","Nimmagadda"
272304,"Papastamatiou","Wonhee"
232383,"Lagarias","Yaghout"
97562,"Atrawala","Irena"
427992,"Lalonde","George"
242239,"Fioravanti","Abdelghani"
217199,"Saoudi","Miomir"
23956,"Maraist","Jongsuk"
210461,"Lammel","Jianhui"
228898,"Sankaranarayanan","Weiru"
202043,"Honiden","Goncalo"
439056,"Ranta","Morrie"
201656,"Pagter","Susanne"
273993,"Fontet","Kirk"
219263,"Wegerle","Xinglin"
221721,"Kopetz","Tonia"
85047,"Lammel","Dipayan"
291413,"Peir","Yoshinari"
423603,"Orlowski","Volkmar"
212210,"Vakili","Lokesh"
41307,"Hasham","Marke"
202318,"Luiz","Atreyi"
215107,"Naudin","Khedija"
250645,"Eugenio","Munenori"
429789,"Thorelli","Oscar"
236447,"Vasanthakumar","Achilleas"
229158,"Lalonde","Kazuyasu"
406700,"Besselaar","Yefim"
270848,"Businaro","Nevin"
215841,"Einsfeld","Sham"
252156,"Huhdanpaa","Mountaz"
431004,"Syang","Horward"
41766,"Mitzlaff","Abdelkader"
248701,"Orlowski","Maren"
425072,"Pellegrinelli","Chaoyi"
68197,"Ertl","Boutros"
474438,"Talmor","Khalil"
210529,"Besancenot","Adam"
445083,"Cheshire","Ute"
428421,"Shanbhogue","Arne"
415744,"Lowrie","Valdiodio"
266724,"Gide","Cathie"
228022,"Bolsens","Takahito"
245048,"Gaughan","Monique"
227187,"Cmelik","JoAnne"
429057,"Serot","Neven"
203665,"Nanard","Kiyotoshi"
454915,"Gubsky","Claudi"
417529,"Kornatzky","Yakichi"
221449,"Rettelbach","Miyeon"
208668,"Markovitch","Xiaoheng"
51605,"Nannarelli","Martijn"
48479,"Munoz","Diederik"
444123,"Schonegge","Weiyi"
203076,"Peek","Huai"
237423,"Rodier","Mona"
96552,"Hofstetter","Guenter"
236242,"Deverell","Luigi"
444387,"Cappelletti","Demin"
246572,"Lipner","Hisao"
29720,"Chinen","Rimon"
95061,"Rusterholz","Mohit"
95291,"Syang","Leandro"
260420,"Senzako","Yurii"
46603,"Miara","Tesuya"
430537,"Goodrum","Shahaf"
95405,"Ellozy","Phillip"
36264,"Aamodt","Sariel"
264160,"Marshall","Vishu"
67819,"McFarlan","Hairong"
15364,"Quittner","Sakthirel"
50157,"Underwood","Kristof"
285937,"Murthy","Christoper"
34493,"Olivero","Xinan"
212423,"Demke","Reinhold"
68836,"Brodal","Toong"
86043,"Weedon","Masali"
291677,"Yetim","Theirry"
106250,"Kawashimo","Alain"
76635,"Pell","Adil"
433927,"Vecchio","Kenroku"
297778,"Riefers","Gaurav"
243860,"Keohane","Shaw"
225004,"Luders","Masaki"
30909,"Vanwelkenhuysen","Renee"
464783,"Birge","Billie"
206027,"Deville","Sandeepan"
432414,"Penn","Arfst"
81583,"Schieder","Kwok"
44663,"Krybus","Hidekazu"
252046,"Melton","Moni"
462449,"Khamsi","Doohun"
42760,"Molberg","Golgen"
241148,"Jenevein","Kensyu"
15333,"Matzel","Djelloul"
445179,"Sidhu","Yoshimitsu"
47629,"Stiles","Shahab"
401490,"Bernatsky","Heping"
275238,"Yurov","Marsal"
243092,"Spieker","Elliott"
267870,"Silva","Genevieve"
407241,"Passino","Pranav"
73510,"Reeken","Jouni"
277855,"Hashii","Otmar"
96190,"Schaar","Zito"
75995,"Hebert","Bodh"
73818,"Perko","Zito"
225391,"Zolotykh","Amstein"
40689,"Leppanen","Ortrun"
479740,"DiGiano","Shaunak"
477750,"Ananiadou","Seongbin"
448491,"Matzel","Danil"
103534,"Lamba","Faiza"
56841,"Duclos","Zine"
53067,"Harllee","Toshimi"
443223,"Aamodt","Karlis"
286282,"Ghazalie","Oksana"
261735,"Brlek","Shahaf"
69943,"Bernick","Margareta"
468458,"Matzel","Marek"
64371,"Schurmann","Nitsan"
52469,"Andreotta","Claude"
269518,"Akazan","Yishay"
218966,"Pargaonkar","Magy"
77858,"Kranzdorf","Gao"
464570,"Panienski","Khatoun"
41737,"Sethi","Supot"
296774,"Sankaranarayanan","Ashish"
73823,"Michaels","Shaibal"
14404,"Beetstra","Sariel"
460973,"Kinley","Fuqing"
13986,"Ramsey","Geraldo"
16693,"Bojadziev","Chenyi"
459666,"Claffy","Mary"
97590,"Coorg","Ravishankar"
296177,"Staelin","Ekawit"
268791,"Felder","Xiaobin"
36849,"Cronau","Xiaopeng"
461569,"Shihab","Suzette"
414020,"Pellegrinelli","Teruyuki"
288565,"Ramras","Munehiro"
242679,"Awdeh","Domenico"
41885,"Validov","Val"
51378,"Compeau","Kensei"
28723,"Broomell","Licheng"
432353,"Diderrich","Uri"
430426,"Yetto","Vishwani"
81794,"Kaiser","Kenroku"
13718,"Gronowski","Lein"
15652,"Sundgren","Tokuyasu"
291154,"Gajiwala","Bedir"
434128,"Tomescu","Vesna"
295433,"Gips","Stafford"
41605,"Hebden","Padma"
35476,"Heinisuo","Frederique"
479342,"Jeansoulin","Salvador"
106975,"Nastansky","Masadi"
98580,"Otillio","Irene"
450236,"Pezzoli","Bilhanan"
427523,"Azumi","Mansur"
228720,"Bugaenko","Aleksander"
14657,"Casperson","Saddek"
216321,"Lores","Masami"
243575,"Brickell","Piyush"
453835,"Pollacia","Tomofumi"
265157,"Aamodt","Narain"
106940,"Reeker","Mohit"
278321,"Fabrizio","Otilia"
459858,"Swen","Barton"
420665,"Fontan","Goa"
278717,"Roohalamini","Weiye"
28080,"Marciano","Weiyi"
299313,"Sadowski","Shuzo"
25169,"Kadhim","Herb"
461384,"Yetim","Francesca"
275359,"Suri","Fabrizio"
51413,"Willoner","Changho"
456931,"Gomatam","Chaoyi"
228359,"Lamma","Rasiah"
89348,"Rosin","Arve"
262587,"Chenney","Shigeo"
74631,"Schwaller","Taegyun"
429563,"Pews","Surveyors"
253851,"Smailagic","Piyush"
479964,"Leaver","Sadok"
263225,"Kusakari","Ioana"
68070,"Shobatake","Shichao"
272361,"Ramras","Mechthild"
200025,"Luit","Alper"
251886,"Ermel","Faiza"
88076,"Kalefeld","Ravishankar"
232235,"Xiaoshan","Geoffry"
27257,"Niizuma","Shahid"
436769,"Veccia","Dmitry"
250786,"Hagimont","Cathie"
244364,"Szmurlo","Syozo"
425112,"Facello","Xiaoqiu"
426556,"Stanger","Kotesh"
422217,"Beutelspacher","Ebbe"
225752,"Sichman","Magy"
260984,"Sooriamurthi","Marl"
21137,"Crelier","Bedir"
230399,"Iacovou","Dmitri"
402629,"Verhaegen","Chiranjit"
211957,"Silva","Wojceich"
64740,"Pauthner","Martien"
421207,"Gadepally","Radoslaw"
281454,"Cichocki","Arne"
403470,"Pollock","Heejo"
271827,"Bolsens","Boaz"
234166,"Birke","Isamu"
93900,"Liedekerke","Persi"
285660,"Alameldin","Toshimori"
236691,"Pramanik","Hatim"
100801,"Kropf","Masali"
70244,"Dulay","Akeno"
42964,"Plumb","Yahiko"
260709,"Nivat","Pasqua"
14519,"Usery","Xiong"
431903,"Dulin","Shounak"
245569,"Linares","Kwee"
41644,"Marakhovsky","Georg"
45806,"Horswill","Heeju"
286404,"Leaver","Rafail"
64694,"Badr","Fabrizio"
10088,"Syrzycki","Jungsoon"
58096,"Usdin","Rosine"
229817,"Schurmann","Erzsebet"
61395,"Varker","Stamatina"
103387,"Lorho","Roded"
440519,"Katiyar","Mart"
46056,"Spinelli","Hongzhu"
59720,"Picaronny","Leni"
422044,"Pokrovskii","Murthy"
228624,"Murtafg","Zhongwei"
27795,"Alpay","Anneli"
77017,"Denny","Aloke"
51065,"Mamelak","Christfried"
65363,"Goldhammer","Spyrose"
472717,"Menhoudj","Itzchak"
57092,"Ertl","Tokuyasu"
43162,"Benveniste","Abdelghani"
464009,"Pillow","Gian"
409215,"Wursthorn","Heekeun"
295184,"Caine","Basil"
79641,"Vasanthakumar","Dayanand"
250553,"Stemann","Susanta"
295854,"Munro","Tse"
71861,"Ishibashi","Kwan"
285809,"Benzmuller","Aris"
216669,"Nilsson","Karlis"
212413,"Limongiello","Sanjiv"
76211,"Hashii","Kenton"
449514,"Cannata","Naftaly"
86903,"Barbanera","Charlene"
244099,"Bednarek","Kwun"
210741,"Peral","Lansing"
205933,"Chinin","Kasidit"
92561,"Xiaoshan","Morris"
422292,"Ananiadou","Theron"
74457,"Lorho","Shigeo"
56731,"Haddadi","Malu"
16613,"Oxenboll","Dines"
438881,"Schaar","Hausi"
283768,"Boreale","Mayuri"
94353,"Iivonen","Jaber"
65737,"Birdsall","Shiv"
204191,"Maliniak","DAIDA"
30378,"Ebeling","Leandro"
21591,"Rebaine","Hein"
16970,"Haraldson","Renee"
252641,"Wynblatt","Zhilian"
401384,"Dulay","Gay"
93489,"Setlzner","Lucien"
425580,"Salinas","Zito"
408077,"Orsini","Unal"
272947,"Basawa","Kirk"
457335,"Figueira","Ugo"
288367,"Pews","Nirmal"
226787,"Hiltgen","Gaurav"
54301,"Marzano","Adhemar"
244784,"Matzen","Aris"
220617,"Millington","Turgut"
211806,"Rattan","Sumali"
413787,"Fairtlough","Mana"
249285,"Chepyzhov","Waiman"
471561,"Rattan","Alper"
76002,"Munck","Neven"
429016,"Stentiford","Bilhanan"
422188,"Uhrig","Fay"
25451,"Beausoleil","Koldo"
258957,"Fortenbacher","Hilari"
104542,"Rosaz","Yahiko"
466793,"Wuwongse","Jongsuk"
408423,"Zschoche","Nahid"
466365,"Slaats","KayLiang"
221139,"Pietracaprina","Harngdar"
453218,"Brlek","Harjit"
27184,"Tetzlaff","Uzi"
17981,"Rande","Cordelia"
288076,"Botman","Sreekrishna"
473023,"Oehlmann","Marla"
476896,"Preusig","Jacqueline"
54472,"Matzke","Danco"
291825,"Vakili","Tadanori"
282599,"Bach","Youjian"
430786,"Beetstra","Niteen"
232502,"Trelles","Marin"
104682,"Speek","Toshimori"
108842,"Heijenga","Giordano"
426333,"Lundstrom","Atreyi"
68755,"Suri","Pramod"
275471,"Cangellaris","Florian"
223785,"Llado","Rajmohan"
222907,"Backhouse","Kirk"
221915,"Chleq","Tse"
10616,"Marwedel","Tommaso"
208512,"Detkin","Tesuya"
405211,"Simkin","Moon"
470802,"Birch","Przemyslawa"
445480,"Vigier","Collette"
103719,"Piveteau","Mrinalini"
441810,"Stavenow","Ebbe"
422073,"Heping","Kenton"
223230,"Itzfeldt","Oscal"
418921,"Reistad","Bodh"
272094,"Mamelak","Uli"
272689,"Kleiser","Adil"
461624,"Zedlitz","Sverrir"
422433,"Rusmann","Yefim"
92412,"Lindenbaum","Ger"
56591,"Kambil","Jungsoon"
53071,"Baek","Weiyi"
79667,"Jiang","Nikolaus"
74858,"Nastansky","Pragnesh"
416956,"Hedayat","Shaowei"
280717,"Range","Aiman"
86373,"Glowinski","Kellie"
30060,"Snedden","Lakshmi"
28098,"Brizzi","Quingbo"
216702,"Nannarelli","Brigham"
43907,"Otillio","Zhonghua"
436407,"Fioravanti","Yannik"
247516,"Hopewell","Berto"
209816,"Budinsky","Radhika"
410624,"Garnham","Xuejia"
453520,"Gustavson","Chenyi"
452990,"Comyn","Hyuckchul"
93005,"Munos","Yurij"
254784,"Rothe","Honesty"
289528,"Comellas","Vitaly"
81254,"Engberts","Jeanne"
472779,"Ohori","Yongmin"
218180,"Millington","Khaled"
96043,"Chiola","Nevio"
236093,"Lunt","Xianlong"
98102,"Klassen","Mingdong"
108311,"Rathonyi","Sanjay"
225430,"Birke","Xiahua"
234706,"Lampe","Bodh"
413965,"Sankaranarayanan","Miomir"
93173,"Liesche","Toshimo"
67413,"Waterhouse","Jouko"
40667,"Kaiserswerth","Chenye"
210861,"Ozeki","Alagu"
241592,"Loncour","Djenana"
86613,"Heijenga","Charmane"
74583,"Anandan","Malu"
473780,"Kragelund","Udaiprakash"
270947,"Bolsens","Bernt"
57013,"Rodier","Faiza"
13856,"Conta","Xiping"
417865,"Staelin","King"
274435,"Beetstra","Richara"
276850,"Belinskaya","Malu"
268255,"Schaar","Gonzalo"
201258,"Verhaegen","Hyuncheol"
435942,"Portugali","Oscar"
81849,"Bednarek","Debatosh"
477515,"Rando","Kristian"
215539,"Couchot","Kersti"
262342,"Ladret","Diederik"
224206,"Ciolek","Bilhanan"
421847,"Seuren","Masoud"
420964,"Levasseur","Roddy"
246733,"Baranowski","Godehard"
82041,"Sooriamurthi","Berna"
228052,"Milicic","Anoosh"
211771,"Rosen","Arfst"
18277,"McAlpine","Krister"
425569,"Isard","Richard"
106835,"Anido","Flemming"
106221,"Fetvedt","Kenton"
237906,"Braccini","Chriss"
401485,"Borstler","Sibyl"
238227,"Geffroy","Toshiki"
35989,"Crelier","Dmitri"
280650,"Alameldin","Hironoby"
48607,"Mikschl","Phuoc"
36697,"Solares","Bluma"
449639,"Crelier","Naraig"
91113,"Begiun","Goncalo"
434421,"Marletta","Odysseas"
246109,"Morrow","Dipayan"
107870,"Uhrig","Rance"
227159,"Roison","Diederik"
19448,"Kaminger","Malu"
461322,"Sgarro","Shakhar"
456218,"Terkki","Weiru"
454096,"Kamber","Rosalie"
244606,"Cronan","Guenter"
103234,"Matzen","Martine"
32936,"Wendorf","Mizuhito"
44594,"Munch","Ziva"
83115,"Kermarrec","Kazuhiko"
218776,"Escriba","Ulises"
286854,"Chandrasekhar","Sivanarayana"
247925,"Redmiles","Arra"
20457,"Plessier","Nimmagadda"
89575,"Sevcikova","Willard"
43559,"Levasseur","Shuji"
438111,"Frolund","Shigehito"
209263,"Picht","Shigeichiro"
200827,"Hemaspaandra","Padma"
25309,"Detkin","Hilary"
227664,"Facello","Ottavia"
75280,"Malabarba","Frederique"
256242,"Cooman","Becky"
425480,"Rajala","Berni"
223615,"Conde","Kousuke"
268533,"Pietracaprina","Tetsurou"
107130,"Anandan","Nechama"
415113,"Braunmuhl","Mori"
294644,"Stroustrup","Neven"
259575,"Lorin","Zijian"
63014,"Syang","Guoxiang"
268987,"Schusler","Shaowen"
56086,"Cooman","Yuuichi"
442842,"Raney","Jiafu"
71379,"Weiland","Gila"
263745,"Bultermann","Shigeaki"
216328,"Rajaraman","Fox"
265758,"Molberg","Lenore"
233613,"Masand","Nigel"
287876,"Hardjono","Yinlin"
266744,"Sury","Van"
420296,"Jonsson","Kenroku"
288478,"Uchoa","Jiong"
269410,"Khamsi","Freyja"
245563,"Granlund","Gen"
85668,"Kambil","Branimir"
289953,"Marwedel","Martial"
438526,"Dulin","Sverrir"
435232,"Willoner","Gao"
93571,"Sherertz","Brigham"
445863,"Vasanthakumar","Huiqun"
93580,"Hatcliff","Gil"
58809,"Riesenhuber","Domenick"
258369,"Delgrossi","Tianruo"
407939,"Gammage","Irena"
400809,"Fujisawa","Hisao"
298722,"Taubenfeld","Nahla"
296913,"Matzov","Arto"
261335,"Iisaku","Weidon"
255143,"Bierman","Jessie"
434468,"Ullian","Munehiko"
46302,"Pezzoli","Susanta"
420977,"Mapelli","Krister"
223844,"Masamoto","Mariangiola"
50038,"Baba","Tadanori"
429100,"Krupka","Alois"
296213,"Conde","Duro"
54988,"Welham","Lucien"
472967,"Danecki","Fayez"
49366,"Junet","Kitty"
424447,"Miake","Irene"
418466,"Huttel","Reuven"
408047,"Ebeling","Heeju"
58135,"Terkki","Marlo"
431211,"Madeira","Waiman"
266264,"Kieras","Susuma"
77070,"Brodal","Mingzeng"
39205,"Zielinski","Otilia"
279438,"Gonthier","Junichi"
456255,"Duclos","Visit"
66814,"Barvinok","Yoshinari"
206434,"Msuda","Navid"
13994,"Remmele","Tesuro"
442463,"Pouyioutas","Gao"
62338,"Thiran","Amstein"
452119,"Kuhnemann","Dayanand"
12412,"Peres","Chaitali"
227061,"Stemann","Kellie"
413899,"Kalorkoti","Yurii"
213126,"Kolvik","Maia"
414555,"Duclos","Etsuo"
466030,"Koblick","Susanna"
62385,"Hmelo","Remzi"
58512,"Msuda","Odysseas"
451903,"Perelgut","Kiam"
299963,"Markovitch","Arnould"
478958,"Woycyznski","Shahab"
437670,"Raoux","Zijian"
404675,"Hoppenstand","Jackson"
62711,"Terlouw","Vidya"
455675,"Cmelik","Fumitaka"
95297,"Paciorek","Tonny"
228980,"Eugenio","Shichao"
19464,"Limongiello","Yannik"
108827,"Poehlman","Vitaly"
472728,"Stenning","Aimee"
424225,"Bernardinello","Surveyors"
94778,"Hempstead","Bader"
222617,"Francisci","Anestis"
441500,"Schaar","Bokyung"
403086,"Serot","Gunilla"
295624,"Denos","Menkae"
208228,"Sadowsky","Bilhanan"
62643,"Skafidas","Poornachandra"
28100,"Mikschl","Jiann"
72915,"Falby","Jinpo"
31414,"Erol","Arunachalam"
255499,"Engelmann","Dannz"
67211,"Braccini","Stella"
60921,"Merlo","Fen"
264715,"Luke","Siddarth"
426994,"Nyanchama","Zito"
46794,"Nourani","Maren"
17992,"Winter","Zhonghua"
103899,"Unni","Odoardo"
94203,"Gargeya","Erez"
77568,"Peck","Erzsebet"
29681,"Georgatos","Xinyu"
457065,"Henseler","Behnaam"
434084,"Cappello","Abdelghani"
11222,"Neimat","Yishai"
36204,"Munck","Irene"
253840,"Spieker","Yongmin"
204982,"Kornyak","Susanta"
463115,"Baez","Marke"
17712,"Serra","Salvador"
23620,"Reeker","Clyde"
473304,"Luce","Vishv"
455117,"Sommen","Domenico"
281259,"Feinberg","Marek"
103054,"Greibach","Malu"
44880,"Schapiro","Siamak"
106015,"Levergood","Divier"
477438,"Mitina","Mana"
418724,"Schnelling","Kensei"
405352,"Gornas","Arun"
286562,"Azevdeo","Reuven"
215402,"Prochazka","Sanjiv"
67841,"Baer","Pranay"
408068,"Frolund","Felicidad"
458745,"Oberman","Janche"
276717,"Larfeldt","Marke"
69308,"Schreiter","Chinya"
43222,"Angelopoulos","Lenore"
103550,"Erbe","Kwangho"
236843,"Hertweck","Kayoko"
56981,"Tischendorf","Marsja"
251513,"Gornas","George"
44599,"Kohling","Odysseas"
61680,"Templeman","Hauke"
469763,"Erbe","Hatsukazu"
480549,"Delgrande","Reinhard"
33429,"Birsak","Barton"
252184,"Malinowski","Premal"
65654,"Thisen","Kazunori"
83353,"Porenta","Licheng"
99113,"Speel","Ramalingam"
79258,"Suri","Sumant"
65340,"Kemmerer","Jinya"
445407,"Birsak","Martial"
424970,"Quadeer","Tomokazu"
74180,"Boudaillier","Kamran"
401375,"Hmelo","Rosalyn"
245772,"Shobatake","Mario"
418758,"Henders","Mori"
67301,"Danlos","Xuedong"
470576,"Malinowski","Jianhui"
289605,"Plesums","Sverrir"
406186,"Basart","Christophe"
428250,"Schapiro","Tesuya"
286990,"Flowers","Christfried"
106171,"Nitta","Ibibia"
461426,"Ramsay","Zito"
256061,"Karner","Shiv"
208105,"Aumann","Cedric"
60919,"Veccia","Sudharsan"
41933,"Wallrath","Feiyu"
467930,"Busillo","Katsuyuki"
87490,"Schapiro","Tsuneo"
238268,"Thombley","Behnaam"
15756,"Holburn","Qiwen"
238754,"Cyne","Mani"
50125,"Krybus","Surveyors"
250530,"Uhrig","Sadun"
258993,"Stranks","Fai"
101453,"Staylopatis","Nectarios"
58443,"Heping","Stein"
258942,"Rajaraman","Nishit"
31159,"Brandsma","Berto"
458772,"Bergere","Vesna"
35717,"Cooke","Flemming"
18971,"Peris","Kiyokazu"
73842,"Esteva","Seongbin"
288590,"Reeken","Hailing"
206006,"Lemarechal","Mamdouh"
60797,"Highland","Jagoda"
274691,"Ossenbruggen","Pranav"
265711,"Takkinen","Kazuhisa"
283668,"Kuhnemann","Jiakeng"
47046,"Schonegge","Sariel"
448801,"Birch","Douadi"
438712,"Marletta","Xinan"
423658,"Theuretzbacher","Persi"
429605,"Kermarrec","Jahangir"
423890,"Emden","Becky"
458650,"Fandrianto","Uno"
477699,"Mitina","Sudharsan"
60504,"Rullman","Gor"
432475,"Auria","Yinlin"
27720,"Picaronny","Phule"
218336,"Speel","Aemilian"
245437,"Penttonen","Arun"
204045,"Stifter","Toshimo"
457108,"Rullman","Reinhold"
219368,"Veldwijk","Alagu"
231428,"Dulay","Marko"
33689,"Zedlitz","Chenye"
413722,"Demeyer","Subhankar"
278226,"Bonifati","Shiv"
44025,"Thebaut","Dines"
215745,"Suppi","Lidong"
272772,"DeMori","Ingemar"
293709,"Cappelletti","Chuanyi"
104352,"Samarati","Xiaoheng"
444264,"Takanami","Gro"
228508,"Nyrup","Tesuro"
282743,"Paludetto","Becky"
208085,"Grabner","Eberhardt"
441858,"Schaft","Khun"
286016,"Peha","Shigehito"
257897,"Delgrande","Peternela"
285364,"Flowers","Kwangjo"
231300,"Hasham","Tokuyasu"
279485,"Gire","Dekang"
295932,"Emmart","Nimmagadda"
58871,"Shimshoni","Gennady"
30160,"Wynblatt","Babette"
82560,"Reistad","Taizo"
23532,"Bardell","Duke"
400828,"Kroll","Fusako"
262365,"Chappelet","Shahaf"
254583,"Ramalingam","Bernd"
282998,"Bahi","Arno"
460589,"Encarnacion","Takanari"
69431,"Spataro","Arie"
22253,"Masaki","Feipei"
402604,"Cooley","Mabhin"
39489,"Potthoff","Ulf"
476719,"Fordan","Froduald"
474781,"Chandrasekhar","Uma"
476441,"Schicker","Rafail"
210747,"Bratten","Doohun"
473077,"Kopetz","Shrikanth"
82352,"Willoner","Vitali"
225281,"Mitsuhashi","Noritoshi"
208841,"Yamaashi","Moriyoshi"
454782,"Lung","Elzbieta"
443387,"Kavvadias","Paris"
431516,"Landherr","Arvin"
105083,"Kading","Jolita"
19432,"Kambil","Barton"
278193,"Koprowski","Ziya"
222881,"Pews","Danil"
261127,"Pena","Tremaine"
288658,"Halloran","Giordano"
11302,"Senzako","Shem"
56496,"Lorcy","Billie"
272989,"Laventhal","Danil"
416815,"Knightly","Mohd"
75739,"Cappelli","Lidong"
412735,"Masand","Mitchel"
247990,"Birjandi","Muneo"
206483,"Snyers","Berhard"
80631,"Oaver","Shimshon"
426165,"Sommen","Abdelghani"
55643,"Harllee","Martins"
433627,"Katiyar","JoAnna"
456790,"Chenney","LiMin"
261801,"Kinley","Van"
225567,"Stille","Sariel"
429572,"Ranum","Gina"
405363,"Molenkamp","Yifei"
467865,"Bodoff","Bedir"
90688,"Waeselynck","Dannz"
466355,"Waymire","Aria"
43250,"Jansen","Shunichi"
405579,"Range","Insup"
234541,"Lorin","Shirish"
107967,"Chepyzhov","Miomir"
461019,"Glinert","Aram"
266087,"Ebeling","Bodh"
39879,"Narwekar","Mohua"
292173,"Preusig","Volkmar"
87432,"Kabayashi","Hidde"
65096,"Stasinski","Navid"
416795,"Wossner","Aksel"
22867,"Flexer","Huei"
60664,"Panwar","Serenella"
479630,"Poupard","Kotesh"
405532,"Menyhert","Takanari"
31533,"Albarhamtoshy","Trygve"
410554,"Przulj","Kristof"
443242,"Boreale","Stabislas"
244219,"Godskesen","Gift"
72067,"Shackell","Nahid"
215770,"Bamford","Saeko"
418281,"Murtafg","Tianruo"
422378,"Karlin","Tsvetan"
438622,"Binding","Vatsa"
48702,"Shrader","Radhika"
216965,"Birke","Badri"
430727,"Lindenbaum","Berto"
71773,"Ebeling","Leen"
416262,"Picaronny","Chirstian"
224367,"Andreotta","Remzi"
451144,"Jumpertz","Felicidad"
17945,"Broomell","Jovan"
435399,"Auyong","Theron"
211092,"Calkin","Jacopo"
443731,"Kulisch","Prasadram"
283021,"Baer","Aron"
264688,"Kobara","Jovan"
43038,"Nooteboom","Chaoyi"
16734,"Birch","Bedir"
75641,"Homond","Becky"
66455,"Puppo","Doohun"
46966,"Perko","Emran"
443561,"Crelier","Karlis"
289501,"Vanwelkenhuysen","Sushant"
76279,"Hellwagner","Goetz"
106562,"Ratzlaff","Renny"
67615,"Assaf","Monique"
214874,"Ventosa","Hironoby"
422161,"Riefers","Malu"
281804,"Ranum","Susanne"
58173,"England","Zhanqiu"
217522,"Polajnar","Sailaja"
258113,"Dalton","Basem"
44982,"Erdi","Xianlong"
63173,"Siochi","Huan"
224352,"Talmor","Adin"
68669,"Nyanchama","Huai"
60408,"Gadepally","Baziley"
52562,"Shigei","Toshimori"
270080,"Rodier","Marsal"
254915,"Rosenbaum","Zhaofang"
69610,"Simmen","Oddvar"
290323,"Solovay","Hein"
79448,"Luke","Chinya"
294967,"Setia","King"
465362,"Kolinko","Paddy"
38154,"Hmelo","Tru"
30445,"Compeau","Satoru"
441286,"Miake","Gadiel"
26917,"Ducloy","Eirik"
241995,"Varman","Reuven"
30185,"Luef","Marl"
452815,"Menyhert","Mang"
62353,"Benveniste","Munehiko"
455247,"Dahlbom","Huan"
233652,"Auria","Hatim"
106675,"Liesche","Adin"
411659,"Rubsam","Shigeaki"
85542,"Speek","Petter"
475005,"Chinin","Xuejia"
84257,"Muhling","Basant"
276561,"Gulik","Rance"
214176,"Stasinski","Patricio"
291673,"Munck","Bernt"
470905,"Goodrum","Tesuro"
440427,"Swen","Kasidit"
420426,"Bisiani","Pranav"
414280,"Arlazarov","Genki"
81092,"Strehl","Poorav"
264423,"Lanphier","Zongyan"
257317,"Luks","Gay"
60605,"Maginnis","Aksel"
253157,"Giveon","Radhia"
282908,"Birnbaum","Lakshmi"
250721,"Rettelbach","Xinglin"
237393,"Penttonen","Limsoon"
478902,"Pearson","Gao"
10321,"Ravishankar","Guenter"
293434,"Ghandeharizadeh","Sachio"
38204,"Azadmanesh","Jianwen"
71968,"Harbusch","Randi"
250401,"Bonifati","Keung"
62716,"Huttel","Divier"
469186,"Pavlopoulou","Aral"
104133,"Zyda","Pranjal"
464288,"Pardalos","Feipei"
82297,"Pagter","Armond"
104824,"Savasere","Karoline"
478584,"Sambasivam","Shaunak"
462078,"Niizuma","Theron"
278967,"Candan","Arch"
415471,"Sundgren","Martina"
467294,"Fandrianto","Conal"
59996,"Krogh","Siddarth"
261321,"Eldridge","Aram"
42908,"Azumi","Jordanka"
259242,"Plesums","Shay"
43707,"Fritzsche","Gudjon"
33738,"Champarnaud","Yakkov"
33278,"Boguraev","Kyoichi"
470258,"Halevi","Shem"
80293,"Puoti","Candida"
455781,"Erni","Shuky"
91333,"Stafford","Lobel"
21110,"Solares","Shaowei"
62593,"Cochrane","Duangkaew"
480717,"Luders","Bouchung"
201599,"Cools","Kiyotoshi"
215942,"Lovengreen","Ziya"
77633,"Gelosh","Dinkar"
268898,"Kushnir","Uno"
405294,"Basawa","Shigenori"
438047,"Ritcey","Shuzo"
213338,"Veevers","Ravishankar"
207556,"Reeker","Rafols"
298761,"Schicker","Owen"
479298,"Cools","Aleksander"
15583,"Denny","Kasidit"
24651,"Zastre","Karlis"
217566,"Crelier","Marla"
452808,"Szmurlo","Elgin"
437319,"Cochrane","Bodo"
446403,"Geffroy","Nathan"
417576,"Murtagh","Adhemar"
13784,"Ranst","Surveyors"
472946,"Akaboshi","Sorina"
274191,"Angiulli","Sibyl"
83602,"Lally","Zhilian"
445670,"Ratnaker","Gio"
461918,"Silva","Oscar"
400522,"Lenart","Tsutomu"
444553,"Gluchowski","Nikolaus"
286970,"Shobatake","Jayesh"
215878,"Plump","Toney"
88131,"Siksek","Sumant"
84236,"Barriga","Eberhardt"
31075,"Merks","Rafail"
275132,"Ramamoorthy","Reinhard"
36085,"Schwabacher","King"
85334,"Atchley","Tetsushi"
245126,"Cooman","Lucien"
265544,"Rosiles","Pasqua"
76282,"Roccetti","Yongqiao"
280119,"Businaro","Chenyi"
21133,"Brizzi","Carrsten"
102433,"Peek","Arch"
17410,"Peek","Anestis"
12297,"Krone","Yoshimitsu"
278424,"Lenart","Mara"
210269,"Hitomi","Huan"
18179,"Heijenga","Owen"
401093,"Steenbeek","Vitaly"
442998,"Streit","Karsten"
55831,"Ravishankar","Xudong"
29464,"Garnier","Boaz"
57162,"Schueller","Sadegh"
14903,"Poehlman","Shalesh"
407458,"Gyimothy","Tonia"
31130,"Velardi","Kazuhiko"
48344,"Mellouli","Alassane"
21209,"Saoudi","Danny"
86000,"Nitsch","Mohua"
250879,"Kohling","Bedir"
233658,"Hiroyama","Goetz"
229341,"Luce","Barun"
90862,"Billingsley","Masadi"
49811,"Kavanagh","Toshiki"
32027,"Sidhu","Mong"
425995,"Merks","Akeel"
207921,"Sifakis","Jaewoo"
406108,"Peir","Frazer"
18679,"Lambe","Roded"
267021,"Isaac","Arun"
464578,"Peris","Christfried"
32924,"Passino","Rasiah"
28783,"Trachtenberg","Jessie"
449175,"Dolinsky","Mantis"
438395,"Danlos","Freyja"
404122,"Mitina","Dulce"
53766,"DuCasse","Georgi"
231430,"Kusakabe","Quingbo"
79436,"Colorni","Theron"
251411,"Bahl","Yefim"
84782,"Suri","Adil"
109265,"Crelier","Moti"
200229,"Marciano","Ashish"
66207,"Baek","Lansing"
467253,"Spell","Khosrow"
85861,"Reeker","Roselyn"
51550,"Conta","Persi"
20621,"Navazio","Arumugam"
289619,"Mundy","Jiafu"
72330,"Ramaiah","Deborah"
59324,"Anido","Kazuhide"
296609,"Litvinov","Jayson"
254359,"Conry","Khalil"
462354,"Neiman","Supot"
78304,"Stiles","Hideo"
219477,"Cummings","Yishay"
55773,"Barreiro","Toshimi"
29080,"Shumilov","Panayotis"
28428,"Apsitis","Sadegh"
287763,"Decaestecker","Huiqun"
31550,"Crelier","Falguni"
75719,"Brickell","Kotesh"
12777,"Cichocki","Sreenivas"
467395,"Koyama","Irene"
293304,"Krogh","Claudi"
204334,"Bojadziev","Aimee"
67513,"Fendler","Tetsushi"
469085,"Alblas","Steen"
56742,"Conry","Parto"
64427,"Marquardt","Venkatesan"
262555,"Gist","Akeel"
273839,"Heemskerk","Turgut"
210199,"Vesel","DAIDA"
207055,"Ducloy","Jaques"
65225,"Zaiane","Trygve"
462414,"Klyachko","Alejandra"
444099,"Worfolk","Kousuke"
92415,"Lemarechal","Zorica"
226255,"Isard","Gilbert"
464603,"Stavenow","Tran"
248629,"Ranum","Pradeep"
238502,"Orlowska","Chirstian"
218383,"Garnick","Teunis"
233952,"Klyachko","Mandell"
67204,"Cheshire","Gen"
401108,"Kropp","Takahito"
229116,"Oehlmann","Moty"
20597,"Pero","Mack"
434229,"Dredge","Utpal"
245997,"Rusterholz","Zhongwei"
16806,"Dayana","Sreekrishna"
414721,"Kieras","Shigeu"
103097,"Rodham","Raimond"
61784,"Vesel","Jacopo"
92643,"Picht","Tran"
49040,"Ghazalie","Aram"
406254,"Danner","Zissis"
16699,"Bhattacharjee","Kayoko"
64750,"Birdsall","Chriss"
258479,"Kropf","Giordano"
14275,"Aseltine","Tristan"
282166,"Brookner","Sumali"
262134,"Aseltine","Behnaam"
233683,"Pargaonkar","Georg"
57732,"Chenoweth","Uma"
29267,"Cappelli","Jiakeng"
453553,"Hanratty","Mario"
298704,"Bach","Cedric"
401248,"Schieder","Sandeepan"
262402,"Kawashima","Perry"
22661,"Curless","Faiza"
450277,"Vesna","Berni"
202017,"Coorg","Shahab"
82109,"Nergos","Premsyl"
444108,"McClure","Ung"
53012,"Muchinsky","Yongdong"
270185,"Salverda","Xinglin"
52587,"Molenkamp","Paraskevi"
225433,"VanScheik","Jeong"
46533,"Edelhoff","Lunjin"
218616,"Montemayor","Haldon"
46116,"Swiss","Snehasis"
415958,"Edelhoff","Chikako"
461180,"Schueller","Suzette"
225332,"Gecseg","Jenwei"
200063,"Szilard","Sahrah"
71628,"Nitta","Luerbio"
90363,"Lundstrom","Dipankar"
460293,"Crooks","Jacopo"
440630,"Bernick","Berhard"
97032,"Meriste","Froduald"
266455,"Socorro","Lijie"
245352,"Mattern","Randi"
277527,"Vuskovic","Yonghoan"
466488,"Gustavson","Pramod"
31154,"Hockney","Deborah"
53257,"Baalen","Rosalie"
264229,"Hofstetter","Nalini"
452553,"Baalen","Jagoda"
442545,"Mitina","Ioana"
251232,"Delaune","Marla"
467102,"Underwood","Bartek"
46319,"Hmelo","Lidong"
89337,"Anido","Luigi"
33793,"Delgrossi","Oldrich"
207935,"Peng","Theirry"
460831,"Klyachko","Shuzo"
221452,"Bednarek","Billie"
28757,"Poupard","Branimir"
467467,"Bonifati","Alois"
28924,"Ghelli","Mohua"
224366,"Perelgut","Kazuhiko"
434847,"Peyn","Mats"
431742,"Karlin","Kersti"
235443,"Cunliffe","Yonghoan"
96297,"Schusler","Bogdan"
22159,"Thorensen","Constantijn"
433280,"Zambonelli","Abdelghani"
423440,"Basagni","Lokesh"
47602,"Kornatzky","Kitty"
246655,"Billingsley","Edwin"
99028,"Erol","Oddvar"
257831,"Riexinger","Annemarie"
214709,"Compeau","Mani"
28065,"Serot","Holgard"
276570,"Rabehasaina","Fumitake"
441762,"Delaune","Mircea"
209490,"Mundy","Martijn"
405661,"Christianini","Itzchak"
231985,"Swiler","Kiyomitsu"
218024,"Madeira","Maha"
272414,"Shumilov","Kenton"
214415,"Sridhar","Vidar"
39097,"Luca","Toshimitsu"
463510,"Uehara","Atreye"
260480,"Sherertz","Jiakeng"
407467,"Huxford","Kiyotoshi"
269465,"Lunn","Kwangsub"
201164,"Erol","Kannan"
65264,"Levergood","Zejun"
30398,"Stanger","Phuoc"
87145,"Szilard","Alair"
415747,"Prenel","Kazuhisa"
407871,"Wilfing","Christfried"
73633,"Luce","Jamaludin"
33561,"Staylopatis","Nirmal"
481746,"Barinka","Odoardo"
287937,"Magalhaes","Shuho"
205386,"Peltason","Theirry"
59876,"Tischendorf","Moriyoshi"
21976,"Uhrig","Randy"
411644,"Collette","Yonghoan"
229484,"Snedden","Avishai"
29252,"Butner","Sibyl"
207378,"Ranka","Perry"
72512,"Matzov","Stein"
285317,"Zizka","Lansing"
55325,"Milicia","Irene"
37897,"Madeira","Adit"
255304,"Varman","Giap"
217815,"Flowers","Spyrose"
476665,"Demeyer","Rasiah"
410011,"Selvestrel","Lunjin"
25841,"Ernst","Shahab"
258834,"Gecsei","Tadahiro"
452834,"Beidas","Kellyn"
276059,"Furudate","Marlo"
94184,"Wroclawski","Leif"
28274,"Koblick","Arfst"
276230,"Baba","Fen"
82631,"Bugrara","Shunichi"
205104,"Jeong","Reuven"
208203,"Bach","Arnould"
202230,"Muniz","Eran"
276012,"Stanfel","Vasilis"
267196,"Haraldson","Palash"
425453,"Restivo","Jackson"
208436,"Denny","Adhemar"
480705,"Facello","Marke"
224989,"Preusig","Conor"
476508,"Ramalingam","Premal"
474337,"Siprelle","Gou"
51542,"Marciano","Froduald"
51126,"Zirintsis","Gully"
95042,"Journel","Miomir"
68149,"Birsak","Candida"
446664,"Butner","Masaru"
35047,"Guenter","Uta"
432522,"Turnbull","Supot"
91517,"Hofstetter","Serif"
243854,"Bressoud","Kristen"
104378,"Luan","Mamdouh"
47861,"Cesareni","Martins"
21017,"Baer","Tetsurou"
60378,"Erva","Khun"
270447,"Rousseau","Christ"
458695,"Schreiter","Dmitry"
91718,"Gubsky","Yuuichi"
57526,"Denis","Hatim"
268245,"Verhaegen","Sreenivas"
83360,"Lores","Tomokazu"
49534,"Simkin","Nidapan"
468906,"Koshiba","Raimond"
59982,"Hagimont","Tonia"
86274,"Valtorta","Gila"
444508,"Bahl","Kaijung"
13542,"Budinsky","Fun"
266451,"Hockney","Xiong"
471049,"Azumi","Kitty"
464681,"Azulay","Oldrich"
424125,"Levergood","Rutger"
234188,"Rotem","Sreenivas"
17469,"Khamsi","Chiradeep"
228642,"Shrader","Jeanna"
56227,"Makrucki","Shen"
54289,"Gips","Alain"
252937,"Masand","Paraskevi"
204132,"Worfolk","Kshitij"
88423,"Vecchi","Sanjit"
77632,"Pluym","Xiping"
223901,"Slaats","Aimee"
287391,"Huxford","Josyula"
422927,"Tomescu","Toshimori"
416085,"Granlund","Sachem"
438146,"Erez","Van"
232595,"Ferriere","Zeljko"
289847,"Wissmann","Leen"
76074,"Shihab","Xuedong"
443481,"Benaini","Theirry"
211730,"Suermann","Xuedong"
453119,"Claffy","Sadun"
109336,"Kawashima","Xiaocheng"
61702,"Swen","Akemi"
280784,"Bauknecht","Giao"
458633,"Akiyama","Hausi"
15469,"Sadowski","Aksel"
450889,"Zirintsis","Weijing"
442282,"Antonisse","Sanjay"
47318,"Suppi","Kristina"
13978,"Bardell","Mayuko"
404488,"Eppinger","King"
412347,"Conte","Constantijn"
243410,"Rando","Mitsuyuki"
57975,"Kawashima","Masaru"
473887,"Snyers","Faiza"
242759,"Asmuth","Jiann"
241004,"Bach","Leaf"
27778,"Lorie","Neven"
106559,"Ghalwash","Cristinel"
77955,"Tischendorf","Sarita"
287833,"Yurek","Ohad"
440073,"Azadmanesh","Sachio"
56763,"Cangellaris","Mahendra"
12521,"Ranka","Geoffry"
471914,"Krohn","Lucien"
247067,"Manders","Atreye"
254901,"Zedlitz","Aamer"
92789,"Rissanen","Luigi"
432091,"Dayang","Guther"
78735,"Rando","Bowen"
273976,"Monarch","Rafail"
268566,"Parveen","Panayotis"
427472,"Pfau","Kristina"
248853,"Fiebach","Naftaly"
38288,"Reutenauer","Percy"
25723,"Rijckaert","Lalit"
449219,"Greenaway","Leen"
441006,"Lueh","Doowon"
283005,"Ellozy","Nahid"
454079,"Terwilliger","Rutger"
476241,"Lamma","Shir"
448883,"Langford","Mana"
440527,"Engelmann","Weiye"
298084,"Parveen","Gully"
213021,"Pusterhofer","Nevin"
280267,"Moffat","Yuguang"
82064,"Bridgland","Nahum"
267806,"Peek","Jinya"
219751,"Rettelbach","King"
207716,"Stemann","Yaghout"
95201,"Pokrovskii","Chinho"
454406,"Skafidas","Sushant"
453872,"Zaiane","Basil"
442189,"Muhling","Arnd"
205511,"Berstel","Hsiangchu"
61024,"Osgood","Reinhold"
29944,"Karlin","Gopalakrishnan"
99530,"Schapire","Vishv"
75735,"Mikschl","Karsten"
37245,"Gyimothy","Along"
461364,"Huttel","Vasilii"
474415,"Benner","Goncalo"
107053,"Macedo","Chinho"
106719,"Baca","Ulises"
403573,"Binding","Eirik"
445699,"Waschkowski","Kamran"
437885,"Wielonsky","Roded"
81982,"Cummings","Ioana"
66254,"Mahnke","Ghassan"
266806,"Fordan","Hyuncheol"
78976,"Peternell","Weidon"
430755,"Sommer","Horward"
429230,"Bierbaum","Lalit"
417355,"Dechter","Rafail"
89100,"Varman","Tomoyuki"
36751,"Kolinko","Hsiangchu"
217780,"Schreiter","Irene"
89990,"Zedlitz","Zongyan"
71339,"Matzov","Mariusz"
60203,"Birnbaum","Frazer"
448782,"Penttonen","Moie"
17006,"Pargas","Magy"
272526,"Sommen","Deborah"
414352,"Stanger","Arco"
34486,"Nergos","Fatemeh"
449606,"Yoshizawa","Mayuri"
261254,"Kuszyk","Munehiro"
104905,"Wilfing","Eckart"
10814,"Dymetman","Nidapan"
48834,"Ferriere","Felicidad"
250432,"Ghelli","Wonhee"
65813,"Zeidenstein","Steen"
420096,"Markovitch","Radhakrishnan"
466955,"Besancenot","Yucai"
434420,"Kaiser","Kiyotoshi"
52962,"Cappelli","Hein"
210124,"Malabarba","Weiwu"
59604,"Simmel","Aamod"
205092,"Spieker","Masako"
277992,"Schiper","Munenori"
292185,"Samarati","Anyuan"
211820,"Lovengreen","Arumugam"
448849,"Ozery","Tadahiro"
426477,"Leuchs","Reinhard"
38186,"Klassen","Woody"
286386,"Legleitner","Berthier"
19785,"Bolsens","Tiina"
275957,"Poehlman","Jaber"
405859,"Asser","Mabhin"
60154,"Perry","Alejandro"
407021,"Hanabata","Keung"
478957,"Gulla","Pintsang"
33878,"Dichev","Marsal"
19613,"Rohrbach","Debaprosad"
14549,"Kopetz","Alain"
465457,"Brlek","Kwangjo"
203268,"Poujol","Uno"
242663,"Ranze","Tse"
98336,"Ouhyoung","Piyawadee"
92359,"Hanratty","Berto"
211281,"Lichtner","Trygve"
465764,"Asser","Moriyoshi"
460251,"Morrow","Arup"
37229,"Kawashima","Jiakeng"
226777,"Molberg","Yucai"
453463,"Picel","Nirmal"
52835,"Syrzycki","Yongmin"
201696,"Glinert","Kwangjo"
415514,"McFarlin","Giri"
87785,"Tsunoo","Theirry"
48836,"Katiyar","Barry"
424939,"Birge","Berna"
109747,"Rullman","Tadahiko"
210559,"Atrawala","Arvind"
243703,"Uhrik","Toshimitsu"
61975,"Msuda","Dipayan"
275090,"Ramaiah","Elvia"
201883,"Gelosh","Nechama"
464476,"Chenoweth","Gina"
424976,"Cheshire","Ronnie"
296542,"Melton","Leszek"
259021,"Redmiles","Maris"
40557,"Asrin","Arfst"
19121,"Remmers","Hsiangchu"
233767,"Aloia","Maya"
445841,"Babb","Valdiodio"
292162,"Rohrbach","Masaki"
405023,"Leivant","Radhia"
88236,"Lorch","Arfst"
299829,"Klerer","Abdulah"
10442,"Unno","Volkmar"
39791,"Zschoche","Goo"
450772,"Maierhofer","Tru"
420924,"Staudhammer","Conor"
265534,"Rassart","Seshu"
41280,"Czap","Felicidad"
256559,"Backhouse","Arif"
20494,"Pagter","Lucien"
98807,"Hanratty","Aloys"
75840,"Baar","Unal"
29905,"Koyama","Guther"
403316,"Hoogerwoord","Chiradeep"
85755,"Ozeri","Aloys"
81081,"Bahl","Uno"
435785,"Validov","Yongmin"
243306,"Randt","Sailaja"
78950,"Velasco","Margareta"
71551,"Greibach","Hugo"
439337,"DiGiano","Alair"
74402,"Rijsenbrij","Diederik"
447149,"Eppinger","Teiji"
241952,"Anandan","Maya"
260770,"Snyers","Itzchak"
458452,"Suwa","Mamdouh"
249303,"Reutenauer","Tse"
248463,"Escriba","Wonhee"
237992,"Chinin","Horward"
476095,"Zielinski","Taisook"
474468,"Harbusch","Yoshinari"
287681,"Ouhyoung","Pranav"
94458,"Lindenbaum","Zhaofang"
464760,"Zizka","Randy"
423996,"Kakkad","Nathan"
203933,"Fortenbacher","Bowen"
468725,"Shanbhogue","Eirik"
430393,"Trystram","Jiong"
20338,"Butner","Reinhard"
458936,"Siksek","Jacqueline"
291842,"Pehl","Badri"
249838,"Zwicker","Yuuichi"
234625,"Rosca","Jaques"
249755,"Noriega","Lorien"
249938,"Naumovich","Yechiam"
200033,"Salvesen","Hatsukazu"
401960,"Silva","Kazuhiro"
245623,"Merks","Boriana"
473445,"Janetzko","Koldo"
217988,"Waeselynck","Uno"
452347,"Brattka","Shigeichiro"
59927,"Salverda","Sedat"
223176,"Koblick","Tzu"
85310,"Harnett","Niteen"
467665,"Lamma","Gio"
100823,"Negoita","Sachem"
455518,"Melter","Stevo"
438858,"Siksek","Mitsuyuki"
106652,"Harllee","Willard"
52636,"Kolinko","Leucio"
437383,"Itzigehl","Byong"
423966,"Badache","Harjit"
299591,"Yamaashi","Kerryn"
465889,"Melichar","Zejun"
401010,"Terkki","Richara"
410035,"Vecchio","Debatosh"
67263,"Yemenis","Khedija"
265347,"Linares","Arvin"
66041,"Krzyzanowski","Chiranjit"
99499,"Copas","Manu"
425768,"Anily","Shahab"
81723,"Picel","Feixiong"
108471,"Brender","Aruna"
253561,"Denna","Augustine"
284667,"Menhardt","Jacqueline"
410123,"Pokrovskii","Duangkaew"
256589,"Chenoweth","Xiong"
64916,"Hmelo","Mohit"
202510,"Akaboshi","Amstein"
288847,"Kalafatis","Guenter"
273816,"Sichman","Odysseas"
204164,"Sgarro","Emran"
46688,"Lundstrom","Heekeun"
102728,"Jiang","Make"
294341,"Ginneken","Christ"
13559,"Yurek","Etsuo"
295963,"Gyorkos","Kazuhiko"
50527,"Mahnke","Yongmin"
37348,"Ratzlaff","Zhiguo"
235415,"Falster","Shahaf"
44373,"Flowers","Avishai"
27310,"Francisci","Sigeru"
432992,"Karcich","Oksana"
58288,"Doering","Muzhong"
467276,"Tsukune","Mang"
295759,"Rikino","Mitchel"
299853,"Peir","Brigham"
201195,"Trogemann","Torsten"
99778,"Moehrke","Golgen"
265699,"Krychniak","Kien"
450099,"Kaiserswerth","Elrique"
202614,"Chleq","Constantino"
37219,"Granlund","Akhilish"
278526,"Pargaonkar","Sachin"
415321,"Ruther","Fumiko"
33275,"Ramalingam","Masaru"
224361,"Isaac","Naftaly"
242785,"Gulak","Boalin"
59478,"Asser","Duri"
56446,"Erdmenger","Huei"
247767,"Buescher","Radhakrishnan"
12660,"Escriba","Stamatina"
61265,"Peron","Anyuan"
11189,"Bodoff","Dante"
466016,"Calkin","Arfst"
278702,"Gurbaxani","Toshimo"
443613,"Pillow","Laurentiu"
435172,"Botman","Dayanand"
272250,"Swan","Kazuhira"
53478,"Rande","Ortrun"
468856,"Servi","Xiahua"
55124,"Camurati","Stafford"
427517,"Wielonsky","Masanao"
234046,"Valtorta","Guadalupe"
81203,"Bahi","Ingemar"
36175,"Auyong","Jiong"
17353,"Shobatake","Shigeo"
104539,"Vieth","Ulf"
458391,"Cangellaris","Martine"
432993,"Matzen","Abdelghani"
260118,"Bresenham","Basim"
454596,"Nivat","Taiji"
226835,"Rando","Juichirou"
82367,"Halloran","Miyeon"
81986,"Waterhouse","Tamiya"
231556,"Turnbull","Magdalena"
426339,"Showalter","Kiam"
109060,"Naudin","Cordelia"
93192,"Vecchio","Sreenivas"
236733,"Pero","Ziva"
202186,"Mitchem","Kazuyasu"
64044,"Desikan","Phillip"
451885,"Percebois","Basim"
52262,"Melter","Leni"
441503,"Kaiserswerth","Chuanti"
101562,"Akaboshi","Eben"
445981,"Escriba","Elvia"
207027,"Gecseg","Huiqun"
36598,"Ducloy","Pranjal"
232307,"Redmiles","Atreyi"
406214,"Bernatsky","Divier"
79023,"Dechter","Tonny"
214150,"Herath","Bader"
445872,"Ghelli","Billie"
423583,"Kragelund","Remmert"
69559,"Camarinopoulos","Gunilla"
16574,"Penz","Nevio"
267653,"Rossi","Kazuhide"
472959,"Leslie","Mingdong"
439281,"Basawa","Berhard"
10857,"Stenning","Fusako"
295890,"Vigier","Yefim"
218725,"Hatcliff","Genevieve"
109601,"Heuter","Jasminko"
452388,"Maraist","Ung"
449787,"Colorni","Lansing"
266091,"Kroon","Isaac"
49861,"Zykh","Rosalyn"
471941,"Matzke","Susanna"
213392,"Maginnis","Ramachenga"
435964,"Ritzmann","Seongbin"
416108,"Janetzko","Masaki"
14736,"Bala","Martial"
220777,"Peac","Qunsheng"
231076,"Kirkerud","Mabry"
409303,"Gulik","DeForest"
411403,"Masand","Stein"
241454,"Azevdeo","Djenana"
247850,"Mandelberg","Kamran"
458747,"Valette","Ymte"
96207,"Spinelli","Sukumar"
67788,"Talmon","Khalil"
30547,"Linnainmaa","Augustine"
57419,"Guting","Tesuya"
427742,"Demke","Yongdong"
248941,"Azumi","Visit"
237282,"Landherr","Reinhold"
298759,"Delgrossi","Pranas"
90806,"Nitta","Hyuckchul"
404590,"Trelles","Luerbio"
204028,"Ghalwash","Dekang"
251661,"Sambasivam","Cullen"
417730,"Kalsbeek","Sudharsan"
227583,"Benantar","Shir"
408484,"Brandsma","Ioana"
405881,"Chiodo","Surveyors"
47857,"Besselaar","Masato"
25288,"Bala","Aral"
41816,"Pettit","Gila"
287614,"Molenaar","Mountaz"
231794,"Wuwongse","Eran"
87363,"Comellas","Yunming"
74859,"Eastman","Dmitri"
253302,"Merey","Zeydy"
412989,"Rosca","Kristian"
223027,"Glinert","Sakthirel"
78285,"Anick","Marek"
17238,"Schach","Achilleas"
10998,"Kandlur","Marlo"
414680,"Harbusch","Ult"
55122,"Skogmar","Qingxiang"
442859,"Uehara","Susanna"
438889,"Millington","Insup"
285505,"Cangellaris","Mani"
238937,"Prampolini","Boriana"
95776,"Cappelli","Leaf"
217222,"Lyonns","Rasikan"
475776,"Speek","Kenton"
476831,"Lindenbaum","Tiina"
478632,"Jansch","Sakthirel"
15529,"Joslin","Jacopo"
400975,"Gniady","Toshiko"
69808,"Silva","Gully"
227674,"Gischer","Sajjad"
215879,"Fendler","Fox"
480701,"Vrecion","Bluma"
37653,"Zambonelli","Shichao"
451875,"Atchley","Katsuyuki"
412530,"Pargaonkar","Adly"
102327,"Sadowski","Erez"
259859,"Hooghiemstra","Miomir"
92967,"Benaini","Georg"
414986,"Kuhnemann","Sanjit"
453848,"Isaak","Claude"
470299,"Speckmann","Siddarth"
466807,"Wroclawski","Haldun"
209615,"Sankaranarayanan","Kwangjo"
298037,"Passafiume","Indrajit"
109299,"Baca","Vasiliy"
34532,"Tyugu","Susanna"
280695,"Leslie","Takanari"
31524,"Biron","Jaewoo"
209771,"Muniz","Vitali"
232381,"Tempesti","Siddarth"
228365,"Bahi","Jackson"
106294,"Gladwell","Piyush"
48097,"Salinas","Nakhoon"
457821,"Codenie","Otmar"
100826,"Bellmore","Jianhua"
92253,"Schwartzburd","Hailing"
430493,"Brender","Utz"
455598,"Brodie","Kousuke"
41647,"Baja","Petter"
419731,"Muchinsky","Zdislav"
293355,"Kolvik","Huan"
85251,"Kragelund","Akeno"
78725,"Scallan","Yakichi"
284311,"Ghandeharizadeh","Torsten"
465403,"Spelt","Arunas"
79317,"Sherertz","Paraskevi"
16558,"Eppinger","Jiong"
449489,"Hertweck","Naftaly"
11412,"Demeyer","Werner"
467746,"Bergere","Sakthirel"
262784,"Peris","Kenroku"
15184,"Sundgren","Sachem"
78041,"Zyda","Tadanori"
452077,"Zumaque","Stevo"
102524,"Kilgour","King"
47572,"Schiper","Tommaso"
426885,"Kroft","Oguz"
421704,"Jayawardene","DAIDA"
86618,"Nicolson","Nidapan"
71665,"Lukaszewicz","Mostafa"
205195,"Feinberg","Aamod"
70804,"Maksimenko","Shih"
58216,"VanScheik","Subir"
79371,"Curless","Tayeb"
294164,"Hennings","Subhada"
243530,"Cochrane","Masadi"
288258,"Porenta","Huican"
15378,"Hiraishi","Shounak"
464848,"Spieker","Anestis"
232733,"Morrin","Xinan"
454253,"Gargeya","Kensyu"
425871,"Gimbel","Weiye"
35104,"Terwilliger","Lalit"
473340,"Danner","Yifei"
48662,"Crouzet","Mabo"
35388,"Merle","Gopalakrishnan"
80862,"Improta","Serenella"
64262,"Raoux","Huan"
227150,"Holburn","Manu"
415122,"Berendt","Fuqing"
97056,"Bratten","Kshitij"
36988,"Pepe","Wayne"
108551,"Garnick","Yahiko"
248004,"Luef","Yongdong"
27270,"Radhakrishnan","Lijia"
280792,"Munck","Hironobu"
453839,"Narahari","Along"
470797,"Miara","Ronghao"
109453,"Matzel","Fei"
58704,"Huxford","Leon"
417898,"Emiris","Tiina"
461839,"Reghbati","Syozo"
447524,"Malinowski","Arch"
22892,"Monkewich","Giao"
462068,"Pehl","Tesuya"
435406,"Schaad","Atreyi"
434581,"Trelles","Matt"
402298,"Beetstra","Kamakshi"
271623,"Pettis","Utz"
36778,"Tsukuda","Carrsten"
232201,"Baig","Weicheng"
58694,"Kragelund","Kasidit"
225217,"Reinhart","Nahid"
35209,"Baik","Francoise"
28764,"Luca","Qunsheng"
439546,"Marakhovsky","Ayakannu"
98223,"Avouris","Kristina"
81752,"Shrader","Hideyuki"
75468,"Armand","Marco"
410854,"Schnabel","Uri"
31826,"Miara","Arnould"
101612,"Herber","Elvia"
83501,"Lammel","Ferdinand"
43019,"Oehlmann","Nalini"
32668,"Riexinger","Niclas"
201848,"Ebeling","Elvis"
465228,"Iwayama","Rosalie"
222514,"Kaminger","Moie"
424705,"Falster","Achilleas"
423688,"Rosiles","Roddy"
220778,"Aumann","Honesty"
23195,"Ertl","Mark"
403212,"Anily","Margareta"
435495,"Usdin","Theirry"
426662,"Isaak","Gino"
265204,"Peot","Rafail"
225676,"Mukaidono","Moriyoshi"
245429,"Gulla","Nimmagadda"
29122,"Melichar","Thodoros"
286715,"Linares","Moti"
39510,"Gips","Lucian"
260201,"Krider","Bernice"
402717,"Schmittgen","Badri"
257423,"Armand","Rimon"
294882,"Highland","Roded"
216025,"Sessa","Aiichiro"
93025,"Luby","Stein"
266977,"Tempesti","Shahab"
73891,"Rebaine","Rasikan"
19840,"Baig","Danil"
239333,"Pfau","Morris"
107533,"Siepmann","Dipayan"
14838,"Yurek","Inderjeet"
267295,"Fujisaki","Guiseppe"
101305,"Maginnis","Denis"
287680,"Rande","Youssef"
34804,"Raczkowsky","Debatosh"
462242,"Chepyzhov","Valdiodio"
284682,"Rabejac","Gad"
18859,"Murillo","Ekawit"
231173,"Erol","Flemming"
461415,"Welham","Mark"
454358,"Maquelin","Emdad"
79426,"Weedman","Lidong"
26639,"Weiland","Guadalupe"
248979,"Pezzoli","Bezalel"
42706,"Aamodt","Khalid"
30546,"Oehlmann","Janalee"
243841,"Schaaf","Franziska"
97626,"Famili","Lijia"
454802,"McAlpine","JoAnne"
229733,"Maquelin","Sariel"
39077,"Erdmenger","Luisa"
418674,"Bauknecht","Aloys"
251408,"Reghbati","Gro"
291866,"Begiun","Nevio"
60496,"Remmers","Sachio"
471453,"Raczkowsky","Masato"
407664,"Lanphier","Shaleah"
107918,"Rajala","Ronghao"
53633,"Heinisuo","Masadi"
468299,"Narahari","Duro"
84147,"Koshiba","Huan"
70011,"Oppitz","Suzette"
292369,"Shumilov","Neelam"
226477,"Butterworth","Juichirou"
443733,"Welham","Volkmar"
238063,"Barriga","Reuven"
425917,"Marquardt","Berto"
218032,"Herber","Steve"
213258,"Carrere","Kersti"
211619,"Bamford","Mantis"
56137,"Ellozy","Stepehn"
32929,"Picci","Zeljko"
421059,"Picci","Wuxu"
31287,"Shrader","Dmitry"
470027,"Puppe","Bartek"
403670,"Sullins","Zengping"
238387,"Mateescu","Navin"
207580,"Harbusch","Parto"
71936,"Aamodt","Kish"
17185,"Wilfing","Danai"
434053,"Rosay","Qunsheng"
95134,"Honglei","Hsiangchu"
458635,"Hofting","Gaurav"
225668,"Nyrup","Mingzeng"
65276,"Suermann","Jiakeng"
64324,"Bellmore","Bedir"
455547,"Gilg","Marjo"
219057,"Rajaraman","Chanjung"
215257,"Miculan","Mariangiola"
414260,"Kuhnemann","Sedat"
83670,"Merro","Hidefumi"
220097,"Vrecion","Jaewon"
19911,"Fabrizio","Siamak"
454138,"Kossowski","George"
456067,"Conia","Pradeep"
468513,"Khasidashvili","Berry"
96110,"Asrin","Chuanti"
275739,"Snyers","Patricio"
406354,"Anguita","Halsur"
51982,"Baumann","Navid"
447346,"Conta","Zine"
208049,"Hedayat","Miomir"
225580,"Coullard","Uno"
101869,"Siprelle","Zhanqiu"
465633,"Schusler","Uta"
215150,"Marrakchi","Yuriy"
289030,"Socorro","Quingbo"
411449,"Wallrath","Rimli"
294805,"Flexer","Vishu"
250233,"Zhiwei","Augustine"
10256,"Radhakrishnan","Irene"
445244,"Murillo","Yechezkel"
44686,"Thorelli","Arnould"
238767,"Litvinov","Baziley"
225120,"Crabtree","Gennadi"
438012,"Lambe","Yongdong"
48573,"Trelles","Wojceich"
444574,"Hanabata","Baziley"
260328,"Thorelli","Lansing"
231219,"Plavsic","Remzi"
103369,"Mundy","Xuejia"
269966,"Vadhan","Arra"
21266,"Ozeki","Vitali"
467633,"Pelc","Qiwen"
287952,"Oehlmann","Siddarth"
68061,"Smailagic","Divine"
479708,"Dayana","Hilary"
423110,"Angiulli","Jaroslava"
250174,"dAstous","Huai"
226172,"Kowalchuk","Toshiko"
211703,"Mattern","Mart"
107434,"Leaver","Pranas"
58091,"Erbe","Reuven"
234292,"Speer","Khue"
226219,"Kobara","Mitsuyuki"
17998,"Benzaken","Arumugam"
72105,"Baik","Quingbo"
272785,"Stafford","Sanjoy"
29045,"Dayang","Keung"
455965,"Rajcani","Masaki"
244485,"Capobianchi","Anneli"
244236,"Weisert","Reinhard"
431022,"Improta","Randy"
277152,"Swick","Minghong"
279001,"Peres","Jasminko"
240183,"Usery","Yakichi"
108006,"Legleitner","Hideyuki"
261144,"Calkin","Shigeichiro"
104433,"Peot","Mari"
434939,"Rohrbach","Elzbieta"
14957,"Munke","Turgut"
249502,"Kilgour","Nevin"
460087,"Waschkowski","Moon"
449745,"Imataki","Jeong"
431536,"Panangaden","Phillip"
100178,"Broomell","Haldun"
411049,"Waterhouse","Mihalis"
16641,"Driscoll","Yurii"
85234,"Rahimi","Boutros"
39964,"Dratva","Almudena"
32823,"Menhoudj","Mingzeng"
56097,"Ranft","Kamakshi"
443191,"Poujol","Theron"
471723,"Ramaiah","Fay"
451873,"Maginnis","Sreenivas"
446587,"Coney","Goncalo"
15313,"Baig","Martijn"
262957,"Tempesti","Shushma"
238383,"Hedayat","Shai"
64082,"Comte","Chikako"
426512,"Stavenow","Lena"
203489,"Breugel","Kwangsub"
299052,"Speer","Demos"
465585,"Gelosh","Margareta"
11237,"Salinas","Brendon"
237158,"Hertweck","Shaowei"
78011,"Petersohn","Masoud"
400869,"Huxford","Kwangsub"
280976,"Awdeh","Greger"
272199,"Ghemri","Jayson"
405542,"Makrucki","Zissis"
455275,"Camarinopoulos","Halsur"
275787,"Vieth","Juyoung"
473431,"Cools","Achilleas"
475213,"Antonakopoulos","Sergi"
407541,"Petereit","Ung"
252291,"Rikino","Eldridge"
25754,"Delgrande","Arun"
222135,"Stavenow","Leandro"
54014,"Kenevan","Neelam"
422354,"Bach","Tadahiko"
81644,"Ghandeharizadeh","Divine"
31443,"Panienski","Lena"
470466,"Yetto","Ger"
18345,"Greenaway","Feiyu"
465857,"Peron","Nahla"
71235,"Jording","Kristof"
28788,"Stenning","Rafols"
469061,"Shobatake","Xumin"
62646,"Honiden","Vasilis"
89265,"Gopalakrishnan","Munir"
481384,"Highland","Xiaoheng"
246219,"Peng","Djelloul"
74750,"Alencar","Tsutomu"
105369,"Cooke","Augustine"
53732,"Krohn","Kwangsub"
454279,"Gewali","Yefim"
268460,"Broder","Constantino"
223769,"Constantine","Gilbert"
108975,"Heping","Roded"
24761,"Bierbaum","Goh"
27912,"Worfolk","Domenick"
446805,"Iwayama","Haldon"
428598,"Eiron","Gianluca"
443004,"Gill","Mariangiola"
435571,"Fioravanti","Marlo"
232324,"Yeung","Hidefumi"
51268,"Selenyi","Berhard"
445782,"Delaune","Kersti"
230383,"Piancastelli","Goo"
404510,"Shanbhogue","Bodh"
292481,"Otillio","Garnet"
64529,"Garnham","Gil"
231948,"Driscoll","Zhilian"
275340,"Breugel","Jiann"
18001,"Peral","Odoardo"
402770,"Thorensen","Aemilian"
424816,"Hitomi","Premal"
429281,"Erdmenger","Gen"
216903,"Middleton","Ennio"
266359,"Lindqvist","Billur"
428591,"Bernatsky","Heekeun"
451444,"Wixon","Mitsuyuki"
81214,"Redmiles","Baziley"
422366,"Molberg","Douadi"
403436,"Diderrich","Guenter"
217210,"Thummel","Hidde"
470862,"Trogemann","Muneo"
455723,"Jullig","Tze"
447991,"Orlowski","Fumitaka"
440856,"Servi","Masako"
282321,"Erez","Tomokazu"
45347,"Langford","Caolyn"
292520,"Coney","Naraig"
215320,"Zeidenstein","Yonghong"
455634,"Sooriamurthi","Kwangho"
226960,"Pollacia","Arve"
414427,"Itzigehl","Huai"
284836,"Hofting","Mokhtar"
402538,"Holburn","Yishay"
263955,"Chinin","Rance"
239938,"Rissanen","Pascal"
22330,"Verhaegen","Oksana"
274058,"Siegrist","Sachin"
79328,"Schlegelmilch","Foong"
222029,"Alpay","Sreenivas"
469600,"Conry","Mircea"
39795,"Bennis","Toong"
72594,"Figueira","Yechezkel"
275617,"Barbanera","Khalid"
93221,"McDermid","Sanjit"
19210,"Mondadori","Huican"
243508,"Sinitsyn","Dhritiman"
291911,"Heuser","Valeska"
426117,"Herath","Jaques"
27282,"Bahi","Xiaobin"
24406,"Bernatsky","Mang"
272493,"Ratnaker","Kerryn"
474319,"Mitsuhashi","Mary"
259954,"Pelz","Heejo"
219523,"Alpay","Jaques"
430116,"Spataro","Masoud"
104520,"Neimat","Vishv"
202937,"Schlegelmilch","Heejo"
48970,"Collette","Kazuhito"
432648,"Picel","Yongqiao"
480632,"Bahl","Reinhard"
289620,"Rousseau","Atreyi"
464939,"Eugenio","Woody"
12955,"England","Eckart"
474506,"Rouquie","Willard"
470158,"Ramaiah","Danel"
299162,"Georgakopoulos","Rutger"
219696,"Levasseur","Gad"
39963,"Sichman","Seshu"
49405,"Birge","Gila"
423588,"Guardalben","Narain"
41959,"Middleton","Fumiyo"
295822,"Sommer","Garnik"
436892,"Comyn","Weiye"
246891,"Bierman","Muzhong"
203722,"Hoppenstand","Sushant"
249711,"Zambonelli","Georg"
450606,"Trystram","Phillip"
28427,"Melton","Kenton"
481146,"Ramras","Marek"
409039,"Smeets","Sergi"
297997,"Gewali","Remco"
471695,"Parhami","Khedija"
36891,"Plump","Gregory"
410417,"Backhouse","Toshiko"
94250,"Falby","Jianhao"
284878,"Ventosa","Claude"
46779,"Zeleznik","Alselm"
273844,"Thiran","Mohan"
47240,"Theuretzbacher","Moni"
426596,"Conti","Fox"
254701,"Selenyi","Shin"
24030,"Stemann","Khue"
202310,"Perko","Krister"
100252,"Viele","Radoslaw"
453464,"Tokunaga","Ferdinand"
403469,"Poehlman","Moon"
438981,"Wuwongse","Pranjal"
73480,"Thisen","Valeska"
454266,"Osgood","Mahendra"
256693,"Sudbeck","Moni"
40749,"Conte","Georgi"
17994,"Msuda","Oscar"
93783,"Plumb","Kazuhito"
80311,"Yetim","Ortrun"
20770,"Serna","Anoosh"
243709,"Kenevan","Patricia"
56925,"Kilgore","Sverrir"
50875,"Skafidas","Marjo"
450740,"Brlek","Mario"
239216,"Otillio","Uno"
209908,"Porenta","Yoshimitsu"
424585,"Sewelson","Shay"
442362,"Alpin","Hailing"
245916,"Schoegge","Masoud"
15896,"Trachtenberg","Baruch"
38739,"VanScheik","Bedrich"
451844,"Portugali","JoAnne"
26540,"Lagarias","Kwan"
12430,"Feldmann","Kristine"
402714,"Reutenauer","Halsur"
100513,"Walston","Kenroku"
67734,"Chelton","Tamiya"
52109,"Ariola","Basant"
235888,"Baak","Phuoc"
99708,"Maraist","Niranjan"
428875,"Murtha","Pintsang"
207167,"Genin","Mohd"
27887,"Skogmar","Shigeichiro"
473561,"Copas","Shim"
299629,"Shiratori","Filipe"
52538,"Thebaut","Garnet"
47819,"Seuren","Adib"
37604,"McClure","Hugh"
466225,"Sinicrope","Huiqun"
462802,"Sundgren","Shawna"
477580,"Guerreiro","Nikolaos"
259073,"Barriga","Ortrud"
468066,"Mateescu","Jixiang"
240582,"Ertl","Lihong"
74250,"Liesche","Marin"
22140,"Reghbati","Susanne"
404743,"Undy","Babette"
408348,"Zeilberger","Syozo"
248762,"Picel","Adel"
251111,"Openshaw","Poornachandra"
259116,"Lunt","Eckart"
230543,"Crouzet","Debatosh"
261905,"Spinelli","Dzung"
277853,"Bale","Manibrata"
52202,"Openshaw","Honesty"
250464,"Gimbel","Florian"
266392,"Hardjono","Lorien"
100406,"Coors","Yoshinari"
219962,"Gill","Goncalo"
102812,"Scallan","Chinhyun"
20254,"Krupka","Dinah"
426414,"Hanabata","Ger"
452359,"Birrer","Halsur"
439791,"Shackell","Deniz"
480100,"Goldhammer","Goa"
33952,"DasSarma","Jaideep"
459407,"Percebois","Gift"
63829,"Honglei","Masadi"
432604,"Billawala","Kousuke"
407212,"Danecki","Surveyors"
439577,"Schlumberger","Yannik"
431480,"Christ","Zhigen"
81864,"Henders","Chaitali"
299436,"Pettit","Syozo"
410056,"Bazzichi","Claude"
108580,"Andreotta","Tiina"
251282,"Stemann","Kristin"
248643,"Pepe","Domenick"
222576,"Munawer","Gunilla"
81240,"Piveteau","Martijn"
471900,"Itschner","Goa"
247030,"Munawer","Vasiliy"
456811,"Tsunoo","Masaru"
298138,"Bauknecht","Reinhold"
442817,"Matzat","Tianruo"
67162,"Hutton","Kazunori"
225748,"Fendler","Bader"
87046,"Woycyznski","Nikolaus"
81944,"Valtorta","Matk"
203333,"Pehl","Vojin"
46461,"Perl","Aloys"
30673,"Ozeki","Berry"
23856,"Lamba","Lena"
98943,"Negoita","Cordelia"
44918,"Perko","Shuzo"
430140,"Montemayor","Pragnesh"
106966,"Ozeri","Frazer"
293271,"Perly","Uri"
41420,"Domenig","IEEE"
269515,"Nergos","Bernd"
92792,"Iacovou","Mostafa"
476680,"Dusink","Martins"
77934,"Lubachevsky","Urs"
229227,"Jullig","Piyush"
202907,"Soloway","Jianhui"
103546,"Msuda","Fumiyo"
19889,"Reinhard","Hongzue"
60005,"Muhling","Bikash"
27913,"Fontan","Vojin"
460502,"Gente","Kristina"
265838,"Basart","Fumiya"
401924,"Harbusch","Xiaoheng"
212573,"Solovay","Kasidit"
262072,"Remmers","Tomoyuki"
417921,"Koblick","Shahab"
27157,"Eppinger","Arnould"
257410,"Cannard","Zdislav"
100590,"Penz","Shahid"
62269,"McClurg","Mori"
264373,"Rajaraman","Utz"
443128,"Fritzsche","Nectarios"
109376,"Smeets","Guozhong"
400100,"Callaway","Gilbert"
461345,"Polajnar","Hilari"
232402,"Krupka","DAIDA"
60253,"Szilard","Hinrich"
37674,"Sinitsyn","Vitali"
479570,"Koprowski","Cathie"
79166,"Flanders","Morris"
273401,"Encarnacion","Herb"
81618,"Leppanen","Pantung"
477773,"Boudaillier","Bernt"
401157,"Sewelson","Zhanqiu"
215118,"Furedi","Anneli"
97513,"Lanzelotte","Kazunori"
280481,"Kirkerud","Shigehiro"
246385,"Bratsberg","Abdulah"
424296,"Steinauer","Yakkov"
242896,"Makinen","Neelam"
99147,"Lukaszewicz","Shaowei"
258356,"Porotnikoff","Mikhail"
400163,"Hiltgen","Arnd"
442954,"Pietrzykowski","Shawna"
67690,"Braunschweig","Zhiwei"
95322,"Demizu","Remzi"
55064,"Wroclawski","Ziyad"
79883,"Baak","Surveyors"
80437,"Peroz","Irena"
98426,"Munch","Chuanyi"
255081,"Harllee","Shridhar"
250733,"Demian","Matk"
230317,"Tanemo","Hairong"
94319,"Chelton","Yifei"
451739,"McDermid","Lakshmi"
425675,"Schlenzig","Toshiko"
403465,"Curless","Supot"
208330,"Flanders","Shen"
52844,"Grospietsch","Frazer"
51323,"Stanger","Yannis"
35937,"Plesums","Luise"
93031,"Kakkar","Supot"
413181,"Doering","Mani"
224438,"Luiz","Matk"
22184,"Eppinger","Chaosheng"
38848,"Fetvedt","Shalesh"
29291,"Emiris","Guiseppe"
428466,"Olano","Jianhua"
31011,"Flasterstein","Anneli"
476175,"Gini","Prodip"
215948,"Matzat","Sedat"
432363,"Bael","Xiahua"
104715,"Imataki","Shalesh"
29027,"Stasinski","Arnould"
292066,"Cronin","Tadanori"
444446,"Vural","Luerbio"
35019,"Chaudhuri","Conal"
435395,"Katiyar","Rildo"
273865,"Lorch","Manohar"
87852,"Pokrovskii","Nikolaos"
38036,"Schwartzbauer","Subhada"
29703,"Pehl","Ulf"
256101,"Hiltgen","Ingmar"
214212,"Eastman","Gift"
81353,"Krohm","Jixiang"
80558,"Birjandi","Younwoo"
269405,"Vanwelkenhuysen","Lucian"
269622,"Choobineh","Tran"
243047,"Tzvieli","Tristan"
420657,"Toyoshima","Dulce"
105883,"Byoun","Constantine"
240520,"Riexinger","Raimond"
480293,"Krybus","Guozhong"
69099,"Thambidurai","Yolla"
469153,"Masaki","Gad"
422975,"Bakhtari","Mircea"
226959,"Murthy","Ramachenga"
442839,"DiGiano","Keiichiro"
402814,"Trystram","Manu"
413208,"Reinhard","Conal"
237003,"Kropp","Masaru"
24522,"Hopewell","Shunichi"
290017,"Lukaszewicz","Filipe"
455204,"Conte","Eckart"
284282,"Huxford","Hidekazu"
450221,"Meriste","Marko"
400925,"Comyn","Doowon"
218646,"McFarlan","Etsuo"
92447,"Gini","Kamakshi"
436374,"Masamoto","Uriel"
213426,"Lenart","Demin"
250204,"Krzyzanowski","Dannz"
278203,"Swist","Yolla"
229315,"Scallan","Toney"
212396,"Eastman","Miyeon"
47978,"Whitcomb","Xiahua"
33092,"Tanemo","Guenter"
30559,"Neimat","Moss"
411828,"Senzako","Flemming"
219092,"Goldhammer","Moss"
246348,"Wolniewicz","Subhrajyoti"
90217,"Dratva","Chuanti"
411863,"Dratva","Eberhardt"
35334,"Vidal","Manton"
91195,"Luders","Mayuko"
15680,"Plavsic","Bernardo"
435271,"Gomatam","Aluzio"
425592,"Fadgyas","Sverrir"
402073,"Camurati","Moss"
233082,"Candan","Eben"
406884,"Peltason","Xiping"
259471,"Baek","Owen"
24967,"Birta","Kwok"
287664,"Clemencon","Guther"
283637,"Vitiello","Martijn"
413673,"Munoz","Keiichiro"
233565,"Krzyzanowski","Shigeichiro"
13544,"Sullins","Beshir"
212048,"Plump","Vishv"
480922,"Burnard","Fumitake"
283790,"Iacovou","Boalin"
260574,"Mundy","Hitomi"
234509,"Peron","Maia"
254862,"Zhiwei","Stevo"
89945,"Kopetz","Sahrah"
476773,"Miara","Mari"
242839,"Stentiford","Sakthirel"
36550,"Schwaller","Kensyu"
44518,"Docker","Deniz"
423656,"Whitcomb","Huai"
235641,"Haraldson","Billie"
453294,"Murthy","Stafford"
461182,"Gaughan","Palash"
275392,"Wroclawski","Zhiwei"
62577,"Bardell","Bilhanan"
260563,"Vrecion","Tonny"
475778,"Pietracaprina","Isaac"
445199,"Piveteau","Ekawit"
55927,"Koyama","Yucai"
435370,"Basart","Conal"
220628,"Beznosov","Jaewoo"
435461,"Stavenow","Vishu"
280559,"Hemaspaandra","Moss"
425088,"Zirintsis","Uri"
64398,"Perna","Nectarios"
97305,"Schnabel","Muneo"
466025,"Cesareni","Yuguang"
103420,"Quaggetto","Cheong"
48552,"Kugler","Pranay"
271764,"Staylopatis","Masanao"
66515,"Verspoor","Shaunak"
88080,"Heuser","Mack"
82217,"Krybus","Aloys"
413794,"Katzenelson","Shunichi"
255435,"Wursthorn","Arunachalam"
19822,"Fiutem","Zijian"
403763,"Benaini","Seshu"
45862,"Pietrzykowski","Saniya"
294089,"Fabrizio","Susuma"
287547,"Schapiro","Danae"
48302,"Beetstra","Shen"
421454,"Ferretti","Geoff"
106877,"Hemaspaandra","Temple"
201403,"Kandlur","Arno"
66555,"Zuberek","Yuguang"
468079,"Luca","Kendra"
103857,"Pramanik","Marla"
433546,"Huhdanpaa","Jaideep"
405833,"Kampfer","Sudhanshu"
211651,"Kruskal","Gad"
37491,"Bojadziev","Douadi"
479083,"Belinskaya","Boriana"
248739,"Swan","Krisda"
286536,"Shimshoni","Zhiwei"
450784,"Fasbender","Zhenbing"
410058,"Deyuan","Bodh"
206987,"Radwan","Oldrich"
246005,"Hanratty","Marke"
28350,"Heusch","Theron"
231121,"Passafiume","Mabo"
207542,"Garrabrants","Sanjay"
85652,"Flowers","Takahira"
11717,"Chaudhury","Mona"
96779,"Mapelli","Gladys"
231595,"Schwartzbauer","Jenwei"
17810,"Rousseau","Dinah"
276252,"Trachtenberg","Chinho"
67840,"Monarch","Randy"
286254,"Lalonde","Ipke"
36328,"Luff","Nahid"
408822,"Farrag","Baziley"
477075,"Luca","Basil"
269645,"Conta","Lijia"
85350,"Rebaine","Phuoc"
72702,"Peek","Chinhyun"
249751,"Reutenauer","Vishwani"
202469,"Schaad","Siamak"
105724,"Spataro","Tzvetan"
30931,"Limongiello","Jongsuk"
441504,"Gulak","Abdulah"
273385,"Angelopoulos","Arumugam"
468929,"Yetim","JoAnna"
285717,"Hiroyama","Randy"
455807,"Rosen","Miomir"
224789,"Lalonde","Huican"
83544,"Baak","Leaf"
422698,"Maraist","Lobel"
203908,"Merey","Moriyoshi"
206408,"Nishimukai","Radhika"
414140,"Vickson","Leucio"
416026,"Molenaar","Inderjeet"
277926,"Solovay","Shaunak"
27315,"Lemarechal","Tze"
451558,"Tsukune","Rance"
230519,"Avouris","Masato"
454317,"Veldwijk","Jianwen"
294692,"Lakshmanan","Marie"
247293,"Gils","Marsja"
416562,"Majewski","Torsten"
78273,"Verhoeff","Mona"
480866,"Ranon","Takahiro"
101082,"Ellozy","Geoffrey"
277138,"Samarati","Maja"
81168,"Braccini","Shigehiro"
445585,"Waymire","Takahira"
424147,"Casley","Dhritiman"
417837,"Renear","Kristian"
409234,"Selvestrel","Alper"
259822,"Olano","Wonhee"
433339,"Pintelas","Tonny"
456186,"Rodier","Eran"
450233,"Manders","Chuanyi"
274446,"Albarhamtoshy","Saeed"
208810,"Steenbeek","Eldridge"
200132,"Weisert","Seongbin"
448001,"Reutenauer","Kellie"
259538,"Impagliazzo","Sreekrishna"
449931,"Buescher","Byong"
417957,"Tibblin","Ennio"
265550,"Bottner","Fun"
79555,"Schieder","Moon"
208633,"Eldridge","Abdelaziz"
288400,"Haraldson","Arvin"
267076,"Litecky","Hideyuki"
443676,"Gide","Masasuke"
442155,"Gubsky","Luisa"
54838,"Hainaut","Arvin"
267374,"Genther","Maia"
283171,"Blokdijk","Kiyokazu"
24190,"Porenta","Fumino"
444258,"Stassinopoulos","Doowon"
78602,"Masamoto","Steve"
427093,"Schlumberger","Georgy"
242483,"Guenter","Zhonghua"
239342,"Klyachko","Kolar"
294252,"Bardell","Elrique"
259326,"Perly","Sachar"
471476,"Mundy","Chinya"
408665,"Tramer","Val"
207974,"Speckmann","Khedija"
446199,"Cronan","Kitty"
232933,"Solovay","Keung"
40252,"Gurbaxani","Hauke"
422310,"Baby","Mircea"
97723,"Mapelli","Gou"
257455,"Dratva","Maris"
438783,"Schmiedel","Seongbin"
231410,"Sidou","Persi"
74098,"Picci","Shounak"
207264,"Bamford","Gino"
39664,"Snyers","Aksel"
203792,"Mahmud","Hatim"
294657,"Selenyi","Vugranam"
48286,"Ranum","Roded"
14685,"Kawashimo","Deborah"
408157,"Boreale","Mohit"
232747,"Matheson","Nathalie"
481252,"Steenbeek","Aluzio"
437209,"Pero","Nishit"
288353,"Decleir","Khalid"
422683,"Hitomi","Ronnie"
401274,"Bisiani","Dharmaraja"
215721,"Sanella","Nathalie"
260121,"Collavizza","Dannz"
443210,"Dusink","Kazunori"
85866,"Baek","Dinkar"
213079,"Cmelik","Jayesh"
86425,"Morris","Shigeu"
405799,"Krohm","Lobel"
270221,"Brobst","Gennady"
202223,"Waschkowski","Marit"
232202,"Iisaka","Ulises"
404363,"Schapire","Youssef"
28679,"Beerel","Janalee"
468322,"Denny","Xiaopeng"
460133,"Bojadziev","Weicheng"
81962,"Bernardeschi","Turgut"
467123,"Jakobus","Avishai"
77706,"Nitsch","Yinlin"
466869,"Magalhaes","Flemming"
236013,"Passino","Heather"
102259,"Baja","Olivera"
17266,"Velardi","Conrado"
459866,"Zeilberger","Aron"
260357,"Renear","Jamaludin"
76711,"Kropatsch","Dietrich"
34884,"Cannard","Felicidad"
459680,"Percebois","Maia"
245556,"Jayawardene","Kitty"
65564,"Zizka","Yuqun"
19716,"Laurillard","Dines"
25581,"Pileggi","Michaela"
402236,"Copas","Ewing"
213071,"Demian","Jacqueline"
208435,"Toyoshima","Arfst"
421336,"Aloisi","Gretta"
454470,"Bellmore","Filipe"
433043,"Murthy","Subhada"
271555,"Yurov","Aamer"
253629,"Kriebel","Quingbo"
50641,"McAlpine","Salvador"
276689,"Cochrane","Doohun"
30713,"Chepyzhov","Chriss"
27940,"Jumpertz","Berhard"
437954,"Sinitsyn","Mong"
283011,"Eickenmeyer","Kaijung"
432490,"Levasseur","Guther"
205122,"Byoun","Oguz"
95299,"Vilarrasa","Barry"
252199,"Cannard","Ute"
222096,"Siksek","Mats"
281444,"Stassinopoulos","Theron"
90245,"Goldhammer","Maren"
60530,"Roccetti","Lenore"
440701,"Oehlmann","Youssef"
241956,"Alpin","Arch"
26249,"Peyn","Pascal"
292662,"Juneja","Weiru"
33779,"Stasinski","Adin"
207269,"Leslie","Shuzo"
279404,"Litvinov","Gladys"
279140,"Esposito","Sahrah"
71317,"Pouyioutas","Anneli"
473439,"Sethi","Kristina"
266049,"Delaune","Odysseas"
60240,"Chleq","Morrie"
462843,"Rindone","Chiradeep"
36370,"Rettelbach","Branimir"
265629,"Thorensen","Duangkaew"
249411,"Gulik","Kwan"
247699,"Sewelson","Arvind"
218446,"Lenart","Ferdinand"
458040,"Andreotta","JiYoung"
268773,"Erbe","Uinam"
206145,"Luan","Ottavia"
455720,"Bratten","Dayanand"
104402,"Molenaar","Gonzalo"
216475,"Cichocki","Mabo"
28682,"Garnier","Martina"
244122,"Buescher","Kensei"
97403,"Ducloy","JiYoung"
256621,"Hainaut","Tokuyasu"
284463,"Lorho","Sajjan"
265455,"Paciorek","Hitofumi"
436104,"Nyanchama","Pintsang"
78334,"Schade","Saniya"
444050,"Zaumen","Dinah"
404532,"Linnainmaa","Zsolt"
207582,"Langford","Giri"
299805,"Piveteau","Geoffry"
435001,"Niizuma","Aiichiro"
412156,"Swan","Bikash"
273311,"Garnier","Domenico"
33153,"Deyuan","Christoph"
15381,"Jervis","Berna"
448124,"Roohalamini","Hongzhu"
430739,"Ligten","Hideyuki"
290788,"Lundstrom","Weijing"
265638,"Yurek","Sanjeeva"
447845,"Kavvadias","Gritta"
417569,"Cromarty","Oguz"
474706,"Honglei","Branimir"
100983,"Gini","Subbu"
474251,"Brobst","Maik"
470919,"Koblick","Gill"
421015,"Kavanagh","Berto"
49515,"Schmiedel","Feipei"
418422,"Knightly","Paraskevi"
216627,"Varman","Huai"
282311,"Sidou","Horward"
219218,"Hutton","Margareta"
463887,"Verhoeff","Gay"
442497,"Fioravanti","Youssef"
288059,"Kabayashi","Leni"
406293,"Gurbaxani","Rosita"
51048,"Bresenham","Nectarios"
458265,"Norsworthy","Adhemar"
232508,"Brickell","Kankanahalli"
454299,"Terkki","Roselyn"
106060,"Underwood","Remko"
70279,"Stanger","Fox"
476711,"Onuegbe","Yakkov"
413463,"Knightly","Shunichi"
106998,"Hofman","Aiman"
80151,"Swen","Willard"
231681,"Vrecion","Conrado"
235156,"Ligten","Conrado"
68208,"Murrill","Sajjan"
106992,"Denis","Nathan"
29587,"Kushner","Maren"
285885,"Llado","Mahmut"
19987,"Ranon","Margareta"
298994,"Peek","Juyoung"
109654,"Alencar","Masako"
89324,"Jiafu","Demin"
93699,"Basawa","Chriss"
262352,"Reistad","Seongbae"
94584,"Cyne","Behnaam"
454366,"Ranta","Shigeichiro"
210890,"Masaki","Xiaobin"
260995,"Hagimont","Martijn"
406523,"Bednarek","Florina"
68379,"Senzako","Jaideep"
260871,"Munch","Pranay"
45049,"Constantine","Eberhardt"
287040,"Conry","Halsur"
256069,"Billawala","Uzi"
70436,"Siepmann","Goa"
433153,"Ramras","Tadahiko"
24876,"Budinsky","Almudena"
412102,"Gerlach","Nadjib"
41693,"Gire","Kerryn"
446370,"Sewelson","Bedrich"
228548,"Mundy","Khosrow"
421307,"Jansen","Baruch"
102657,"Smeets","Eben"
17456,"Taneja","Peer"
291839,"Undy","Arch"
38986,"Ramras","Dinah"
241896,"Cromarty","Duri"
476930,"Talmor","Adas"
203088,"Braunschweig","Hairong"
298561,"Cooke","Val"
292979,"Janetzko","Zhaofang"
293310,"Nyanchama","Chandrasekaran"
457819,"Zaumen","Joydip"
274699,"Munoz","Changho"
53555,"Alpay","Elgin"
481035,"Melton","Mohit"
27223,"Delgrossi","Noritoshi"
233610,"Litzler","Mabo"
287122,"Gruenwald","Nahum"
220547,"Cincotta","Vishu"
207562,"Puppo","Susanna"
27365,"Morris","Mang"
62736,"Kitai","Georgi"
15268,"Fujisawa","Bernardo"
423836,"Birjandi","Jiakeng"
282544,"Dulli","Bedir"
274786,"Panwar","Vasiliy"
59122,"Ossenbruggen","Margareta"
414307,"Khasidashvili","Zhensheng"
265480,"Biros","Nahla"
231663,"Munke","Sanjai"
419821,"Anger","Stella"
415719,"Syrzycki","Tze"
266639,"Tchuente","Florina"
406579,"Stafford","Ingemar"
270749,"Ginesta","Toshimo"
434816,"Chaudhuri","Halsur"
236213,"Munoz","Hongzhu"
221225,"Cardazo","Yuichiro"
62051,"Baaleh","Marin"
209906,"Fadgyas","Joydip"
285445,"Perz","Boaz"
243163,"Kawashima","Owen"
102916,"Bauknecht","Atilio"
247614,"Gronowski","Teruyuki"
474416,"Yamaashi","Tooru"
227149,"Eastman","Karlis"
208226,"Gerlach","Samphel"
426155,"Journel","Shao"
215504,"Miake","Aram"
222543,"Ossenbruggen","Ebbe"
19855,"Lemarechal","Masali"
34271,"Alpin","Insup"
446978,"Nollmann","Hyuckchul"
35985,"Fujisawa","Kinh"
431620,"Sewelson","Marc"
213222,"Bisiani","Jovan"
215545,"Honglei","Mayuri"
224000,"Kowalchuk","Christfried"
476529,"Ambroszkiewicz","Kiyotoshi"
467077,"Chorvat","Tayeb"
220758,"Schapire","Chiradeep"
64231,"Hiraishi","Baoqiu"
200696,"Kamble","Sachio"
68797,"Oberman","Gunilla"
56038,"Murthy","Herbert"
410129,"Ranst","Goetz"
445912,"Vecchi","Yurii"
255212,"Basawa","Duri"
42771,"Sundgren","Kwee"
445430,"Jarecki","Giao"
215868,"Jumpertz","Ramya"
292334,"Samarati","Kasturi"
63485,"Gaughan","Xiaoqiu"
218739,"Vadhan","Dannz"
17909,"Verspoor","Ishfaq"
237504,"Cappello","Howell"
200941,"Rassart","Pascal"
86207,"Weedman","Piyush"
460356,"Larfeldt","Uma"
415455,"Rosiles","Kiyomitsu"
37765,"Erdi","Kazuhiro"
417283,"Birnbaum","Yoshimitsu"
105645,"Lammel","Mayuko"
409722,"Roison","Vidya"
469293,"Koyama","Phule"
264056,"Quaggetto","Teunis"
66090,"Kakkad","Maja"
460426,"Terekhov","Domenico"
203829,"Luan","Shugo"
68021,"Lamma","Yechezkel"
452908,"Genther","Sreenivas"
41803,"Straney","Kankanahalli"
453055,"Flowers","Kazuhiko"
282374,"Lalonde","Sachin"
230744,"Middleton","Shushma"
103917,"Docker","Mingdong"
72796,"Matzat","Susanta"
456482,"Luiz","Stevo"
62778,"Dratva","Hidefumi"
475960,"Meriste","Indrajit"
255849,"Nollmann","Khun"
69513,"Serre","Yoshinari"
11288,"Eastman","Domenico"
27713,"Azadmanesh","Demin"
472760,"Litzkow","Gaetan"
52071,"Milicic","Xianlong"
254817,"Terkki","Lobel"
233724,"Douceur","Marco"
466351,"Diderrich","Manohar"
435187,"Takkinen","Guiseppe"
426440,"Wuwongse","Danco"
22727,"Gerlach","Mori"
242043,"Denos","Owen"
274169,"Fasbender","Palash"
14443,"Barriga","Kinh"
32482,"Marchegay","Mamdouh"
450370,"Usery","Elrique"
224698,"Shimshoni","Reinhold"
17064,"Harnett","Domenick"
98512,"Cyne","Yefim"
52593,"Lichtman","Shridhar"
477423,"Verhaegen","Jovan"
441612,"Vural","Hugo"
270145,"Pell","Brigham"
462192,"Conte","Lubomir"
261315,"Schrift","Katsuo"
237354,"Kading","Flemming"
258854,"Luff","Valeri"
68781,"Pargas","Shigeaki"
236542,"Michaeli","Jackson"
269202,"Rahier","Jagoda"
268041,"Zastre","Munehiko"
245324,"Gulak","Phuoc"
67367,"Birch","Karlis"
451440,"Gulak","Yucai"
286069,"Emden","Oscar"
254430,"Zedlitz","Yinghua"
77396,"Ohori","Spyrose"
50356,"Knightly","Guoxiang"
259042,"Farrow","Xiaoqiang"
33852,"Prochazka","Marek"
461220,"Perelgut","Alassane"
407804,"Wallrath","Gopalakrishnan"
432547,"Waeselynck","Gretta"
285313,"Cardazo","Indrajit"
43650,"Badache","Nahla"
422086,"Yemenis","Malu"
103867,"Masada","Laurentiu"
264252,"Alameldin","Lokesh"
106990,"Nations","Eckart"
63588,"Curless","Pintsang"
444671,"Nations","Przemyslawa"
211534,"Cardazo","Jianhua"
37882,"Mellouli","Alexius"
401616,"Pappas","Chriss"
413047,"Irland","Ingmar"
442023,"Baik","Gina"
468275,"Ushiama","Jianwen"
46442,"Lally","Marit"
41897,"Antonakopoulos","Steve"
428389,"Tibblin","Francesca"
93639,"Swan","Nahid"
267656,"Baranowski","Mana"
473784,"Kambil","Ortrun"
293579,"Cools","Armond"
466433,"Denna","Saeko"
460489,"Hammerschmidt","Gita"
299896,"Hellwagner","Muneo"
217550,"Fontan","Dinah"
89723,"Luby","Karlis"
288188,"Bakhtari","Kerhong"
38371,"Zolotykh","DAIDA"
422859,"Hasenauer","Jaihie"
442461,"Serot","Abdulah"
439709,"Ecklund","Slavian"
298840,"Hegner","Yagil"
36977,"Erev","Shigenori"
252581,"Luef","Rosine"
433756,"Asser","Manibrata"
47642,"Dalton","Sasan"
15474,"Plumb","Gilbert"
218566,"Flexer","Wonhee"
46049,"Verhaegen","Lubomir"
67947,"Cappello","Parke"
296890,"Preusig","Goetz"
445487,"Vasanthakumar","Margo"
259839,"McFarlin","Weidon"
203951,"Decaestecker","Gunilla"
250115,"Muhlberg","Rimon"
472502,"Billingsley","Vitaly"
427577,"Bugrara","Toshimori"
12054,"Braccini","Odysseas"
211400,"Loncour","Ymte"
30623,"Siepmann","Jaroslava"
252095,"Impagliazzo","Otilia"
50576,"Muchinsky","Debatosh"
251788,"Zaccaria","Masamitsu"
255559,"Feldmann","Dekang"
90597,"Redmiles","Surveyors"
86314,"Schade","Shai"
57322,"Nastansky","Ortrud"
210032,"Szemeredi","Jaber"
68086,"Hoppenstand","Aral"
99460,"Kuzuoka","Sakthirel"
101656,"Kornyak","Yaghout"
471973,"Anido","Divine"
442667,"Conte","Godehard"
89492,"Passino","Masanao"
433652,"Schlegelmilch","Jeanne"
250532,"Zongker","Masako"
13186,"Barbanera","Kyoichi"
231548,"Marciano","Arun"
102510,"Perelgut","Jayson"
437511,"Feldmann","Sariel"
218017,"Narlikar","Feipei"
18839,"Cichocki","Shaw"
71783,"Giaccio","Arun"
206943,"Swick","Jeanna"
229874,"Miara","Kousuke"
216831,"Heydon","Youpyo"
418268,"Sidhu","Adil"
285935,"Sherertz","Genevieve"
25239,"Trumbly","Oksana"
467719,"Reutenauer","Katsuo"
290165,"Emmerich","Dante"
33444,"Staelin","Guiseppe"
465909,"Kropatsch","Rafail"
107591,"Luit","Elvis"
456791,"Massonet","Taizo"
222563,"Angelov","Radhakrishnan"
61332,"Gide","Wayne"
272908,"Fioravanti","Toshimitsu"
69096,"Assaf","Shugo"
227459,"Schmiedel","Younwoo"
432718,"Cunliffe","Hirochika"
210193,"Rosenbaum","Lunjin"
289284,"Furudate","Guozhong"
272759,"Liedekerke","Christoph"
245300,"Thorelli","Georgi"
280198,"Llado","Apostol"
276649,"Sethi","Narain"
240276,"Marrevee","Maria"
44938,"Potthoff","Valdiodio"
423665,"Schade","Jiakeng"
283267,"Bernick","Oddvar"
269753,"Siochi","Akemi"
21509,"Rubsam","Udo"
217066,"Baumann","Niteen"
442749,"Rodiger","Gio"
260543,"Decleir","Hatsukazu"
73860,"Thimonier","Vatsa"
63664,"Schwaller","Tadahiko"
473059,"Socorro","Udo"
35472,"Talmon","Mountaz"
28734,"Heydon","Arvind"
470359,"Borovoy","Xinan"
281510,"Demian","Douadi"
258046,"Trystram","Maris"
435372,"Naumovich","Takahiro"
458467,"Christianini","Arvind"
427355,"Driscoll","Masadi"
250392,"Gelosh","Alenka"
14373,"Perry","Khosrow"
227227,"Peyn","Paraskevi"
27200,"Danecki","Ishfaq"
422618,"Serov","Rafael"
430187,"Qiwen","Tooru"
420204,"Tasistro","Rajmohan"
245882,"Rosiles","Vasilis"
87819,"Trelles","Geoffrey"
420363,"Garrabrants","Seongbae"
280377,"Kilgour","Golgen"
26616,"Rosch","Rosine"
406443,"Menhardt","Steve"
225429,"Gecsei","Arfst"
14550,"Kriebel","Mechthild"
412812,"Pews","Richard"
261970,"Chiola","Geoffrey"
468863,"Zucker","Weiye"
413496,"Acton","Naftaly"
45647,"Reinhart","Xudong"
476511,"Skrikant","Vatsa"
416804,"Cusworth","Toshimo"
20521,"Impagliazzo","Dulce"
32471,"Shumilov","Christoper"
293375,"Itzfeldt","Stella"
261279,"Sgarro","Ghassan"
238131,"Besselaar","Wojceich"
434099,"Kushner","Taizo"
450920,"Noriega","Udo"
81169,"Farris","Berni"
85980,"Marwedel","Khalil"
217724,"Pero","Gonzalo"
19284,"Trumbly","Morris"
459031,"Raoux","Kazuhiro"
34970,"Homond","Conor"
100244,"Solovay","Eishiro"
268301,"Krohm","Siamak"
414088,"Marakhovsky","Khun"
106133,"Heijenga","Guadalupe"
204250,"Grabner","Zita"
15404,"Sidhu","Insup"
235725,"Bernardeschi","Fan"
481801,"Birta","Giap"
436353,"Legleitner","Arlette"
99931,"Sluis","Ekawit"
14066,"Marrakchi","Gennadi"
201665,"Alencar","Troy"
401578,"Puoti","Mabhin"
287946,"Horswill","Irene"
205444,"Ashish","Aran"
240641,"Flanders","Yechezkel"
92677,"Salverda","TRUE"
286350,"Lindqvist","Marlo"
421360,"Kobara","Jahangir"
109462,"Shokrollahi","Rafols"
476107,"Thimonier","Rafail"
436589,"Frolund","Demin"
99691,"Papadias","Masasuke"
89325,"Kinley","Jessie"
48621,"Reghbati","Mircea"
299628,"Makrucki","Zhaofang"
293616,"Perfilyeva","Munir"
265976,"Kawashimo","Jacqueline"
466310,"Denti","Cathie"
217643,"Oxman","Guangming"
228554,"Brendel","Bilhanan"
233729,"Keohane","JiYoung"
260263,"Stassinopoulos","Taisook"
248353,"Genther","Aleksander"
436923,"Lodder","Idoia"
403904,"Khasidashvili","Feipei"
282840,"Scallan","Bedir"
257813,"Marakhovsky","Xinglin"
90986,"Penttonen","Jaana"
437111,"Wissmann","Changho"
66052,"Waleschkowski","Toney"
481137,"Swan","Margareta"
457516,"Heyers","Mohd"
428203,"Peir","Yifei"
286448,"Benzaken","Roselyn"
443139,"Fortenbacher","Ferdinand"
43574,"Tagansky","Marc"
33533,"Grabner","Nobuyoshi"
288016,"Kalorkoti","Behnaam"
28039,"Khasidashvili","Vishv"
251590,"Nitsch","Shigeichiro"
437372,"Takkinen","Youngkon"
275167,"Lorin","Krisda"
231457,"Ratnaker","Mads"
430832,"Farrag","Huican"
415197,"Nastansky","Lokesh"
104215,"Vadhan","Jordanka"
459852,"Baaleh","Debatosh"
209549,"Panangaden","Emdad"
444494,"Merle","Hugo"
290609,"Mellouli","Atilio"
91760,"Brandsma","Sanjiv"
200842,"Manders","Nishit"
23375,"Kugler","Pascal"
48137,"Delgrossi","Weiwu"
465445,"Nourani","IEEE"
298750,"Hockney","Maia"
261677,"Rosti","Jiafu"
226295,"Blokdijk","Phule"
107477,"Eppinger","Cullen"
276146,"Swick","Weiru"
222904,"Sury","Giri"
430751,"Srimani","Jaana"
28479,"Bondorf","Nahum"
445913,"Lampe","Sven"
108380,"Schmezko","Shounak"
471785,"Bierman","Siddarth"
14665,"Brlek","Honesty"
430356,"Peha","Mart"
258297,"Stenning","Lijie"
10273,"Lieblein","Baocai"
84201,"Demizu","Frederique"
42549,"Pell","Mitchel"
430825,"Zizka","Odysseas"
454819,"Holburn","Shakhar"
408277,"Baez","Bokyung"
43243,"Gladwell","Xiadong"
100476,"Baaleh","Val"
274127,"Linares","Zissis"
51451,"Chleq","Uriel"
257586,"Haumacher","Bernt"
470229,"Gien","Yoshinari"
21865,"Stiles","Lillian"
474140,"Morrow","Vishwani"
73348,"Schauser","Jeane"
431229,"Harbusch","Kokou"
417070,"Rusmann","Kendra"
242220,"Molenaar","Danel"
294326,"Kermarrec","Dmitri"
255117,"Bouloucos","Tamiya"
238170,"Baba","Fay"
96082,"Zockler","Maia"
424739,"Undy","Maja"
62919,"Farrow","Shen"
201979,"Dymetman","Takanari"
466726,"Rousseau","Georgi"
211383,"Candan","Uli"
432239,"Jayawardene","Ute"
48189,"Legleitner","Jaewon"
12720,"Blokdijk","Spyrose"
249948,"Schade","Kazuhito"
296793,"Shackell","Sugwoo"
249663,"Braccini","Xuedong"
21963,"Akazan","Shawna"
210476,"Aloia","Kwangho"
264926,"Dengi","Kristine"
283573,"Flanders","Martine"
71132,"Kinley","Sanjit"
231783,"Radwan","Tomokazu"
75640,"Pocchiola","Bokyung"
200593,"Henders","Kagan"
54135,"Schusler","Candido"
288397,"Sommer","Paraskevi"
279770,"Brickell","Chenyi"
101622,"Standera","Munehiro"
442165,"Kavvadias","Huan"
59618,"Binkley","Alenka"
11109,"Stamatiou","Chinho"
283850,"Schwabacher","Sushant"
209199,"Dusink","Xiaoqiang"
101497,"Iwayama","Gully"
85362,"Duclos","Tonny"
416664,"Masada","Lijia"
219376,"Ranon","Otmar"
36440,"Leaver","Alenka"
463848,"Fritzsche","Kamakshi"
245176,"Nations","Uinam"
236404,"Comte","Aloys"
218474,"Holburn","Vishu"
223633,"Trogemann","Kazuhiko"
273520,"Garrabrants","Gao"
457487,"Valtorta","Padma"
245367,"Erdmenger","Shaibal"
103450,"Sethi","Shalesh"
277922,"Itzigehl","Kotesh"
13073,"Journel","Utpal"
288266,"Ladret","Angel"
224677,"Rothe","Collette"
296763,"Brookman","Aran"
72918,"Szilard","Takahira"
246814,"Capobianchi","JiYoung"
280136,"Strehl","Sedat"
283225,"Duclos","Ult"
409500,"Schreiter","Yagil"
407789,"Poulakidas","Sachio"
281526,"Kavvadias","Sanjiv"
275547,"Lenart","Phule"
108140,"Kalefeld","Francoise"
10573,"Speel","Tetsushi"
461562,"Ducloy","Shimshon"
285265,"Angiulli","Saniya"
465783,"Tchuente","Constantino"
13261,"Peternell","Martial"
107493,"Prampolini","Wuxu"
74861,"Mansanne","Guenter"
467764,"Papadias","JoAnne"
460493,"Katzenelson","Gunilla"
420153,"Byoun","Harngdar"
262083,"Falco","Koichi"
220160,"Snedden","Anoosh"
409132,"Vanwelkenhuysen","Bedir"
49491,"Dulli","Shigeo"
461389,"Nourani","Harjit"
250404,"Willoner","Yishai"
72791,"Skafidas","Ung"
201145,"Rajcani","Billie"
99191,"Baby","Elvia"
451361,"Petersohn","Kristen"
298959,"Soicher","Nimmagadda"
427318,"Molberg","Troy"
415883,"Koyama","Mary"
270911,"Kuzuoka","Ibibia"
203317,"Biran","Branimir"
450612,"Ashish","Mats"
464649,"Yamaashi","Sanjeeva"
457168,"Itschner","Keung"
478666,"Goodrum","Premal"
266470,"Panangaden","Falguni"
236669,"Guerreiro","Poornachandra"
233748,"Herath","Alper"
42817,"Ulupinar","Mohd"
69339,"Kitsuregawa","Hitofumi"
23384,"Reinhard","Branimir"
208831,"Senzako","Zhiwei"
419757,"Pena","Suzette"
296661,"Poupard","Marsal"
478169,"Deverell","Huai"
471524,"Waterhouse","Gila"
205874,"Kalsbeek","Moriyoshi"
442269,"Maccarone","Mona"
425627,"Sewelson","Guadalupe"
28016,"Kranzdorf","Vitaly"
62209,"Bednarek","Martina"
80174,"Schaaf","Menkae"
280736,"Theuretzbacher","Kazuyasu"
84623,"Navazio","Bernardo"
285403,"Narahara","Arvin"
205882,"Georg","Peternela"
445954,"Scharstein","Yunming"
438211,"Gyorkos","Abdelkader"
474912,"Lemarechal","Nirmal"
438007,"Lanphier","Fumiya"
431608,"Salinas","Serap"
81444,"Denos","Byong"
57758,"Brodie","Rayond"
469191,"Krohm","Garnet"
405367,"Remmele","Nevin"
247782,"Gerlach","Honglan"
86262,"Sooriamurthi","Mana"
410008,"Lambe","Chinho"
38583,"Orlowska","Xuedong"
31166,"Melton","Mingsen"
446722,"Siprelle","Kwok"
245783,"Swan","Hidefumi"
240878,"Angot","Atilio"
447309,"Penz","Lijia"
249484,"Miculan","Phuoc"
85641,"Buescher","Breannda"
235915,"Quittner","Paddy"
28322,"Millington","Premal"
100473,"Lortz","Jeane"
62029,"Tiemann","Samphel"
284815,"Uehara","Munehiro"
439956,"Fetvedt","Abdelghani"
292175,"Perry","Basim"
213619,"Harbusch","Geraldo"
461606,"Pocchiola","Sibyl"
425282,"Viele","Mechthild"
87678,"Theuretzbacher","Katsuyuki"
214958,"Carrera","Fatemeh"
23625,"Thisen","Gladys"
90240,"Swiss","Percy"
435212,"Skafidas","Yagil"
44175,"Laurillard","Sanjai"
452118,"Matzov","Guangming"
411579,"Giveon","Jovan"
401326,"Cullers","Zorica"
436843,"Claffy","Billur"
437503,"Heemskerk","Aiichiro"
478908,"Quadeer","Yuriy"
428794,"Comellas","Krister"
61140,"Serre","TRUE"
276153,"Copas","Kazuhito"
56529,"Baaz","Xinglin"
51912,"Ohori","Geoffry"
46222,"Strooper","Mrinalini"
102455,"Menhardt","Urs"
416793,"Skafidas","Dekang"
44000,"Veccia","Aamod"
17089,"Erman","Rafail"
18135,"Bahl","Hugh"
69395,"Peha","Kyoichi"
56527,"Gonthier","Weiwu"
93414,"Biron","IEEE"
98033,"Masaki","Jaewoo"
79113,"Khamsi","Lorien"
76678,"Aloia","Doohun"
42634,"Ressouche","Chinho"
245348,"Camarinopoulos","Sigeru"
86286,"Esposito","Somnath"
57978,"Suppi","Haldun"
56921,"Roccetti","JoAnne"
77657,"Kroft","Miomir"
412398,"Rosay","Chaitali"
219339,"Sadowski","Domenico"
277144,"Munck","Vishv"
272979,"Engberts","Xinyu"
428258,"Raoux","Trygve"
461316,"Siochi","LiMin"
203209,"Melski","Nectarios"
208967,"Kobuchi","Sailaja"
82424,"Eterovic","Sibyl"
236140,"Vidal","Serge"
54045,"Akaboshi","Udaiprakash"
422845,"Schaaf","Aram"
269687,"Kaltofen","Nidapan"
203788,"Randt","Rosli"
69400,"Bugaenko","Hausi"
251237,"Miara","Cedric"
97253,"Pellegrinelli","Stella"
411769,"Munawer","Almudena"
57275,"Ramsey","Ramachenga"
10525,"Lunt","Yuchang"
408497,"Olano","Prasadram"
451455,"Wallrath","Supot"
49349,"Perl","Shuichi"
411669,"Constantine","Taegyun"
253724,"Vadhan","Kwangsub"
479566,"Manderick","Paraskevi"
298599,"Besselaar","Mohammad"
455977,"Beidas","Sanjay"
57460,"Sadowsky","Tua"
48394,"Siegrist","Jianhua"
447255,"Budinsky","Shai"
425261,"Pramanik","Gunilla"
410526,"Bach","Kwok"
91602,"Weedman","Jackson"
20871,"Picci","Shigeu"
61101,"Staylopatis","Remko"
477674,"Cochrane","Mona"
279386,"Verspoor","Parto"
214075,"Tetzlaff","Kayoko"
64813,"Schaar","Arup"
200043,"Beutelspacher","Rafail"
36461,"Lorho","Baziley"
477244,"Navazio","Tokuyasu"
234919,"Melski","Sukumar"
230682,"Bamford","Terresa"
434960,"Shinomoto","Indrajit"
38210,"Hockney","Kristen"
406185,"Delgrange","Stamatina"
216361,"Feldhoffer","Akeel"
43220,"Himler","Ronnie"
71085,"Ranai","Deborah"
33276,"Schueller","Rafols"
12591,"Makrucki","Georgy"
410921,"Zucker","Fumiya"
453635,"Soloway","Xiaoheng"
256040,"Speer","Manibrata"
291027,"Shanbhogue","Ipke"
201712,"Winter","Xiaobin"
257445,"Orlowska","Wojceich"
293168,"Avouris","Jacqueline"
406516,"Lamba","Juyoung"
274688,"Schwartzbauer","Xiaoheng"
42232,"Cronan","Sham"
65182,"Henders","Kenroku"
443900,"Kalorkoti","Pranav"
226169,"Hertweck","Aiichiro"
207532,"Jeansoulin","Lidong"
269445,"Erez","Pranav"
211120,"Thiran","Adamantios"
276310,"Dulli","Marlo"
43207,"Shihab","Itzchak"
402084,"Junot","Xiong"
459724,"Pero","Lakshmi"
469179,"Talmor","Yannik"
250020,"Mitsuhashi","Sachar"
460916,"Pulkowski","Qunsheng"
293151,"Ballarin","Troy"
43748,"Quadeer","Parke"
280701,"Hinsberger","Duangkaew"
218467,"Kamber","Kousuke"
101301,"Hofting","Xudong"
243213,"Kusakabe","Malu"
261136,"Joslin","Vishv"
255679,"Garnick","Lansing"
104011,"Journel","Masanao"
221664,"Jullig","Sedat"
436329,"Suessmith","Sreenivas"
81527,"Bouloucos","Arnd"
261026,"Rikino","Bingning"
285231,"Jayawardene","Tommaso"
434357,"Tomescu","Chinya"
206554,"Vesel","Geraldo"
216546,"Peyn","Sampalli"
102651,"Auyong","Kristen"
276502,"Segond","Indrajit"
71369,"Siegrist","Hatsukazu"
457728,"Ohori","Genki"
38956,"Flanders","Tesuro"
10375,"Kalafatis","Dante"
54834,"Cyre","Willard"
422301,"Monkewich","Behnaam"
29462,"Pezzoli","Eldridge"
45076,"Gerlach","Kensyu"
28642,"Taneja","Kristen"
287208,"Kenevan","Gurbir"
474146,"Emiris","Nathan"
105237,"Wolniewicz","Sven"
12224,"Lenart","Nikolaus"
454490,"Chandrasekhar","Chaosheng"
440477,"Unni","Akemi"
441677,"Chenney","Beshir"
481307,"Pappas","Hatsukazu"
200623,"Bisiani","Valeska"
468115,"Perl","Magdalena"
423975,"Smeets","Heather"
261899,"Kinley","Mohan"
240198,"Menyhert","Dmitri"
237796,"Karcich","Kwok"
66356,"Coorg","Masato"
80364,"Ramsey","Gina"
271526,"Spieker","Lakshmi"
231142,"Otillio","Tsvetan"
279481,"Kropp","Doohun"
38232,"Ginesta","Garnik"
204403,"Ranum","Denis"
443431,"Kalorkoti","Marl"
231977,"Pileggi","Cathie"
477522,"Jervis","Mohd"
262926,"Coombs","Margo"
431998,"Ranon","Petter"
427448,"Tasistro","Oddvar"
292378,"Harllee","Mang"
461093,"Dredge","Adas"
13700,"Weedon","Mingdong"
210044,"Bergere","Ymte"
294729,"Chiola","Youjian"
433467,"Nilsson","Bader"
253894,"Quaggetto","Divier"
37686,"Ohori","Kiyokazu"
67139,"Farrar","Shaz"
42737,"Szmurlo","Valeska"
443005,"Schneeberger","Berthier"
260711,"Szmurlo","Martine"
447736,"Peres","Subhankar"
200611,"Bednarek","Ingemar"
219808,"Vrecion","Manibrata"
427418,"Baja","Rayond"
52867,"Lindenbaum","Yishay"
30515,"Walstra","Surveyors"
234672,"Takkinen","Duangkaew"
465119,"Portugali","Radhakrishnan"
461802,"Swick","Parviz"
267835,"Xiaoshan","Jungsoon"
94538,"Wossner","Gor"
213834,"Impagliazzo","Shuji"
90909,"Mattern","Limsoon"
477059,"Parveen","Ohad"
438957,"Shackel","Gladys"
53875,"Ramsay","Zissis"
427807,"Chenoweth","Waiman"
462271,"Redmiles","Feiyu"
217952,"Miyakawa","Zhonghui"
34238,"Asser","Parto"
414928,"Luft","Gay"
210249,"Khasidashvili","Yishai"
208639,"Lukaszewicz","Larisa"
41598,"Ruemmler","Candido"
266116,"Cheshire","Yuichiro"
264457,"Leivant","Bernice"
228264,"Sanella","Tru"
263131,"Yetim","Anwar"
53210,"Kalloufi","Odoardo"
16993,"Dahlbom","Hongzue"
429387,"Cappelletti","Uli"
89245,"Thebaut","Alagu"
35966,"Kornatzky","Jinxi"
458394,"Terekhov","Gunilla"
27547,"Fioravanti","Saddek"
93920,"Oppitz","Basil"
87630,"Kabayashi","Jeong"
249081,"Minakawa","Zhonghui"
71075,"Hedayat","Anneke"
285865,"Lunn","Tayeb"
412147,"Soloway","Gadiel"
436312,"Bael","Tremaine"
274163,"Stemann","Weiru"
452318,"Muchinsky","Magdalena"
94059,"Hardjono","Jeanne"
36446,"Penz","Spyrose"
407257,"Driscoll","Randy"
39630,"Neiman","Mototsugu"
467200,"Uhrik","Boguslaw"
272661,"Krychniak","Fay"
207391,"Frezza","Kazuhira"
277534,"Openshaw","Nagui"
214735,"Schaaf","Siamak"
45711,"Schmezko","Yinghua"
42038,"Benzmuller","Ramachenga"
278815,"Suwa","Gonzalo"
285738,"Erni","Paddy"
470177,"Stavenow","Udi"
413459,"Trumbly","Gro"
409247,"Wolniewicz","Xiong"
17300,"Zolotykh","Ortrun"
467741,"Hegner","Aluzio"
459650,"Pepe","Przemyslawa"
83678,"Denny","Mana"
30830,"Lanzelotte","Yannis"
443230,"Hmelo","Mayuko"
49412,"Litzkow","Steen"
21418,"Sabnani","Sugwoo"
247236,"Lowrie","Mokhtar"
201023,"Mellouli","Goh"
206029,"Debuse","Atilio"
477907,"Cummings","Arlette"
467345,"Kobuchi","Florian"
62563,"Conte","Subbu"
286149,"Munke","Ulf"
454345,"Dechter","Huican"
241866,"Crabtree","Zhongwei"
214930,"Gini","Zhaofang"
18065,"Wroclawski","Chriss"
89618,"Peak","Keung"
50874,"Lanzelotte","Kish"
262931,"Teitelbaum","Florina"
205631,"Erman","Shih"
229832,"Ozeki","Tonia"
251244,"Bardell","Saniya"
438420,"Ginesta","Haldon"
13449,"Coorg","Subhada"
296169,"Luca","Eben"
283599,"Remmers","Radoslaw"
95991,"Chartres","Bernd"
279956,"Bennet","Aron"
203797,"Lambe","Tonia"
88299,"Vidal","Kazunori"
416244,"Brobst","Valeska"
233016,"Stasinski","Shay"
31418,"Grospietsch","Herbert"
70665,"Suppi","Zijian"
246193,"Walston","Goetz"
279026,"Verspoor","Shay"
217802,"Gire","Bodo"
435259,"Otillio","Gennadi"
428689,"Perez","Bouchung"
247946,"Burnard","Sham"
18231,"Falby","Rafols"
421744,"Kaltofen","Kiyotoshi"
235602,"Teitelbaum","Yuichiro"
209015,"Bharadwaj","Xumin"
405860,"Dulay","Kamakshi"
459249,"Brookman","Tru"
102872,"Melski","Yongdong"
250390,"Merey","Pascal"
430405,"Coors","Yifei"
28786,"Kolinko","Dulce"
21388,"Provine","Kerryn"
259393,"Shackel","Foong"
247022,"Danlos","Moti"
262472,"Gips","Hugh"
249139,"Dalton","Hideyuki"
286382,"Wursthorn","Toshimo"
213108,"Lenart","Khun"
93831,"Weisert","Masanao"
454786,"Marchegay","Lokesh"
407940,"Verspoor","Kiyokazu"
227123,"Dengi","Xiahua"
459588,"Sgarro","Shuji"
81796,"Swab","Jeong"
203544,"Lienhardt","Aemilian"
207661,"Leslie","Hairong"
16714,"Shigei","Arnd"
422664,"Hertweck","Richard"
61880,"Krichel","Roded"
248044,"Isard","Carrsten"
280749,"Yavatkar","Bojan"
108195,"Verspoor","Leucio"
55396,"Rahier","Miomir"
39209,"Jonsson","Jaewon"
105440,"Jansen","Anneli"
450007,"Brendel","Stepehn"
467946,"Baar","Randi"
83213,"Bakhtari","Charlene"
11666,"Chimia","Uno"
78434,"Choobineh","Akemi"
88804,"Koprowski","Yuguang"
33440,"Munoz","Eishiro"
293049,"Gustavson","Navin"
276331,"Pillow","Katsuyuki"
80143,"Brodie","Kellie"
204219,"Halloran","Sakthirel"
426332,"Frijda","Shih"
76516,"Kroll","Arnd"
281476,"Koblitz","Geoff"
95371,"Angelov","Maik"
449753,"Braunschweig","Akeno"
236159,"Setlzner","Rance"
231733,"Feldhoffer","Aruna"
477782,"Bach","Nathalie"
407573,"Peng","Lihong"
40083,"Kusakari","Hilary"
298130,"Aloia","Vugranam"
459884,"Emden","Manibrata"
408988,"Menyhert","Leaf"
285267,"Vingron","Qunsheng"
32115,"Hanabata","Sushant"
20861,"Morris","Nadjib"
28641,"Varley","Toshiko"
211777,"Hiraishi","Hongzhu"
402009,"Daescu","Jayesh"
69971,"Gerteisen","Masato"
405684,"Jonsson","Bojan"
231511,"Vieri","Felicidad"
107280,"McFarlin","Reuven"
475198,"Collavizza","Bernice"
429450,"Hitomi","Holgard"
11086,"Dalphin","Yishai"
463611,"Valiente","Mori"
217891,"Boyle","Fumitaka"
475459,"Impagliazzo","Otmar"
63516,"Steinauer","Toshimitsu"
460661,"Jarecki","Xudong"
243945,"Zeidenstein","Tuval"
69749,"Wynblatt","Aran"
435797,"Birge","Shaz"
237670,"Zallocco","Yannis"
58065,"Schreiter","Cristinel"
73036,"Koyama","Syozo"
257368,"Zschoche","Goetz"
464831,"Talmor","Kwee"
208905,"Ramsey","Chenye"
245756,"Nitto","Munenori"
410992,"Maquelin","Leucio"
470632,"Tchuente","Kwun"
468060,"Reinhart","Mihalis"
230470,"Sewelson","Mandell"
55088,"Businaro","Heng"
259785,"Vidya","Itzchak"
56555,"Picht","Ziyad"
417506,"Rouquie","Mariangiola"
449371,"Krogh","Vugranam"
281363,"Baak","Aamer"
256235,"Halevi","Oguz"
255733,"Piazza","Herb"
246192,"Borovoy","Gritta"
293108,"Gien","Lijie"
101237,"Riexinger","Xiaoshan"
453811,"Shimshoni","Mountaz"
433209,"Coullard","Oscal"
257352,"Deverell","Peternela"
214387,"Picco","Mori"
233562,"DeMori","Tamiya"
30230,"Stenning","Teiji"
271388,"Baaz","Samphel"
458999,"Denti","Qiwen"
409065,"Binkley","Kitty"
277743,"Bala","Elzbieta"
69082,"Nitsch","Guozhong"
63427,"Nooteboom","Takahito"
51573,"Merlo","Marl"
201412,"Gammage","Jagoda"
97078,"Ushiama","Remzi"
454280,"Stamatiou","Marsal"
264426,"Molenaar","Vojin"
465603,"Lorch","Uma"
46588,"Rosenbaum","Abdelaziz"
222624,"Birdsall","Kenton"
221351,"Chepyzhov","Odoardo"
239589,"Zockler","Chaoyi"
230801,"Engberts","Giao"
203865,"Markovitch","Fumiyo"
422535,"Gunderson","Qiwen"
72847,"Stifter","Renny"
67430,"Penttonen","Hauke"
68572,"Peha","Rafail"
460181,"Swen","Kendra"
281776,"Nilsson","Radoslaw"
242409,"Ranft","Mack"
107747,"Erman","Cathie"
202879,"Falck","Lalit"
424449,"Tomescu","Basim"
405264,"Schahn","Moto"
73122,"Talmor","Nahla"
233645,"Junet","Jessie"
36908,"Alblas","Nahid"
253883,"Krone","Pasqua"
240003,"Conde","Moie"
429851,"Manders","Dulce"
225972,"Raney","Miquel"
97722,"Etalle","Rasikan"
416046,"Uludag","Geoffrey"
45483,"Peltason","Hercules"
468186,"Rosen","Jaber"
247134,"Hitomi","Idoia"
411566,"Plesums","Radhia"
447593,"Suwa","Serif"
293846,"Murthy","Kasidit"
476103,"Boreale","Yuriy"
212104,"Parhami","Aluzio"
471633,"Jervis","Kyoichi"
201016,"Domenig","Horward"
203108,"Itzigehl","Kwok"
243768,"Ritzmann","Heekeun"
452031,"Baig","Leucio"
201527,"Mitsuhashi","Shem"
48006,"Edelhoff","Bowen"
248321,"Braunschweig","Weiye"
227389,"Claffy","Naftaly"
241784,"Lamparter","Francesca"
287792,"Alpin","Tremaine"
221483,"Hofman","Shuky"
260468,"Riefers","Manibrata"
299087,"Zuberek","Kensyu"
471586,"Cooman","Jeanna"
260744,"Pena","Cullen"
97506,"Remmele","Ebru"
439090,"Tsunoo","Hyuncheol"
405953,"Rusmann","Aiman"
224912,"Pavlopoulou","Zeydy"
21344,"Vanwelkenhuysen","Mohammed"
76942,"Koblick","Wuxu"
403558,"Hedayat","Tamiya"
295808,"Markovitch","Palash"
289064,"Schach","Jiong"
23093,"Leivant","Rosalie"
249631,"Cromarty","Bingning"
475145,"Marshall","Baoqiu"
54342,"Fairtlough","Thanasis"
270159,"Kossowski","Gretta"
481412,"Krohm","Wilmer"
286313,"Ghandeharizadeh","Hironobu"
244858,"Kamble","Vasilii"
51239,"Bierbaum","Fatemeh"
455201,"Chleq","Mechthild"
470725,"Egerstedt","Remmert"
407808,"Smailagic","Arunachalam"
39574,"Ponthieu","Sorina"
230378,"Babu","Brigham"
93844,"Piazza","Ayonca"
85332,"Androutsos","Odoardo"
427212,"Dulin","Nitsan"
19437,"Conry","Horward"
419275,"Ghandeharizadeh","Demin"
81921,"Gils","Salvador"
446965,"Tagansky","Stevo"
242714,"Stille","Fumiya"
96372,"Hettesheimer","Pantung"
17647,"Swab","Vasilis"
465401,"Angel","Edwin"
437451,"Siegrist","Filipe"
265501,"Cromarty","Paraskevi"
431632,"Brattka","Arch"
271423,"Parascandalo","Waiman"
258899,"Farris","Naftaly"
71057,"Orsini","Christfried"
204433,"Percebois","Shuzo"
92965,"Salinas","Weiye"
242697,"Kohling","Shuho"
436501,"Baby","Demin"
437244,"Krogh","Hyuncheol"
262285,"Koblick","Arne"
225565,"Miculan","Yongmin"
14562,"Peroz","Shunichi"
472215,"Aumann","Zongyan"
31586,"Frezza","Paris"
261451,"Gide","Randi"
102727,"Raczkowsky","Kiyomitsu"
214003,"Mikschl","Takanari"
48677,"Kushnir","Eran"
15812,"Braunmuhl","Luise"
67210,"Cusworth","Abdelaziz"
479441,"Mitchem","Yifei"
405632,"Baumann","Jovan"
49474,"Docker","Lijie"
259803,"Zielinski","Kensyu"
202758,"Cunliffe","Christoper"
298581,"Baja","Mang"
265809,"Suri","Tamiya"
67429,"Crelier","Faiza"
453393,"Boguraev","Bodh"
456996,"Simmel","Shir"
449019,"Busillo","Samphel"
232959,"Zeilberger","Ioana"
98023,"Serre","JoAnna"
18361,"Kobara","Naraig"
415616,"Sury","Lobel"
231203,"Carrera","Akemi"
437759,"Muhlberg","Dinkar"
254706,"Detkin","Sedat"
239403,"Casperson","Sanjiv"
83692,"Kumaresan","Slavian"
56166,"Dechter","Noritoshi"
239754,"Junot","Mari"
203832,"Perko","Kankanahalli"
66297,"Boguraev","Narain"
35310,"Zobel","Moon"
481849,"Krone","Mayumi"
446487,"Anandan","Uriel"
43297,"Kamble","Shirish"
469436,"Hooghiemstra","Youjian"
238382,"Bennis","Chenye"
479894,"Gonthier","Ipke"
269194,"Munke","Rosli"
243698,"Geffroy","Unal"
104931,"Delaune","Kristin"
103885,"Heijenga","Christophe"
23817,"Coorg","Duri"
244631,"Spieker","Mingzeng"
233294,"Velasco","Vitaly"
475686,"Reeken","Elrique"
269863,"Chiola","Eben"
428429,"Lamma","Marl"
443445,"Thorensen","Georgi"
239112,"Shackel","Indrajit"
236919,"Bernick","Duri"
205271,"Plump","Morris"
59329,"Bazzichi","Zissis"
481133,"DiGiano","Piyush"
278259,"Prampolini","Kwok"
52620,"Perin","Muneo"
479771,"Ranst","Bernardo"
15213,"Molenkamp","Arie"
69793,"Unni","Xiaocheng"
421150,"Schaad","Stella"
12664,"Parveen","Zhonghua"
479236,"Heydon","Jamaludin"
273472,"Knightly","Gaurav"
454818,"Lakshmanan","Mohammed"
417905,"Birta","Zhanqiu"
221529,"Savasere","Mansur"
447464,"Reinhart","LiMin"
216081,"Buescher","Bouchung"
206101,"Flowers","Jouko"
244005,"Grabner","Vesna"
92307,"Vesel","Yongmao"
419690,"Schapiro","Adel"
83863,"Dengi","Duri"
45386,"Radhakrishnan","Kellyn"
262941,"Panienski","Elliott"
105073,"Pietracaprina","Miyeon"
441011,"Murtha","Perry"
454076,"Baranowski","Pantung"
242446,"Shokrollahi","Chenyi"
227005,"Nitsche","Xiaoqiu"
99169,"Coors","Arunas"
83961,"Gimarc","Hidde"
44793,"Akazan","Sumali"
78797,"Sessa","Margareta"
463658,"Kroha","Weiyi"
210994,"Camurati","Gennady"
228312,"Lodder","Eran"
456217,"Eastman","Demos"
227751,"Munch","Arvind"
275323,"Zwicker","Gaurav"
270814,"Ozeki","Perry"
444555,"Georgatos","Yannis"
204222,"Suomi","Jagoda"
477640,"Koprowski","Thodoros"
16583,"Mikschl","Roddy"
272226,"Kornatzky","Ymte"
100992,"Slobodova","Poorav"
14054,"Borstler","Babette"
433665,"Kusalik","Aimee"
206670,"Stanger","Kristen"
475085,"Tsunoo","Hitomi"
53512,"Mikschl","Alejandra"
473018,"Talmor","Basil"
279866,"Kropatsch","Sibyl"
466645,"Shokrollahi","Mamdouh"
244803,"Narahara","Debaprosad"
258986,"Zykh","Hailing"
73879,"Cullers","Odoardo"
259935,"Pellegrinelli","Frazer"
75081,"Gien","Vesna"
261175,"Coorg","Nidapan"
201851,"Luck","Neven"
442546,"Fritzsche","Shaunak"
237739,"Siepmann","Takushi"
418870,"Dulli","Garnik"
253687,"Fiutem","Syozo"
259178,"Ouhyoung","Laurentiu"
264095,"Lally","Vidya"
255514,"Oxenboll","Yonghong"
460853,"Stasinski","Guther"
456004,"Menyhert","Gregory"
50074,"Georg","Yurii"
282451,"Schusler","Manibrata"
103896,"Uhrig","Zhongwei"
82717,"Meriste","Maia"
68854,"Perfilyeva","Souichi"
256068,"Jumpertz","Aran"
106341,"Streng","Cedric"
233941,"Aamodt","Hairong"
19063,"Suermann","Shaz"
106681,"Ghandeharizadeh","Kwangjo"
417401,"Marrevee","Hitomi"
57953,"Mattern","Susanna"
277146,"Lodder","Frazer"
289084,"Reghbati","Denny"
260426,"Jakobus","Mostafa"
97276,"Kroll","Larisa"
475847,"Georgakopoulos","Felicidad"
44766,"Minakawa","Pantung"
23472,"Naumovich","Shahaf"
295853,"Rahimi","Doohun"
289985,"Streit","Alper"
423634,"Ananiadou","Spyrose"
263425,"Baca","Christ"
103050,"Flowers","Gunilla"
272541,"Bade","Arie"
10633,"Herber","Sorina"
461209,"Brickell","Terresa"
473364,"Eterovic","Kish"
287026,"Salinas","Aral"
455141,"Alameldin","Harjit"
29533,"Cappelletti","Fumitaka"
233621,"Markovitch","Duri"
425352,"Gluchowski","Kamakshi"
475743,"Begiun","Tonny"
29203,"Adachi","Ger"
409449,"Dolinsky","Serge"
275288,"Sommen","Sadegh"
38438,"Pehl","Nikolaus"
100086,"Godskesen","Adib"
409076,"Selvestrel","Kwan"
221077,"Ruther","Pascal"
282686,"Fioravanti","Mariusz"
460360,"Gubsky","Kazuhira"
107517,"Nannarelli","Haldon"
460188,"Baez","Jagoda"
250873,"Lortz","Khoa"
478475,"Christianini","Ortrun"
427200,"Demos","Uno"
297197,"Fiebach","Adhemar"
228242,"Czap","Gro"
226260,"Conde","Munenori"
210142,"Cichocki","Shih"
481557,"Flanders","Phillip"
469957,"Munro","Junichi"
413658,"Nitsch","Girolamo"
416752,"Babu","Dannz"
17854,"Bazelow","Shuho"
27368,"Keustermans","Dipayan"
400813,"Yoshimura","Sanjiv"
268011,"Reinhard","Giri"
449953,"Dusink","Gay"
204052,"Melter","Navid"
91774,"Pietracaprina","Hugo"
446028,"Cummings","Youssef"
101139,"Kobara","Jiakeng"
71586,"Cannard","Jianwen"
44005,"Katzenelson","Hein"
17894,"Swan","Irena"
81095,"Meszaros","Zhaofang"
91606,"Gyorkos","Pintsang"
456409,"Bahk","Jaques"
455415,"Krohm","Weiye"
52575,"Vernadat","Gio"
440218,"Simmen","Shigeo"
88668,"Hennebert","Pasqua"
266347,"Narwekar","Aloke"
226191,"Jakobus","Toong"
218862,"Rusterholz","Shawna"
91470,"Condotta","Radhia"
98060,"Speckmann","Tzvetan"
107478,"Dolinsky","Krister"
86670,"Lally","Girolamo"
408275,"Improta","Kazuhiko"
421614,"Krone","Holgard"
258268,"Ranka","Goa"
95343,"Chimia","Kirk"
416104,"Aingworth","Tze"
402467,"Sanella","Zeljko"
474832,"Koshino","Abdelwaheb"
470736,"Asser","Turgut"
475899,"Zumaque","Dayanand"
105757,"Ulupinar","Mary"
285176,"Coors","Aksel"
270695,"Dahlbom","Marit"
237486,"Sevcikova","Mountaz"
404098,"Cannane","Nidapan"
290856,"Cannard","Cedric"
61911,"Imataki","Naftaly"
439360,"Ozeki","Conrado"
402293,"Duclos","Pragnesh"
296625,"Erdi","Goa"
254997,"Bach","Luisa"
220022,"Peres","Arunachalam"
439634,"Benaini","Geoffrey"
39737,"Boreale","Georg"
458659,"Kitsuregawa","Feixiong"
443030,"Validov","Ramalingam"
444440,"Maquelin","Chinya"
279829,"Stille","Iara"
59401,"Jonsson","Fumino"
284479,"Ramsey","Masamitsu"
235530,"Buescher","Susumu"
446497,"Bahi","Kyoichi"
99445,"Gewali","Falguni"
405723,"Rathonyi","Douadi"
408051,"Fritzsche","Serap"
98439,"Schrooten","Ioana"
272790,"Schiettecatte","Surveyors"
96545,"Yavatkar","Goh"
35641,"Jeansoulin","Aral"
232080,"Luan","Tsuneo"
203107,"Heystek","Masako"
251312,"Furudate","Kiam"
250057,"Siksek","Yoshinari"
295815,"Thimonier","Sungwon"
37835,"Pleszkun","Arumugam"
477899,"Cannard","Leszek"
448356,"Parveen","Stamatina"
219183,"Isaac","Yonghong"
413575,"Peir","Arup"
451768,"Pettey","Jianhao"
276520,"Bernatsky","Nevin"
93380,"Wroclawski","Joydip"
66279,"Bultermann","Mahmut"
458961,"Luon","Moto"
448984,"Schwaller","Basil"
422697,"Sessa","Karlis"
445771,"Krupka","Pragnesh"
222598,"Bade","Lokesh"
64999,"Hardjono","Gen"
229367,"Katzenelson","Oscar"
220228,"Veevers","Marsja"
221488,"Guenter","Kristian"
53895,"Shrader","Georgi"
408354,"Pappas","Bowen"
44115,"Morris","Rafael"
231325,"Zweizig","Uli"
212780,"Asser","Yuchang"
402481,"Peris","Takahiro"
98657,"Brandsma","Kwok"
279164,"Ulupinar","Goetz"
99474,"Bamford","Fuqing"
244549,"Chinen","Aemilian"
97674,"Georg","Sreekrishna"
232459,"Kusakari","Fai"
435520,"Pluym","Tua"
14847,"Perng","Matk"
295445,"Sudbeck","Phillip"
270160,"Przulj","Xuedong"
78205,"Feinberg","Masami"
458660,"England","Yonghoan"
437516,"Zockler","Juyoung"
422944,"Iwayama","Zhonghui"
90539,"Perz","Uzi"
290835,"Angot","Susuma"
212808,"Lorys","Duke"
462501,"Vesel","Neelam"
288409,"Spell","Jaana"
106686,"Pulkowski","Phillip"
92045,"Suessmith","Uno"
16359,"Terwilliger","Shounak"
454232,"Chimia","Herbert"
104509,"Lagarias","Kwangyoen"
268156,"Itzfeldt","Mahendra"
53795,"Asmuth","Tadanori"
259661,"Schmittgen","Mariusz"
108412,"Ertl","Izaskun"
290290,"Trumbly","Amalendu"
284263,"Juneja","Phuoc"
441962,"Sluis","Oscal"
74170,"Caine","Conal"
82976,"Lanphier","Barton"
423410,"Weedman","Amalendu"
423034,"Merkl","Lalit"
420120,"Marzano","Serif"
415194,"Serov","Hideyuki"
92304,"Roison","Rosita"
69372,"Hasham","Huan"
285832,"Pulkowski","Gudjon"
284275,"Ramaiah","Adhemar"
278401,"Murrill","Leszek"
432391,"Skogmar","Iara"
72358,"Pouyioutas","Danco"
220646,"Waymire","DeForest"
91235,"Gill","Taizo"
439848,"Baca","Shaw"
406209,"Baar","Jayesh"
240117,"Gide","Yuping"
48532,"Skogmar","Gal"
474213,"Kawashimo","Alair"
45514,"Alpin","Jessie"
28242,"Vasanthakumar","Thodoros"
40259,"Hartvigsen","Mana"
269127,"Ishibashi","Poorav"
442530,"Otillio","Vincent"
31521,"Ariola","Stevo"
264650,"DiGiano","Srinidhi"
226836,"Mahnke","Hatem"
470528,"Plump","Sanjiv"
19496,"Thorelli","Mircea"
212214,"Bamford","Basim"
28265,"Bain","Frederique"
103379,"Grandbois","Masaki"
68924,"Panwar","Shaleah"
16490,"Thiria","Muzhong"
204391,"Perin","Sumant"
404823,"Levergood","Vojin"
283050,"Kusalik","Juichirou"
247760,"Emden","Kristin"
215637,"Sooriamurthi","Thanasis"
207416,"Kuhnemann","Gaurav"
218614,"Schwaller","Ekawit"
222098,"Pocchiola","Jayson"
455320,"Suomi","Jacopo"
76495,"Cangellaris","Zhonghua"
450995,"Thorensen","Sadok"
419985,"Siegrist","Fox"
277963,"Kakkar","Mong"
268658,"Nanard","Feiyu"
103621,"Vidya","Yuqun"
71880,"Noriega","Yinlin"
37113,"Chinin","Przemyslawa"
92784,"Chinen","Takanari"
295519,"Farrag","Gaetan"
424951,"Foong","Qunsheng"
94814,"Kitsuregawa","Moty"
244600,"Foong","Roded"
467456,"Lindqvist","Zito"
54649,"Trystram","Sanjai"
296616,"Danner","Heon"
105735,"Casperson","Vugranam"
241002,"Yoshizawa","Christfried"
285781,"Picaronny","Hein"
451076,"Trystram","Tremaine"
405206,"Biran","Carrsten"
43756,"Himler","Minghong"
278566,"Marakhovsky","Lillian"
106837,"Nitto","Elvia"
414729,"Marsiglia","Geoffrey"
60562,"Delaune","Vasilis"
77427,"Vecchi","Lenore"
441340,"Roisin","Gina"
291330,"Ligten","Mona"
468723,"Birke","Sverrir"
417338,"Staelin","Huican"
291303,"Litzkow","Pasqua"
95698,"Plotkin","Nathan"
434993,"Lampe","TRUE"
254314,"Kragelund","Maik"
16648,"Kropatsch","Heather"
432278,"Deverell","Uri"
25370,"Puoti","Jagoda"
46791,"Zizka","Marl"
273390,"Azumi","Alenka"
45455,"Fujisawa","Leandro"
15873,"Taubenfeld","Mari"
435853,"Bakhtari","Ravishankar"
59214,"Eiter","Hitomi"
226030,"Morrin","Rimli"
30782,"Malinowski","Yuguang"
43668,"Tchuente","Tadahiko"
236546,"Vieth","Youssef"
53090,"Furedi","Kazuhisa"
35066,"Hegner","Tadahiko"
461098,"Pavlopoulou","Valdiodio"
401331,"Luks","Fumino"
104035,"Chandrasekhar","Sivanarayana"
460173,"Sethi","Randi"
408071,"Ghazalie","Kazuhisa"
480249,"Ermel","Qiwen"
224030,"Sommen","Atreyi"
106841,"Gide","Shigehiro"
200310,"Legleitner","Hitofumi"
78667,"Bahk","Shahab"
291421,"Carrere","Eirik"
52152,"Moehrke","Uma"
291120,"Matzen","Xuedong"
401926,"Matteis","Mary"
459338,"Bail","Yuuichi"
448288,"Kalefeld","Berry"
254238,"Joslin","Koichi"
219952,"Sanella","Alagu"
298767,"Kuzuoka","Abdelwaheb"
475813,"Egerstedt","Horward"
44702,"Isaak","Sariel"
97215,"Makrucki","Arif"
457099,"Theuretzbacher","Zito"
215225,"Quittner","Surveyors"
69306,"DeMori","Macha"
437145,"Varley","Chenyi"
424453,"Pettit","Mooi"
459822,"Puppe","Harjit"
433214,"Hofmeyr","Girolamo"
239640,"Gihr","Zorica"
219793,"Lampe","Nitsan"
108395,"Claffy","Jaroslava"
221779,"Heusch","Heekeun"
54107,"Leivant","Uzi"
225294,"Capobianchi","Geoffry"
276143,"Hedayat","Vishv"
23522,"Schurmann","Mats"
93801,"Willoner","Vugranam"
419480,"Gubsky","Chiradeep"
241640,"Schiper","Sailaja"
235804,"Stille","Subhada"
92534,"Delgrossi","Isamu"
236063,"Bisiani","Gio"
71046,"Naumovich","Christ"
30597,"Hutton","Sadun"
22717,"Anger","Leif"
468993,"Brobst","Dietrich"
415209,"Mandell","Inderjeet"
82855,"Biron","Aimee"
61198,"Boguraev","Lakshmi"
108225,"Kaminger","Baocai"
11609,"Marrakchi","Sigeru"
105672,"Binding","Aram"
409985,"Choobineh","Jaques"
423594,"Gustavson","Uma"
423052,"Condotta","Xumin"
460967,"Baalen","Moty"
37594,"Tanemo","Hercules"
32613,"Asrin","Koichi"
240758,"Mandell","Munenori"
216368,"Hopewell","Kaijung"
478941,"Wossner","Subhankar"
444406,"Lyonns","Jasminko"
451770,"Merks","Subir"
65222,"Zaumen","Wilmer"
50244,"Jarecki","Uwe"
30076,"Huxford","Mani"
270067,"Kavvadias","Moheb"
63328,"Valtorta","Duke"
34046,"Hemaspaandra","Odinaldo"
464350,"Muniz","Kwangho"
286643,"Shokrollahi","Mitchel"
55378,"DeMori","Jaihie"
46432,"Ermel","Manibrata"
459385,"Rando","Gritta"
251891,"Cesareni","Youssef"
52497,"Ferriere","Marc"
283301,"Serot","Yuuichi"
250175,"Bodoff","Hercules"
261343,"Bhattacharjee","Mack"
15607,"Massonet","Ekawit"
230945,"Gulak","Foong"
268782,"Riesenhuber","Gao"
77162,"Rebaine","Hatim"
72226,"Gecseg","Nectarios"
413394,"Belinskaya","Kasidit"
279813,"Harnett","Shirish"
21716,"Karner","Hironoby"
413333,"Spell","Martijn"
87603,"Hellwagner","Mostafa"
272440,"Underwood","Toshiko"
70783,"Escriba","Zeydy"
70606,"Munch","Seshu"
440953,"Lung","Lech"
400511,"Falby","Cathie"
456739,"Lindqvist","Yoshimitsu"
49110,"Maquelin","Rajmohan"
280062,"Condotta","Sashi"
227040,"Grospietsch","Janalee"
419251,"Munke","Ghassan"
401697,"Gilg","Shigehiro"
229985,"Bernini","Fox"
206545,"Kabayashi","Basim"
433057,"Takanami","Tommaso"
287165,"Demri","Terresa"
72464,"Vidya","Srinidhi"
280391,"Spell","Niclas"
241482,"Spelt","Khaled"
284515,"Salverda","Shuzo"
228244,"Lundstrom","Aris"
58823,"Pleszkun","Feiyu"
246045,"Oskamp","Basim"
63499,"Wegerle","Arif"
434250,"Jansch","Ulises"
222587,"Chiola","Kiyokazu"
220654,"Lyonns","Heather"
423923,"Leslie","Juyoung"
470710,"Szilard","Houman"
443482,"Gulak","Menkae"
257429,"Serdy","Ferdinand"
205561,"Solares","Sajjan"
28116,"Taneja","Bader"
409404,"Hatcliff","Tzvetan"
92175,"Guerreiro","Akeel"
71286,"Luft","Hauke"
278512,"Lund","Sukumar"
14381,"Weedon","Danco"
97785,"Strandh","Vatsa"
274706,"Thimonier","Xiaoqiu"
220279,"Erdmenger","Susanta"
421479,"Vecchi","Zdislav"
278159,"Ramaiah","Hinrich"
221656,"Ibel","Bernd"
469252,"Picel","Slavian"
260680,"Kilgour","Kwun"
85495,"Penz","Dinah"
42769,"Haumacher","Weiyi"
444034,"Bernardeschi","Jackson"
244551,"Rande","Diederik"
439990,"Dahlbom","Yinlin"
252874,"Guardalben","Dhritiman"
235081,"Weedon","Shen"
416576,"Rothenberg","Inderjeet"
30253,"Valette","Renee"
67257,"Baig","Marin"
282256,"Rusterholz","Augustine"
222551,"Rissland","Sungwon"
32735,"Simkin","Ewing"
284735,"Conde","Dinah"
260141,"Servi","Yifei"
410559,"Harnett","Shiv"
66138,"Itzfeldt","Mats"
220870,"Gist","Divine"
99168,"Rissland","Persi"
78447,"Bahk","Chiranjit"
40213,"Garnier","Samphel"
429447,"Lipner","Yuping"
104609,"Berendt","Kellyn"
468336,"Farris","Djenana"
270478,"Perelgut","Sudharsan"
442466,"Jiafu","Subir"
44188,"Peac","Slavian"
475539,"Birdsall","Rajmohan"
97492,"Schnabel","Dante"
76955,"Molenkamp","Jingling"
89656,"Undy","Maik"
418952,"Chiola","Monique"
238119,"Eterovic","Yannik"
103906,"Sifakis","Lucian"
21024,"Czap","Hinrich"
53092,"England","Tetsushi"
434912,"Hagimont","Hidde"
251100,"Itzigehl","Youssef"
216549,"Raney","Menkae"
471074,"Validov","Shimshon"
222330,"Bellone","Gor"
59031,"Kamble","Behnaam"
12704,"Tetzlaff","Gino"
430657,"Kroha","Guadalupe"
88010,"Ventosa","Prodip"
422270,"Christianini","Reinhold"
64126,"Perez","Suebskul"
291887,"Nyrup","Kristine"
59081,"Loncour","Masako"
11618,"Juneja","Gian"
268891,"Paludetto","Geoffrey"
16477,"Lamparter","Percy"
11730,"Delaune","Tzu"
91821,"Shigei","Serif"
411879,"Kulisch","Amstein"
433931,"Krone","Foong"
23849,"Segond","Berthier"
481387,"Conde","Badri"
452206,"Esposito","Arra"
294587,"Veccia","Billur"
288967,"Erbe","Mantis"
89591,"Gihr","Kristian"
459198,"Krogh","Tsz"
481159,"Perri","Oscar"
468063,"Henseler","Jungsoon"
222800,"Dalphin","Arch"
109326,"Georg","Xiaoqiang"
67955,"Bahl","Shahaf"
87759,"Ibel","Geoff"
461714,"Angot","Yoshimitsu"
239987,"Nations","Anwar"
234328,"Hanratty","Ayakannu"
49464,"Cappelletti","Siddarth"
295664,"Mitina","Dharmaraja"
79233,"Andreotta","Prasadram"
420766,"Toyoshima","Heon"
265681,"Atrawala","Marsal"
465417,"Baaleh","Kenton"
427475,"Wrigley","Hatim"
287135,"Nitta","Mohd"
230843,"Nittel","Otmar"
40700,"Rassart","Nectarios"
58895,"Spinelli","Eishiro"
34405,"Schiper","Shuky"
431343,"Isaak","Berhard"
258240,"Clouatre","Sushant"
17690,"Angelopoulos","Panayotis"
297637,"Glowinski","Munehiko"
64009,"Ranon","Huican"
202437,"Schaar","Barna"
297669,"Cunliffe","Ghassan"
20979,"Kumaresan","Pradeep"
216911,"Landherr","Evgueni"
297281,"Terekhov","Hidekazu"
12414,"Kruskal","Kish"
222149,"Bondorf","Arto"
57734,"Peek","Sailaja"
86968,"Halloran","Dekang"
46902,"Brender","Lena"
21007,"Junet","Christfried"
265203,"Sudkamp","Debatosh"
403539,"Falby","Jiann"
64876,"Heuser","Mart"
86169,"Linares","Taegyun"
92878,"Birjandi","Phule"
222936,"Lindqvist","Djenana"
231527,"Diderrich","Limsoon"
210995,"Muhlberg","Karsten"
464180,"Figueira","Seshu"
78485,"Weedman","Guther"
60904,"Gelosh","Tomokazu"
253491,"Covnot","Quingbo"
237425,"Murillo","Divine"
35078,"Trogemann","Koldo"
477870,"Hennebert","Kwan"
456667,"Loncour","Mototsugu"
257328,"Openshaw","Arlette"
481296,"Begiun","Dmitri"
106876,"Rahier","Val"
263046,"Wendorf","Jingling"
258950,"Brodal","Naftali"
212610,"Kaiserswerth","IEEE"
406952,"Baaz","Arve"
238641,"Yamaashi","Domenico"
72805,"Emden","Lijia"
422766,"Toyoshima","Zhensheng"
218772,"Collette","Vidar"
206691,"Cincotta","Gennady"
206870,"Besselaar","Yucel"
294256,"Yetim","Adam"
54237,"Undy","Shigehito"
441618,"Pelc","Tran"
400289,"Bellmore","Adas"
227249,"Erni","Hideyuki"
481905,"Syrzycki","Hironoby"
284842,"Argence","Aluzio"
279500,"Gurbaxani","Shugo"
255592,"Bakhtari","Jaideep"
439298,"Auyong","Christoph"
409983,"Bach","Yinghua"
214482,"Staelin","Henk"
62330,"Clemencon","Mokhtar"
282952,"Swist","Demin"
104738,"Pluym","Gino"
72674,"Lamparter","Weiru"
34889,"Haumacher","Diederik"
51036,"Fasbender","Chriss"
224162,"Olano","Munenori"
425974,"Begiun","Eberhardt"
457606,"Janocha","Bodo"
447027,"Candan","Angus"
245136,"Schwartzburd","Filipp"
419881,"Winter","Navin"
408264,"Flanders","Shih"
31131,"Zolotykh","Conal"
239157,"Theuretzbacher","Henk"
78676,"Birjandi","Mona"
40052,"Sichman","Fay"
73523,"Parascandalo","Fei"
262164,"Ashish","Abdulla"
69519,"Lamba","Aral"
402642,"Engelmann","Tayeb"
237174,"Dayang","Juyoung"
227969,"Mandell","Falguni"
84672,"Lamparter","Mihalis"
260137,"Lamba","Panayotis"
69531,"Panienski","Karoline"
51232,"Leslie","Sanjoy"
92747,"Suri","Uno"
17836,"Merle","Nectarios"
62136,"Hoogerwoord","Yuuichi"
420611,"Gluchowski","Kwan"
262769,"Mersereau","Nitsan"
470141,"Lieberherr","Achilleas"
453548,"Yavatkar","Herbert"
29431,"Bresenham","Jeong"
267008,"Godskesen","Bingning"
19792,"Pollock","Hidde"
101811,"Lenart","Chaoyi"
84352,"Gecsel","Elliott"
281789,"Stellhorn","Hidefumi"
257947,"Picel","Keung"
265727,"Cappelletti","Xiahua"
456477,"Babb","Uta"
58006,"Binding","Ipke"
472281,"Manderick","Itzchak"
207882,"Nannarelli","Shawna"
49958,"Esposito","Subhankar"
66811,"Yamaashi","Chenxi"
453776,"Bridgland","Mohamadou"
462202,"Menhardt","Theron"
448730,"Suessmith","Sugwoo"
219612,"Luby","Lene"
53231,"Hooghiemstra","Alexius"
65479,"Buescher","Masali"
416750,"Morris","Percy"
418037,"Gecsel","Wilmer"
404115,"Rissland","Sahrah"
234938,"Hooghiemstra","Kiyomitsu"
31231,"Lores","Denny"
211572,"Hofman","Temple"
28941,"Cichocki","Froduald"
104073,"Peral","Vitali"
54501,"Ramsey","Munenori"
281305,"Ouhyoung","Aron"
63724,"Sidou","Kensei"
56291,"Kakkar","Armond"
404463,"Lukaszewicz","Aloys"
210167,"Schaap","Kish"
95352,"Pews","Martine"
269154,"Wissmann","Shuichi"
249346,"Castellani","Kazuyasu"
458388,"Perna","Kenton"
98397,"Solares","Domenick"
249929,"Luders","Weidon"
416482,"Boreale","Ishfaq"
451505,"Levergood","Kerryn"
220826,"Rajcani","Froduald"
87138,"Aseltine","Zhiwei"
62618,"Journel","Georgi"
95150,"Parascandalo","Bluma"
101227,"Larfeldt","Kristin"
474353,"Zizka","Kannan"
230911,"Haldar","Yongmin"
210981,"Gecsel","Phule"
54818,"Mawatari","Boguslaw"
240572,"Emden","Shrikanth"
200958,"Rabehasaina","Khatoun"
434431,"Hiroyama","Berto"
249940,"Fendler","Foong"
295992,"Zultner","Jingling"
221132,"Bridgland","Dannz"
428228,"Harbusch","Marin"
285346,"Maquelin","Ioana"
273080,"Shimshoni","Greger"
283370,"Setlzner","Yakkov"
211850,"Alvarado","Isamu"
469060,"Farrow","Gianluca"
480473,"Gini","Henk"
21449,"Zweizig","Masanao"
61050,"McAffer","Dmitry"
26476,"Karcich","Bilhanan"
435640,"Kitai","Zdislav"
10308,"Holburn","Dzung"
223421,"Vickson","Nakhoon"
54145,"Deyuan","Elgin"
274816,"Minakawa","Shigehiro"
76634,"McClure","Utz"
26329,"Bellmore","Oksana"
82228,"Ghelli","Matk"
286119,"Baezner","Adly"
239177,"Oxman","Zhenbing"
73687,"Bakhtari","Zito"
279899,"Falster","Maia"
268343,"Katalagarianos","Vatsa"
246601,"Panangaden","Minghong"
104428,"Jeansoulin","Cheong"
54162,"Granlund","Ayonca"
289607,"Benveniste","Hirochika"
294964,"Dratva","Nikolaos"
292961,"Lorho","Jianhua"
75013,"Tsukune","Luisa"
46827,"Talmon","Sachin"
41246,"Kohling","Sanjiv"
31722,"Schieder","Kamakshi"
424677,"Karcich","Patricia"
13949,"Perna","Fai"
232062,"Salinas","Sham"
79823,"Kaminger","Ioana"
471295,"Cronau","Pragnesh"
435994,"Naudin","Tadahiro"
271179,"Murrill","Jaewoo"
82189,"Lamparter","Juyoung"
280817,"Baik","Valeri"
277360,"Gerteisen","Caolyn"
273513,"Luan","Chiranjit"
441799,"Lieberherr","Heng"
452735,"Felder","Sanjoy"
285470,"Turnbull","Gill"
106939,"Beausoleil","Zhilian"
461842,"Itzigehl","Huan"
243421,"Kitsuregawa","Shir"
43809,"Thiran","Adin"
43147,"Murrill","Subhankar"
41278,"Rosti","Fun"
265296,"Gubsky","Eberhardt"
30687,"Soicher","Bodh"
14898,"Jakobus","Gurbir"
98088,"Versino","Gay"
42085,"Hooghiemstra","Tonny"
467137,"Suermann","Ute"
90605,"Bage","Danco"
54748,"Showalter","Taizo"
270872,"Mansanne","Nathalie"
261512,"Verhaegen","Toshimi"
247344,"Nittel","Marsal"
225800,"Shackel","Doowon"
211938,"Waleschkowski","Baocai"
417154,"Vitiello","Reinhold"
219527,"Chvatal","Mountaz"
447401,"Feinberg","Perry"
247999,"Mungall","Goa"
85535,"Picaronny","Shuho"
402261,"Strehl","Jaewoo"
260448,"Kushner","Lijia"
51853,"Pleszkun","Aloke"
426103,"Iwayama","Zongyan"
73316,"Riefers","Genta"
86518,"Milicic","Janche"
91070,"Fairtlough","Uwe"
455517,"Brookman","Udi"
11672,"Businaro","Munir"
298302,"Lambe","Bodo"
230577,"Sambasivam","Djelloul"
463763,"Hiyoshi","Alexius"
228465,"Baer","Bodo"
451296,"Beidas","Shigeu"
259307,"Roisin","Shridhar"
104469,"Belinskaya","Magdalena"
102271,"Maliniak","Utz"
266166,"Yeung","Youjian"
222954,"Pleszkun","Persi"
275062,"Pappas","Kerhong"
92384,"Bressoud","Franziska"
89355,"Bergere","Zdislav"
38690,"Schnabel","Ipke"
435767,"Peha","Susanta"
475964,"Hitomi","Van"
96004,"Malinowski","Petter"
284588,"Braunschweig","Erzsebet"
207729,"Gyimothy","Collette"
44651,"Randt","Kellyn"
446609,"Denna","Hercules"
431708,"Lambe","Richara"
411231,"Jansen","Shin"
219778,"Ishibashi","Chuanti"
49982,"Kalefeld","Huican"
299949,"Lung","Serenella"
246970,"Kornyak","Barry"
100455,"Baak","Anyuan"
58760,"Vingron","Saniya"
67223,"Perz","Pascal"
248515,"Swiler","Duro"
19525,"Lieberherr","Nitsan"
267818,"Bade","Honglan"
231423,"Isaak","Eberhardt"
283775,"Usery","Moni"
204083,"Ramsay","Zito"
72900,"Schoegge","Fan"
287552,"Hockney","Idoia"
228771,"Menhoudj","Giri"
455466,"Alvarado","Jianhua"
286051,"Kushnir","Rutger"
25987,"Zizka","Yakkov"
271507,"Chaudhury","Paraskevi"
42977,"Schaar","Mountaz"
54467,"Giaccio","Basant"
273197,"Heusch","Adhemar"
237865,"Giaccio","Aram"
407564,"Petereit","Serenella"
464811,"Bahl","Achilleas"
446956,"Yoshimura","Eben"
285141,"Kushnir","Jingling"
97849,"Litzkow","Toshimitsu"
222003,"Veeraraghavan","Chrisa"
50190,"Schusler","Remko"
231222,"Reghbati","Gino"
203029,"Peron","Kensyu"
455523,"Heering","Yolla"
273574,"Kalorkoti","Prasadram"
255953,"Rosch","Aloke"
260241,"Thorelli","Shrikanth"
465366,"Dahlbom","Youssef"
246353,"Emmart","Jinpo"
272659,"Iwayama","Dayanand"
208928,"Merlo","Ramzi"
57596,"Schahn","Shigehito"
56777,"Heping","Paloma"
447574,"Iisaka","Tayeb"
202971,"Dayana","Fun"
74336,"Rothenberg","Fumitake"
251049,"Nivat","DeForest"
401257,"Conte","Ghassan"
454231,"Schoegge","Giordano"
450201,"Grospietsch","Krister"
15489,"Maksimenko","Ayonca"
408324,"Argence","Shigehito"
44178,"Schmezko","Jackson"
451548,"Sridhar","Mari"
225790,"Sambasivam","Saeed"
293312,"Pehl","Zito"
217029,"Rahier","Tadanori"
445960,"Schach","Rosalyn"
42734,"Imataki","Hatsukazu"
224776,"Salinas","Thanasis"
106476,"Carrera","Danco"
22789,"Leuchs","Zhenbing"
442315,"Mersereau","Mariangiola"
435602,"Kranzdorf","Dietrich"
454067,"Lindenbaum","Uma"
417672,"Peres","Xiaobin"
475047,"Garnier","Nahid"
446730,"Cappelletti","Randy"
20355,"Yetim","Feixiong"
468849,"Chachaty","Masali"
435981,"Kambil","Shigehiro"
232246,"Kamber","Claudi"
216295,"Siegrist","Kerhong"
449278,"Dalphin","Manibrata"
66563,"Carrere","Zhenhua"
420232,"Heystek","Claudi"
219480,"Remmele","Yurii"
292341,"Huhdanpaa","Sajjad"
412593,"Grabner","Maren"
473508,"Baba","Arun"
222781,"Dratva","Anneli"
16006,"Matzen","Frederique"
70339,"Ravishankar","Dmitry"
43241,"Kisuki","Adam"
410672,"Maierhofer","Shiv"
287347,"Melton","Noritoshi"
273266,"Manderick","Aiman"
253576,"Bardell","Mizuhito"
210809,"Cincotta","Erzsebet"
36201,"Luef","Emran"
446942,"Kamber","Teruyuki"
277708,"Tsukune","Ayonca"
99134,"Msuda","Debaprosad"
217792,"Gaughan","Radhia"
40057,"Kalloufi","Ghassan"
25493,"Eterovic","Garnet"
245053,"Rosca","Yechiam"
65695,"Mandell","Shigeo"
437924,"Slaats","Yurij"
270931,"Hutton","Shaowen"
437684,"Ventosa","Michaela"
72866,"Zumaque","Sverrir"
48124,"Hofmeyr","Hairong"
444844,"Cherinka","Taiji"
284649,"Kobara","Raimond"
246178,"Hiraishi","Tadanori"
217336,"Usdin","Jungsoon"
450774,"Baer","Oddvar"
206345,"Harnett","Kousuke"
470523,"Leonhardt","Chaosheng"
278549,"Werthner","Jaana"
253540,"Grabner","Munir"
107815,"Vidal","Peer"
440508,"Lieberherr","Herbert"
276913,"Backhouse","Charmane"
109415,"Ouhyoung","Heping"
45624,"Serra","Nikolaus"
230160,"Pagter","Bojan"
476023,"Shihab","Perry"
67464,"Danlos","Shahid"
41448,"Standera","Nahum"
474424,"Ramamoorthy","Greger"
281462,"Shiratori","Katsuo"
74646,"Luders","Christophe"
218015,"Spinelli","Mang"
410786,"Crouzet","Werner"
84969,"Coombs","Girolamo"
274997,"Schaaf","Fumitaka"
298361,"Lorcy","Chikara"
203161,"Attimonelli","Mohua"
445055,"Kumaresan","Yishai"
38107,"Puppe","Nahla"
434875,"Benaini","Rimli"
15521,"Argence","Takahiro"
271980,"Angel","Shigenori"
429238,"Luck","Mona"
299009,"Biron","Arra"
108211,"Reghbati","Gian"
447469,"Cappelli","Xiaobin"
443049,"Pesch","Aruna"
298016,"Rodham","Patricio"
91672,"Qiwen","Fayez"
74910,"Baar","Sanjiv"
412438,"Azuma","Kankanahalli"
271463,"Quittner","Duri"
247631,"Ghandeharizadeh","Naraig"
72626,"Murrill","Rosalie"
18151,"Demian","Yinghua"
471058,"Herbst","Shooichi"
224271,"Salverda","Hideo"
58942,"Junot","Cathie"
208719,"Oxenboll","Feiyu"
61272,"Dulin","Kwee"
273507,"Kilgour","Phuoc"
97728,"Lichtner","Leucio"
440497,"Leslie","Ohad"
107912,"Yemenis","Yonghong"
103887,"Ellozy","Alselm"
70784,"Akaboshi","Abdelwaheb"
426790,"Kropf","Sailaja"
262706,"Sifakis","Filipp"
425819,"Oberman","Muzhong"
210722,"Miculan","Chanjung"
223916,"Aumann","Lene"
29687,"Garnier","Leandro"
18224,"Spelt","Kristin"
288319,"Kaminger","Srinidhi"
431868,"Dalphin","Eckart"
262945,"Rotem","Tesuro"
447711,"Mitina","Kristina"
459802,"Rosay","Martial"
224498,"Khalil","Mary"
205001,"Ellozy","Abdelwaheb"
84999,"Koblitz","Turgut"
474737,"Molenkamp","Kotesh"
68767,"Gomatam","Rimli"
95127,"Liedekerke","Kristian"
26418,"Papsdorf","Weicheng"
429035,"Luef","Steve"
410042,"Huxford","Mona"
13248,"Guting","Keiichiro"
236964,"Foote","Adel"
278562,"Motley","Padma"
413675,"Litecky","Bernt"
294486,"Orsini","Mantis"
77436,"Wallrath","Juichirou"
446976,"Jarecki","Ennio"
63832,"Benzmuller","Vishv"
404389,"Wuwongse","Frazer"
284496,"Chinal","Ewing"
442569,"Spelt","Valeska"
296628,"Kavvadias","Elrique"
237362,"Simkin","Monique"
272467,"Picaronny","Kwangyoen"
21273,"Noriega","Masasuke"
205027,"Wilharm","Maren"
465300,"Bail","Apostol"
287859,"Aloisi","Yuriy"
257956,"McClure","Jaihie"
270189,"Cronau","Kitty"
255887,"Zockler","Theron"
71614,"Gniady","Moheb"
294785,"Carrere","Ymte"
279187,"Millington","Karsten"
246946,"Puppo","Jiakeng"
284191,"Lamba","Hidde"
98144,"Avouris","Tesuya"
221753,"Maliniak","Mong"
46124,"Barinka","Shunichi"
481375,"Wilharm","Narain"
230710,"Klassen","Jiann"
39948,"Rotem","Gino"
473860,"Zielinski","Qunsheng"
215316,"Zaumen","Luise"
468900,"Mungall","Jingling"
478380,"Krzyzanowski","Hiroyasu"
473696,"Skafidas","Conal"
35616,"Kaltofen","Yonghong"
416423,"Kaltofen","Toshimitsu"
230865,"Brattka","Takushi"
92461,"Heuter","Barun"
72788,"Dulli","Berthier"
218040,"Kushnir","Macha"
206142,"Poulakidas","Francoise"
424320,"Cooke","JoAnna"
22551,"Matzke","Abdelaziz"
40882,"Auyong","Nimmagadda"
226085,"Portugali","Kinh"
274359,"Gecsel","Dante"
47941,"Schwartzburd","Srinidhi"
296387,"Riexinger","Yuguang"
254621,"Hiraishi","Elgin"
225723,"Vakili","Djenana"
201516,"Negoita","Beshir"
235559,"Wilharm","Jiafu"
258810,"Sabnani","Ziva"
12229,"Pfau","Howell"
20910,"Kavraki","Chenyi"
426566,"Macedo","Radhakrishnan"
67560,"Suri","Lihong"
41267,"Marakhovsky","Roded"
257696,"Strooper","Kazunori"
229986,"Matzat","Serap"
463380,"Kadhim","Tomoyuki"
86460,"Hammerschmidt","Khoa"
469698,"Badr","Berto"
259104,"Ponthieu","Masali"
29139,"Merli","Eldridge"
65662,"Kirkerud","Temple"
106247,"Vecchio","Abdelghani"
41947,"Kawashima","Tse"
214984,"Yurov","Tomofumi"
213599,"Horswill","Tadahiro"
17123,"Beausoleil","Aruna"
20765,"Viele","Steve"
459280,"Remmers","Ramachenga"
258992,"Marakhovsky","Izaskun"
238926,"Halloran","Xuejun"
468651,"Onuegbe","Kenton"
290143,"Kamber","Deniz"
24926,"Gire","Toshimori"
409736,"Blokdijk","Valeska"
405416,"Spelt","Makato"
436271,"Neimat","Suvo"
39444,"Majewski","Huican"
246054,"Zambonelli","Zengping"
88307,"Rissland","Hein"
436036,"Litecky","Conrado"
204485,"Eiter","Odinaldo"
425524,"Makinen","JoAnne"
417938,"Bratsberg","Eldridge"
251972,"Hutter","Kousuke"
472898,"Swen","Frederique"
30825,"Foote","Arvin"
91086,"Fioravanti","Jiakeng"
55087,"Jonsson","Sashi"
481219,"Glinert","Fayez"
443767,"Borstler","Owen"
432811,"Tomescu","Aran"
230824,"Conde","Erez"
13210,"Klassen","Jianhua"
479126,"Kugler","Itzchak"
477480,"Bahl","Lein"
64632,"Brender","Zsolt"
410082,"Pileggi","Jovan"
477599,"Perly","Tonia"
459364,"Linnainmaa","Nechama"
27663,"Klyachko","Boaz"
422262,"Feinberg","Make"
203559,"Stranks","Arlette"
273229,"Merey","Bowen"
15707,"Speel","Richard"
38050,"Krohn","Dinah"
425487,"Egerstedt","Kellyn"
88170,"Peyn","Iara"
445249,"Gargeya","Nobuyoshi"
420179,"Salvesen","Chenye"
426675,"Gewali","Boutros"
403424,"Demeyer","Genta"
477200,"Pelc","Shrikanth"
470167,"Angel","Aloke"
107056,"Pesch","Xumin"
81973,"Panienski","Shigenori"
14382,"Sichman","Zhigen"
51926,"Ghandeharizadeh","Mohammad"
280543,"Baca","Qingxiang"
231654,"Vidal","Rasiah"
455537,"Rassart","Jackson"
449743,"Mateescu","Jaana"
477304,"Choobineh","Toshimitsu"
202271,"Benner","Josyula"
284081,"Kampfer","Deniz"
285292,"Fordan","Gino"
276176,"Kading","Cordelia"
235479,"Kuzuoka","Anwar"
31024,"Ciolek","Xiadong"
238506,"Leslie","Toshimi"
207998,"Tsukune","Fumiyo"
46275,"Reinhart","Richara"
25441,"Tomescu","Shietung"
20781,"Schaap","Weiru"
475363,"Jiang","Elgin"
472903,"Swiss","Nishit"
86503,"Lindenbaum","Munenori"
55475,"Bonifati","Tonia"
25340,"Bahr","Xiahua"
433616,"Gihr","Zhenbing"
241208,"Schapire","Fuqing"
426591,"Gulla","Bernt"
410409,"Uchoa","Tetsushi"
275684,"McConalogue","Haldon"
83829,"Zielinski","Cristinel"
477402,"Francisci","Make"
29650,"McAffer","Patricio"
277858,"Solares","Mohammed"
227031,"Fasbender","Jiafu"
64666,"Rijckaert","Shuho"
254170,"Kakkar","Suvo"
467295,"Ramaiah","Jolita"
26517,"Shimshoni","JiYoung"
202004,"Gladwell","Ayakannu"
61273,"Hainaut","Manohar"
104349,"Marakhovsky","Leni"
472431,"Jumpertz","Khun"
244779,"Schach","Bowen"
247256,"Reutenauer","Patricio"
42779,"Bain","Rosita"
212007,"Crelier","Khosrow"
34712,"Slobodova","Younwoo"
431875,"Quaggetto","Teruyuki"
432411,"Krichel","Golgen"
230134,"Merli","Sigeru"
446319,"Siepmann","Adam"
39886,"Erdmenger","Alassane"
67631,"Tomescu","Genevieve"
259473,"Heuter","Jovan"
410300,"Bressoud","Feixiong"
207244,"Verhaegen","Sariel"
70430,"Fordan","Adly"
472004,"Thummel","Willard"
17921,"Trachtenberg","Minghong"
23160,"Ressouche","Jinya"
412165,"Ozeki","Boalin"
73034,"Yoshizawa","Rosli"
293826,"Falck","Mahendra"
93856,"Smeets","Hirochika"
77101,"Marrakchi","Dung"
62937,"Neiman","Susanna"
42016,"Rosenbaum","Rajmohan"
225015,"Makinen","Snehasis"
407417,"Krider","Barton"
294698,"Hoppenstand","Greger"
278758,"Litecky","Radhika"
268671,"Garnier","Huai"
48061,"Schlenzig","Jaideep"
473814,"Rousseau","Terresa"
223889,"Rosis","Yagil"
436342,"Lorho","Sreenivas"
422963,"Birdsall","Jiafu"
421971,"Terwilliger","Chiranjit"
266784,"Camarinopoulos","Boguslaw"
232995,"Billawala","Jixiang"
464204,"Bruckman","Manu"
99010,"Smailagic","Luise"
449449,"Tetzlaff","Weidon"
255845,"Cronau","Kamakshi"
237715,"Meriste","Kwangjo"
81420,"Docker","Arup"
408910,"Nitta","Demin"
263854,"Peot","Urs"
412573,"Minakawa","Jaideep"
83674,"Kalloufi","Genta"
287470,"McFarlin","Jayson"
244335,"Pluym","Goetz"
231292,"Koshino","Gererd"
299925,"Sevcikova","Lijia"
18820,"Fontan","Xianlong"
448332,"Michaels","Abdelkader"
77941,"Feldmann","Jaana"
284820,"Strandh","Prasadram"
468175,"Ranft","Girolamo"
442053,"Alpin","Weiwu"
214164,"Tyugu","Maya"
27599,"Schieder","Kensei"
226054,"Miyakawa","Val"
473383,"Hasham","Christ"
218532,"Gien","Krisda"
438716,"Schmiedel","Marin"
452783,"Skrikant","Prodip"
408126,"Stassinopoulos","Premsyl"
84998,"Rande","Lillian"
458947,"Poupard","Zhenhua"
219432,"Panwar","Neven"
407406,"Kusalik","Halsur"
480658,"Zumaque","Munenori"
432373,"Casperson","Kiyokazu"
469895,"Heusch","Lein"
55571,"Pusterhofer","Arie"
477334,"Talmor","Rosita"
11537,"Pehl","DAIDA"
447262,"Egerstedt","Elvis"
21769,"Ghazalie","Maik"
427339,"Rodiger","JoAnna"
470275,"Tzvieli","JoAnne"
50662,"McClure","Munehiro"
461453,"Markovitch","Taizo"
285156,"Ruemmler","Otilia"
18603,"Rosiles","Xuejia"
284083,"Ritcey","Kannan"
96525,"Busillo","Ioana"
432975,"Schreiter","Ebru"
430134,"Casley","Tsutomu"
35442,"Vilarrasa","Masaki"
445659,"Bodoff","Jagoda"
69033,"Teitelbaum","Monique"
88261,"Liedekerke","Cristinel"
79296,"Tanemo","Jahangir"
70504,"Merey","JiYoung"
37180,"Rebaine","Arup"
80256,"Itzigehl","Sibyl"
442678,"Jording","Behnaam"
265052,"Merle","Jiong"
94716,"Matzel","Suzette"
438691,"Marrevee","Navin"
281201,"Fujisawa","Jinya"
77075,"Picaronny","Steen"
467655,"Binkley","Kwan"
414458,"Lorin","Weidon"
67172,"Berstel","Marke"
32034,"Lundstrom","JoAnna"
241478,"Quadeer","Dayanand"
263560,"Harllee","Mabry"
66289,"Keohane","Taizo"
272590,"Joslin","Irena"
268715,"Peyn","Jaewoo"
479118,"Schwabacher","Juyoung"
238128,"Wegerle","Djenana"
96773,"Gill","Leah"
244305,"Kragelund","Sachin"
88190,"Radivojevic","Lech"
446623,"Angelopoulos","Beshir"
468442,"Schwaller","Kwee"
273014,"Heusch","Marko"
43957,"Nastansky","Bilhanan"
276329,"Condotta","Olivera"
77285,"McDermid","JiYoung"
103611,"Streng","Arch"
258847,"Cummings","Yongqiao"
289171,"Linnainmaa","Sreekrishna"
249167,"Schmittgen","Yifei"
248955,"Trumbly","Clyde"
266313,"Garrabrants","Hideo"
417123,"Ramsak","Shao"
267506,"Hutton","Tianruo"
277040,"Hebden","Nahum"
264588,"Onuegbe","Zine"
433426,"Auria","Heng"
238096,"Rindone","Marsha"
428594,"Aamodt","Breannda"
108564,"Brookner","Hsiangchu"
294232,"Salvesen","Kasturi"
261569,"Albarhamtoshy","Thodoros"
92202,"Beidas","Hatsukazu"
264719,"Vendrig","Ebbe"
228399,"Stifter","Oscar"
222245,"Mandell","Kwee"
75985,"Tempesti","Snehasis"
275441,"Tsunoo","Chuanti"
104580,"Spieker","Karoline"
84921,"Fabrizio","Amalendu"
238433,"Tramer","Gay"
420083,"Shackel","Xuedong"
411760,"Gischer","Heekeun"
406617,"Vural","Jaana"
50724,"Strehl","Anneli"
12012,"Zolotykh","Syozo"
479215,"Sevcikova","Felicidad"
282993,"Kemmerer","Oguz"
255151,"Reghbati","Rasiah"
13392,"Beidas","Fumitake"
231637,"Rubsam","Aluzio"
32633,"Isard","Mokhtar"
26609,"Badr","Yongmin"
477884,"Jullig","Shimshon"
217104,"Standera","Cullen"
295390,"Fendler","Toshimo"
15372,"Broder","Nahum"
272186,"Weiland","Remko"
61464,"Dengi","Zejun"
88783,"Gruenwald","Dipayan"
24903,"Binkley","Mokhtar"
24079,"Raney","Chinya"
20126,"Langford","Tayeb"
258775,"Chinin","Stella"
459908,"Stavenow","Atreyi"
30484,"Chvatal","Sailaja"
224721,"Sury","Yannik"
468967,"Stamatiou","Shan"
423346,"Erbe","Koldo"
259837,"Radwan","Hideo"
219332,"Verhoeff","Shaowen"
103623,"Poupard","Chinhyun"
46874,"Rabehasaina","Naraig"
202820,"Peternell","Martins"
97911,"Lagarias","Iara"
58128,"Mandell","Adas"
451386,"Penz","Yechezkel"
267854,"Meszaros","Remko"
108528,"Pellegrinelli","Khue"
222023,"Saoudi","Gian"
94726,"Babu","Boalin"
266847,"Servieres","Noritoshi"
80741,"Salvesen","Hironoby"
229163,"Wroclawski","Susuma"
48947,"Akaboshi","Filipp"
428691,"Chenoweth","Sushant"
219587,"Maraist","Bojan"
465302,"Huxford","Unal"
260504,"Deverell","Khun"
281361,"Hooghiemstra","Frederique"
104394,"Collette","Mayuri"
422767,"Velardi","Nagui"
438479,"Weiland","Jenwei"
203643,"Mayerwieser","Yishai"
88488,"Maksimenko","Muzhong"
475299,"Cincotta","Luigi"
107474,"Goodrum","Taiji"
57768,"Talmor","Izaskun"
282763,"Goodrum","Tianruo"
288738,"Schieder","Charlene"
216014,"Perez","Hyuncheol"
421652,"Ramalingam","Hilary"
243269,"Pelz","Oguz"
238427,"Simkin","Diederik"
414769,"Beetstra","Khosrow"
96605,"Cusworth","Pragnesh"
266406,"Dalton","Duro"
220773,"Perry","Ekawit"
244170,"Gente","Ult"
228707,"Perly","Utpal"
234823,"Backhouse","Mariusz"
67959,"Milicic","Marek"
479242,"Munro","Deniz"
441852,"Rullman","Saddek"
213792,"Kropp","Bernd"
90643,"Bhattacharjee","Jeanna"
26784,"Breugel","Iara"
432224,"Bernick","Kellyn"
291929,"Sethi","Mechthild"
202485,"Krider","Fatemeh"
39377,"Alpin","Mingzeng"
276604,"Hainaut","Shichao"
438317,"Tyugu","Sandeepan"
43891,"Rosaz","Bartek"
245119,"Bala","Shahar"
462776,"Dechter","Mostafa"
431203,"Kitsuregawa","Arne"
264858,"Ducloy","Candida"
440302,"Christ","Subhrajyoti"
417879,"Demizu","Shunichi"
243142,"Yamaashi","Beshir"
291661,"Siepmann","Guozhong"
210154,"Salverda","Kristine"
19005,"Schmezko","Ennio"
411762,"Dichev","Koldo"
10061,"Herber","Tse"
404683,"Foote","Mabhin"
470704,"Karlin","Claudi"
438186,"Reistad","Constantino"
284337,"Uehara","Marek"
262796,"Terlouw","Lidong"
238339,"Plotkin","Takushi"
221641,"Cummings","Ulf"
441382,"Garnham","Rosella"
416920,"Kossowski","Ekawit"
469123,"Papastamatiou","Yongdong"
291445,"Reinhard","Barna"
274481,"Gammage","Przemyslawa"
12917,"Remmele","Sergi"
64711,"Azevdeo","Honglan"
218841,"DuCasse","Lenore"
83733,"Wolniewicz","Hitomi"
10885,"Cronau","Rayond"
93357,"Prochazka","Padma"
256057,"Khamsi","Shem"
104671,"Menhoudj","Shalesh"
25496,"Passafiume","Tamiya"
12645,"Decaestecker","Kyoichi"
409599,"Perelgut","Jungsoon"
92768,"Bratten","Moss"
17611,"Luit","Janche"
243900,"Garnham","Zhenbing"
257645,"Peak","Leen"
442480,"Denny","Branimir"
89868,"Alblas","Itzchak"
247902,"Lieberherr","Francesca"
46853,"Walston","Aiichiro"
238601,"Curless","Jaques"
87535,"Jayawardene","Vidar"
435270,"Pietrzykowski","Kwangjo"
412580,"Ozeri","Zejun"
236106,"Schapire","Yagil"
287323,"Dengi","Steve"
202819,"Atrawala","Ottavia"
296848,"Kermarrec","Jianhua"
468092,"Brender","Chaitali"
451764,"Bernardeschi","Shai"
66736,"Ranft","Frederique"
95270,"Pusterhofer","Toshiki"
82085,"Gurbaxani","Fatemeh"
43938,"Munch","Erzsebet"
232262,"Furedi","Anyuan"
61919,"Marrakchi","Qunsheng"
255251,"Haldar","Aruna"
23494,"Deyuan","Gino"
80573,"Stasinski","Nitsan"
481309,"Basagni","Abdulah"
414961,"Plavsic","Bernice"
242350,"England","Marie"
28157,"Cangellaris","Vincent"
28699,"Osgood","Hatsukazu"
475866,"Lunt","Akemi"
287827,"Welham","Ingmar"
231264,"Tsukuda","Vidar"
69154,"Bondorf","Zhilian"
66793,"Kambil","Lansing"
235758,"Badr","Freyja"
217456,"Narahari","Chenyi"
249756,"Genin","Isamu"
258234,"Zongker","Djelloul"
239999,"Weisert","Kagan"
72270,"Rubsam","Nitsan"
424673,"Asser","Stevo"
99370,"Kilgore","Xinglin"
90560,"Janocha","Sakthirel"
423016,"Quadeer","Stella"
12013,"Vidya","Baziley"
299277,"Straney","Clyde"
248312,"Bierman","Sanjit"
429961,"Swiss","Houman"
91139,"Quittner","Gererd"
22999,"Erde","Chiranjit"
427654,"Erez","Manohar"
63003,"Serdy","Cathie"
53074,"Gerlach","Kristen"
29435,"Gajiwala","Neven"
218639,"Ecklund","Perry"
109857,"Clouatre","Chinhyun"
47493,"Salvesen","Shugo"
27221,"Rosar","Syozo"
213571,"Eterovic","Becky"
61316,"Farris","Foong"
61474,"Kusalik","Oscal"
74962,"Stranks","Odysseas"
260885,"Bugaenko","Dmitri"
91408,"Birke","Khalid"
282682,"Velasco","Weiru"
236866,"Melter","Kensyu"
80376,"Hofman","Maha"
442785,"Tibblin","Jacqueline"
408963,"Bail","Ramya"
50884,"Sethi","Berto"
431152,"Ruther","Tsutomu"
424785,"Kugler","Mona"
85459,"Denny","Odinaldo"
446645,"Ranst","Ferdinand"
230581,"Butner","Sampalli"
87673,"Yetto","Halsur"
427988,"Barvinok","Martial"
288781,"Shobatake","Hidde"
286258,"Thiran","Chriss"
60915,"Perko","George"
79104,"Ibel","Shigeaki"
450958,"Hardjono","Ferdinand"
455402,"Luce","Nidapan"
411514,"Kalsbeek","Bedir"
227350,"McAffer","Khosrow"
291689,"Fiutem","Parto"
227147,"Servieres","Yucel"
433535,"Perfilyeva","Roselyn"
54757,"Birjandi","Reinhold"
286673,"Ertl","Arunas"
267462,"Munke","Yonghoan"
37734,"Honiden","Khedija"
269573,"Trumbly","Shugo"
101398,"Schlenzig","Miomir"
98355,"Matzat","Gopalakrishnan"
94881,"Muhlberg","Ioana"
86180,"Narahara","Hsiangchu"
237176,"Matzel","Nadjib"
455926,"Rattan","Kamakshi"
74975,"Szilard","Rasikan"
75311,"Ernst","Ger"
200259,"Hockney","Ult"
438726,"Serov","Ewing"
412104,"Hettesheimer","Premal"
473407,"Brickell","Hatim"
31743,"Sinitsyn","Lihong"
440366,"Armand","Babette"
103595,"Hutton","Zhensheng"
26451,"Levasseur","Tianruo"
233127,"Gire","Fun"
61399,"Chinen","Unal"
68584,"Anick","Jeanne"
438684,"Menyhert","Limsoon"
30508,"Aloisi","Herbert"
29229,"Zaiane","Tiina"
444472,"Suermann","Masali"
16654,"Fargier","Arnd"
480252,"Calkin","Sivanarayana"
74331,"Taubman","Christophe"
419747,"Rosen","Georgy"
259086,"Sidou","Masaru"
248559,"Melter","Yuqun"
64882,"Perng","Falguni"
417163,"Xiaoshan","Kauko"
416682,"Juneja","Zejun"
53966,"Ventosa","Lobel"
291892,"Nollmann","Babette"
419638,"Birsak","Lein"
266128,"Trelles","Mario"
84961,"Conry","Goetz"
279433,"Billawala","Tetsurou"
84704,"Maliniak","Niclas"
400334,"Chepyzhov","Dekang"
262006,"Sherertz","Steve"
259113,"Salverda","Mandell"
205788,"Bouloucos","Samphel"
99709,"Nitta","Richard"
471098,"Soloway","Masasuke"
272829,"Babb","Guadalupe"
24810,"Serot","Kristen"
443537,"Zaiane","Chenxi"
41558,"Iisaku","Mayumi"
234142,"Kusakari","Xiaoqiu"
19071,"Gruenwald","Leah"
205161,"Kisuki","Divier"
406809,"Biron","Sandeepan"
298537,"Szilard","Constantine"
259401,"Zhiwei","Gaetan"
70252,"Ginesta","Kwee"
448590,"Mundy","Lillian"
299645,"Tiemann","Petter"
223580,"Aseltine","Neelam"
51961,"Schade","Ramalingam"
27548,"Riexinger","Slavian"
474041,"Bruckman","Jouni"
43798,"Demos","Xuejia"
470282,"Varley","Tayeb"
444037,"Klyachko","Uwe"
434437,"Griswold","Rosalyn"
421948,"Chorvat","Marl"
277494,"Coullard","Kinh"
252967,"Foong","Tuval"
289566,"Scallan","Heon"
291072,"Vingron","Keiichiro"
435605,"Morrey","Sakthirel"
411643,"Billawala","Kankanahalli"
402468,"Zeleznik","Kerhong"
472804,"Levasseur","Bogdan"
232012,"Veldwijk","Yefim"
218391,"Edelhoff","Jeanna"
443457,"Demke","Kazuhisa"
460071,"Krzyzanowski","Tamiya"
63819,"Erde","Holgard"
469011,"Kruskal","Howell"
104982,"Harnett","Manohar"
46731,"Zeilberger","Teruyuki"
219021,"Schaaf","Hiroyasu"
273384,"Terkki","Arra"
298093,"Birke","Masanao"
467372,"Lemarechal","Gian"
15223,"Harllee","Izaskun"
457966,"Bresenham","Mamdouh"
456777,"Viele","Mitchel"
213305,"Farris","Takahira"
435355,"Taubman","Conor"
61340,"Waeselynck","Lubomir"
57135,"Dolinsky","Christ"
409262,"Wissmann","Martial"
271952,"Bernardeschi","Karsten"
228655,"Blokdijk","Jiong"
242647,"Itzigehl","Jiong"
415090,"Edelhoff","Khun"
99714,"Azevdeo","Leah"
90187,"Crouzet","Bilhanan"
85884,"Birge","Younwoo"
411777,"Detkin","Ortrud"
281310,"Badr","Arfst"
227996,"Couchot","Sukumar"
216940,"Luiz","Remzi"
296531,"Beausoleil","Shay"
96769,"Parascandalo","Arun"
228682,"Crelier","Deniz"
95338,"Czaja","Shaunak"
48725,"Setiz","Gila"
211674,"Dahlbom","Sajjan"
56854,"Brodal","Duro"
400375,"Jumpertz","Gonzalo"
426717,"Murtagh","Lillian"
43070,"Attimonelli","Oksana"
284684,"Foong","Adamantios"
54036,"Quadeer","Arra"
79758,"Pettit","Adil"
406648,"Akaboshi","Parviz"
403081,"Vidal","Nahum"
68803,"Ranon","Achilleas"
289930,"Brookman","Monique"
227729,"Usery","Katsuyuki"
55718,"McAffer","Jeane"
284994,"Georgakopoulos","Gal"
26047,"Glinert","Hironobu"
15708,"Kushnir","Reuven"
99484,"Knightly","Goncalo"
467765,"Cunliffe","Xiaobin"
291826,"Rande","Roddy"
10629,"Francisci","Lalit"
226485,"Lupu","Erzsebet"
416872,"Furudate","Noritoshi"
209156,"Kalafatis","Anoosh"
231172,"Berstel","Berthier"
90970,"Flanders","Mari"
268798,"Ratnakar","Paraskevi"
232515,"Candan","Ymte"
466650,"Gimbel","Yishai"
401988,"Kalloufi","Jessie"
260723,"Ginesta","Makato"
253320,"Asser","Takahiro"
12675,"Krohm","Dekang"
228366,"Zhang","Mantis"
91202,"Zlotek","Yonghong"
90890,"Marchesini","Berry"
419316,"Millington","Christoper"
477923,"Conde","Augustine"
400132,"Beidas","Hyuckchul"
60474,"Preusig","Roselyn"
457159,"Katiyar","Ayonca"
21028,"Jansch","Hugo"
19760,"Luft","Boriana"
65485,"Barinka","Luisa"
99336,"Syrzycki","Mechthild"
403836,"Syrotiuk","Heng"
31165,"Impagliazzo","Sachin"
10705,"Wynblatt","Hironobu"
86395,"Grospietsch","Duke"
287571,"Stenning","Kristin"
425473,"Cappelli","Giao"
72131,"Hockney","Bader"
30196,"Erva","Sven"
435275,"Eterovic","Arto"
42267,"Conte","Lorien"
237957,"Bahk","Manton"
93703,"Birjandi","Sushant"
43327,"Claffy","Seongbin"
32867,"Lanphier","Huei"
30923,"Ellozy","Chandrasekaran"
249893,"Stranks","Masaki"
102819,"Jonsson","Indrajit"
78863,"Chinen","Arie"
458800,"Baak","Ulf"
286221,"Figueira","Shahaf"
275491,"Spieker","Gil"
271276,"Fandrianto","Rayond"
474921,"Baak","Aimee"
299808,"Weiland","Aleksandar"
276970,"Farrel","Goh"
207684,"Camurati","Vishu"
427838,"DiGiano","Breannda"
290918,"Mawatari","Mantis"
274743,"Driscoll","Irena"
215573,"Azadmanesh","Lijie"
409155,"Yamaashi","Bikash"
476847,"Babb","Shalesh"
13173,"Horswill","Arve"
227559,"Lichtner","Gina"
414319,"Brendel","Zengping"
270408,"Krone","Hein"
58205,"Adachi","Yuchang"
413615,"Bahk","Vojin"
96793,"Rohrbach","Teiji"
53176,"Zockler","Changho"
18988,"Reeken","Berry"
23920,"Kossowski","Gererd"
13349,"Danner","Zeydy"
448616,"Soicher","Sachar"
104761,"Zongker","Rutger"
253339,"Erol","Fabrizio"
276602,"Seiwald","Shuzo"
21400,"Valtorta","Marke"
461783,"Bednarek","Phuoc"
210088,"Kinley","Flemming"
39615,"Kossowski","Naraig"
438715,"Garnick","Idoia"
258344,"Swist","Sanjeeva"
268463,"Pews","Nimmagadda"
212725,"Billingsley","Rance"
464708,"Bierman","Taizo"
441202,"Roohalamini","Wilmer"
255979,"Manders","Itzchak"
271541,"Cronau","Vidya"
480057,"Teitelbaum","Hein"
62695,"Jenevein","Guangming"
296887,"Weedon","Yakichi"
422615,"Bahl","Mana"
256546,"Nooteboom","Hein"
88336,"Holburn","Xiadong"
22783,"Beerel","Takahiro"
66959,"Kamber","Aluzio"
241793,"Zockler","Chandrasekaran"
298937,"Birke","Sorina"
474557,"Wissmann","Ayonca"
46678,"Munch","Arto"
11980,"Pews","Yechezkel"
462285,"Asrin","Mitchel"
450553,"Dehkordi","Greger"
212117,"Hutter","Gill"
109996,"Gelosh","Dines"
67539,"Zambonelli","Iara"
465471,"Birta","Wilmer"
228189,"Falster","Kristian"
453197,"Kuzuoka","Turgut"
257108,"Streng","Khoa"
229520,"Anily","Anyuan"
255858,"Marzano","Monique"
255230,"Dymetman","Elvis"
35649,"Einsfeld","Toshimitsu"
413302,"Chappelet","Shao"
201736,"Falster","Randi"
62352,"Belinskaya","Susumu"
264119,"Spinelli","Hausi"
202494,"Gyimothy","Hugo"
401261,"Szilard","Phule"
45202,"Hebden","Xudong"
80673,"Gustavson","Duke"
49203,"Billawala","Vasilii"
439563,"Berendt","Dulce"
271407,"Angot","Aram"
59318,"Furedi","Mitsuyuki"
239951,"Uhrik","Deniz"
416864,"Shiratori","Chiradeep"
27108,"Greenaway","Tayeb"
49722,"Shimshoni","Aris"
475636,"Ramsey","Kazuhito"
90598,"Bennet","Amalendu"
71064,"Genther","Kokou"
452796,"Flexer","Xinan"
266389,"Pauthner","Armond"
41917,"Schlumberger","Fumitake"
263045,"Linares","Taizo"
55267,"Berendt","Uta"
41772,"Decaestecker","Leon"
469811,"Braccini","Marco"
235214,"Axelband","Mary"
218560,"Ramamoorthy","Charmane"
235314,"Papadias","Baocai"
35780,"Tyugu","Duro"
243229,"Delgrossi","Haldun"
205984,"Cooke","Jingling"
72286,"Tanemo","Sreekrishna"
443597,"Showalter","Prasadram"
262603,"Ligten","Masasuke"
440167,"Werthner","Hein"
282199,"Hofstetter","Yuriy"
292308,"Serdy","Aruna"
17553,"Bamford","Toshimitsu"
272422,"Carrere","Takushi"
80176,"Panienski","Masadi"
260631,"Harllee","Adin"
92178,"Isard","Muzhong"
248439,"Luef","Paddy"
98070,"Yetim","Along"
279005,"Harbusch","Jiakeng"
104978,"Erol","Shimshon"
27673,"Jonsson","Hatem"
468917,"Swick","Limsoon"
405877,"Braccini","Olivera"
250872,"Nilsson","Annemarie"
267702,"Tzvieli","Gritta"
452211,"Vanwelkenhuysen","Xinyu"
64415,"Muhlberg","Mingdong"
449587,"Anger","Temple"
417265,"Cooley","Perry"
271465,"Silva","Dannz"
23630,"Gadepally","Khaled"
407814,"Waymire","Dinah"
13007,"Frolund","Yagil"
294956,"Felder","Hidde"
67779,"Welham","Niclas"
470622,"Desikan","Maren"
100297,"Paludetto","Jamaludin"
47104,"Improta","Along"
470968,"Bierman","Cathie"
421721,"Reinhart","Shao"
208334,"Linares","Mani"
257655,"Marakhovsky","Hitofumi"
437858,"Rubsam","Jianhua"
261540,"Snedden","Nitsan"
76935,"Serna","Atreye"
30077,"Yurek","Shim"
219548,"Naumovich","Anestis"
205291,"Birsak","Shigeu"
274232,"Mitzlaff","Souichi"
247325,"Matzov","Zsolt"
263632,"Vernadat","Shuky"
20909,"Perko","Zvonko"
455624,"Kirkerud","Rosli"
10411,"Klerer","Lidong"
439198,"Osgood","Chandrasekaran"
402631,"Rijsenbrij","Shunichi"
262340,"Deverell","Zengping"
481075,"Braunmuhl","Uriel"
462739,"Velardi","Karsten"
38553,"Bage","Dinkar"
419585,"Pezzoli","Ramachenga"
82818,"Kenevan","Wanqing"
265261,"Iisaku","LiMin"
242067,"Impagliazzo","Hugo"
39612,"Asrin","Lubomir"
237325,"Passino","Jayson"
213083,"Nishimukai","Wonhee"
17124,"Angelopoulos","Amabile"
29217,"Bridgland","Aamer"
475384,"Domenig","Kiyokazu"
259228,"Mikschl","Sastry"
281475,"Rosch","Sachin"
34291,"Wissmann","Sorina"
478880,"Radhakrishnan","Billie"
290791,"Lorie","Apostol"
296058,"Itschner","Adel"
405873,"Zaumen","Shaleah"
219017,"Cangellaris","Atilio"
270905,"Akaboshi","Idoia"
109928,"Nergos","Arlette"
476630,"Nittel","Kensyu"
410235,"Poujol","JoAnna"
220830,"Vadhan","Kiyokazu"
235065,"Orsini","Etsuo"
223822,"Geffroy","Remco"
43605,"Rodite","Boalin"
68171,"Busillo","Weiwu"
62978,"Emden","JiYoung"
278345,"Schwaller","Marko"
209492,"Asmuth","Mabo"
18244,"Dalton","Patricio"
452292,"Melichar","Phuoc"
101250,"Bail","Shaleah"
413937,"Anguita","Pohua"
96118,"Dechter","Lijie"
205914,"Varman","Jouko"
281396,"Esteva","Tadanori"
224634,"Pramanik","Oscal"
408339,"Seiwald","Yolla"
73621,"Imataki","Gadiel"
269898,"Castellani","Unal"
109665,"Solares","Mong"
288767,"Giveon","Brewster"
240688,"Templeman","Christfried"
481361,"Argence","Nectarios"
453930,"Ramsey","Sachem"
224530,"Papadias","Manibrata"
459315,"Birnbaum","Emdad"
64128,"Pollacia","Masaki"
247878,"Peha","Doohun"
200632,"Mattern","TRUE"
26067,"Katzenelson","Premal"
214038,"Gornas","Danil"
226221,"Randt","Martine"
218967,"Birta","Arie"
209923,"Percebois","Valter"
29870,"Stranks","Troy"
462807,"Ratnaker","Hauke"
275694,"Fortenbacher","Zhonghua"
214557,"Joslin","Subhash"
283534,"Waeselynck","Basant"
280184,"Gimarc","Kotesh"
233861,"Gornas","Arne"
443434,"Busillo","Duke"
215934,"Erdi","Weiru"
278983,"Bodoff","Suzette"
246195,"Terlouw","Jaihie"
95505,"Cooley","Tsz"
15725,"Petersohn","Shuichi"
105669,"Michaels","Basem"
404421,"Ulupinar","Marie"
218014,"Redmiles","Krister"
268929,"Morrin","Barun"
455355,"Rotem","Remko"
425873,"Conti","Visit"
216494,"Kalefeld","Rimon"
73924,"Simmen","Heather"
272897,"Erde","Gila"
205013,"Wilfing","Sasan"
239084,"Rando","Subhash"
75102,"Koyama","Szabolcs"
217909,"Capobianchi","Mircea"
260336,"Rajala","Denny"
259737,"Rosti","Jeong"
250886,"Busillo","Kagan"
218089,"Busillo","Weiye"
280807,"Zockler","Christfried"
69174,"Tempesti","Gal"
457063,"Sury","Stevo"
276456,"Zallocco","Arnd"
442122,"Cools","Junsik"
479467,"Sommer","Gully"
446541,"Brandsma","Djelloul"
92017,"Laurillard","Tiina"
431490,"Sanella","Sangeeta"
238495,"Poehlman","Chikara"
228809,"Fritzsche","Emdad"
31891,"Gelosh","Weiru"
420308,"Bruckman","Zhensheng"
84197,"Baer","Dekang"
46759,"Basart","Zissis"
106906,"Fontan","Ohad"
273603,"Callaway","Siamak"
401969,"Pleszkun","Guozhong"
86152,"Kossowski","Gino"
36633,"Lortz","Yonghong"
435104,"Bisiani","Aris"
287170,"Worfolk","Hausi"
80513,"Unno","Gurbir"
77232,"Krogh","Kinh"
289192,"Sadowsky","Mack"
13930,"Chartres","Sukumar"
283289,"Akaboshi","Yechezkel"
239777,"Conia","Pranas"
31056,"Comellas","Divine"
435237,"Worfolk","Ugo"
30594,"Picel","Hitomi"
37288,"McClurg","Mahmut"
45432,"Barreiro","Richard"
437175,"Muntz","Tzu"
95780,"Hammerschmidt","Kazuhito"
451329,"Broomell","Seongbae"
75061,"Benner","Jeanne"
32060,"Hambrick","Anneke"
275464,"Weedman","Seshu"
251061,"Bodoff","Luigi"
425119,"Kaiserswerth","Charlene"
465373,"Pesch","Maja"
241048,"Panienski","Lucian"
77129,"Zaiane","Jaques"
17298,"Kowalchuk","Deborah"
275638,"Maquelin","Masoud"
257901,"Lorin","Suvo"
467571,"Erni","Mohua"
100564,"Besancenot","Przemyslawa"
437736,"Lieberherr","Valeska"
97681,"Tchuente","Xinyu"
108053,"Nilsson","Abdelghani"
29175,"Szmurlo","Ebru"
95360,"Petersohn","Felicidad"
34108,"Menhardt","Otilia"
470816,"Kirkerud","Lihong"
467215,"Oxenboll","Guttorm"
403805,"Cannard","Yefim"
287542,"Ghazalie","Fumiyo"
93329,"Anily","Shirish"
265067,"Worfolk","Dipayan"
217507,"Smeets","Paris"
441351,"Fujisawa","Nectarios"
422521,"Falco","Gennadi"
64526,"Uehara","Masoud"
219541,"Shrader","Syozo"
406841,"Garnham","Xuejia"
229251,"Bugaenko","Tze"
298700,"Monkewich","Teunis"
216570,"Lubachevsky","Fumiya"
63727,"Zolotykh","Hauke"
207054,"Miake","Arto"
84213,"Herath","Snehasis"
258671,"Delgrossi","Weijing"
98566,"Pileggi","Akeel"
64527,"Gaughan","Guenter"
21982,"Rouquie","Karlis"
258741,"Ermel","Xiaoheng"
82302,"Lung","Udo"
223067,"Yoshimura","Kristof"
234125,"Kolinko","Navin"
86392,"Kolinko","Przemyslawa"
105956,"Rodier","Sudharsan"
238686,"Chvatal","Demin"
216698,"Thebaut","Horward"
412424,"Demos","Zita"
80198,"Anger","Yefim"
279009,"Brookman","Taiji"
106680,"Felcyn","Arie"
86776,"Danecki","Palash"
414794,"Hanabata","Hinrich"
60781,"Montresor","Kasturi"
209920,"Antonisse","Jaewoo"
435630,"Baer","Dines"
421529,"Wroclawski","Mamdouh"
53426,"Azadmanesh","Masadi"
28920,"Gist","Froduald"
246829,"Engelmann","Amabile"
279644,"Gurbaxani","Yannis"
261209,"Bonifati","Odoardo"
228798,"Munro","Niranjan"
93623,"Angelov","Valdiodio"
452902,"Delgrande","Jayesh"
80249,"Matzen","Guenter"
234479,"Manderick","Shiv"
42556,"Vieri","Lena"
422914,"Kirkerud","Emran"
290564,"Ghandeharizadeh","Teunis"
101365,"Solovay","Fumitake"
100111,"Kornyak","Mayuri"
271524,"Angiulli","Lubomir"
103158,"Georgatos","Shen"
102695,"Goldhammer","Stella"
68926,"Madeira","Giap"
470614,"Boyle","Tru"
68696,"Trelles","Menkae"
50339,"Syrotiuk","Munehiko"
451316,"Marakhovsky","Alair"
265870,"Lamba","Zongyan"
229497,"Bach","Dekang"
17695,"Chvatal","Kazuhiro"
75802,"Pero","Huai"
96711,"Rissland","Tomoyuki"
418717,"Magliocco","Arunachalam"
266504,"Armand","Khaled"
441346,"Birge","Arvin"
448544,"Gecsei","Richara"
290186,"Awdeh","Herb"
291567,"Menhardt","Yinghua"
43411,"Peral","Otilia"
245999,"Mamelak","Phuoc"
420229,"Esposito","Kristian"
15904,"Luff","Arno"
443309,"Kroll","Uinam"
87768,"Solares","Munehiro"
24888,"Felder","Murthy"
415891,"Gustavson","Moti"
408813,"Siochi","Xiaocheng"
25780,"Bernick","Zvonko"
19069,"Servi","Dayanand"
85671,"Kobuchi","Nathan"
235890,"Merkl","Billur"
89129,"Speel","Aamod"
242114,"Orlowska","Angus"
412164,"Merro","Slavian"
417674,"Felcyn","Felicidad"
268211,"Jansch","Sverrir"
481342,"Rodham","Eldridge"
403176,"Cooke","Bernd"
295916,"Angelov","Eberhardt"
71264,"Pettis","Lijia"
223915,"Whitcomb","Oldrich"
238065,"Genther","Kwok"
237620,"Pettis","Jixiang"
52420,"Pramanik","Badri"
260120,"Silva","Hilary"
259259,"Gist","Douadi"
210174,"Quadeer","Chirstian"
437295,"Solovay","Shao"
71067,"Rehfuss","Xiaoqiang"
247519,"Demian","Hatim"
75699,"Uhrig","Toshimi"
408092,"Miara","Josyula"
94493,"Lichtman","Filipp"
211008,"Vecchi","Ziva"
471794,"Wegerle","Denny"
402120,"Beausoleil","George"
276685,"Piveteau","Pradeep"
212021,"Plessier","Arto"
241894,"Reeken","Luisa"
55841,"Kadhim","Susanne"
401978,"Waymire","Shaz"
439482,"Masaki","Fen"
15134,"Luiz","Arun"
94853,"Mukaidono","Bartek"
35771,"Tokunaga","Arno"
230353,"Maierhofer","Siamak"
473745,"Pillow","Poornachandra"
253217,"Honiden","Subhash"
27930,"Weedon","Lillian"
261085,"Birke","Rildo"
479279,"Bratsberg","Uinam"
473252,"Harbusch","Sorina"
242476,"Conta","Shem"
233279,"Bernick","Danae"
416522,"Mikschl","Hauke"
406800,"Colorni","Cheong"
107359,"Lamma","Xiong"
294853,"Bratten","Kristine"
262689,"Lieblein","Shahaf"
400179,"Aseltine","Vishu"
210676,"Tsukuda","Nahla"
12513,"Vesna","Niteen"
275278,"Serre","Nikolaus"
258931,"Ritzmann","Mori"
62840,"Luff","Manu"
237256,"Kieras","Brigham"
276311,"Kobara","Lalit"
83550,"Sommen","Sukumar"
264390,"Waeselynck","Abdelghani"
61867,"Gils","Tesuya"
22543,"Luff","Junichi"
109922,"Penttonen","Alair"
100155,"Christianini","Alain"
71137,"Segond","Honesty"
252484,"Babb","Mechthild"
214299,"Karner","Jiafu"
437471,"Plesums","Zijian"
417141,"Belinskaya","Mandell"
245895,"Perez","Frazer"
217019,"Sifakis","Sukumar"
459895,"Chinin","Werner"
249309,"Conta","Jeong"
61446,"Yurek","Tayeb"
463093,"Frolund","Evgueni"
25212,"Carrere","Poorav"
232674,"Szilard","Arco"
209097,"Vakili","Mototsugu"
476485,"Stassinopoulos","Maria"
461701,"Farrar","Ebru"
268980,"Underwood","Zeydy"
32696,"Hofstetter","Luisa"
245873,"Sidhu","Mads"
478184,"Besselaar","Falguni"
460104,"Miyakawa","Bogdan"
262502,"Sudbeck","Kensei"
38488,"Merro","Guther"
204006,"Murtagh","Lene"
37109,"Varman","Pranjal"
419506,"Siprelle","Irena"
66752,"Neiman","Aiichiro"
455496,"Schaap","Kasidit"
435655,"Melichar","Tua"
462451,"Barvinok","Eran"
454090,"Schaad","Arne"
47430,"Guerreiro","Bogdan"
481417,"Cardazo","Boguslaw"
262654,"Dalphin","Shimshon"
41884,"Kavanagh","Marek"
81338,"Erol","Xiaoqiang"
69008,"Serot","Xiahua"
29913,"Rajala","Falguni"
231946,"Talmon","Jamaludin"
459079,"Apsitis","Takahiro"
294922,"Albarhamtoshy","Kauko"
294365,"Lindenbaum","Lillian"
85537,"Bernatsky","Tzu"
415418,"Lund","IEEE"
11099,"Spataro","Woody"
233348,"Renear","Ebbe"
48828,"Gornas","Steen"
108948,"Molberg","Marc"
418671,"Calkin","Xiaoshan"
66928,"Plessier","Charlene"
401210,"Lampe","Yurij"
429129,"Segond","Hilari"
408349,"Munos","Halsur"
248332,"Impagliazzo","Breannda"
11008,"Menhoudj","Gennady"
98690,"Heyers","Luerbio"
231927,"Iivonen","Evgueni"
219461,"Kohling","Shietung"
434672,"Sherertz","Radhika"
285551,"Erie","Zita"
242802,"Shobatake","Heng"
106064,"Shumilov","Djenana"
101197,"Axelband","Akemi"
439781,"Ponthieu","Satosi"
269717,"Swab","Djenana"
40503,"Schusler","Janalee"
28457,"Haddadi","Arun"
408066,"Puppe","Ziyad"
24118,"Monarch","Elliott"
299433,"Syang","Gudjon"
298186,"Ranst","Dzung"
418156,"Brendel","Srinidhi"
89689,"Meriste","Marc"
63914,"Klassen","Danny"
220343,"Msuda","Siamak"
207540,"Bottner","Shigeichiro"
92531,"Hockney","Wuxu"
456155,"Luks","Maha"
88243,"Mayerwieser","Sugwoo"
29764,"Stranks","Foong"
45157,"Bahi","Turgut"
224757,"Nilsson","Premal"
45390,"Alameldin","Sedat"
409526,"Kirkerud","Tadahiko"
408978,"Czap","Sudharsan"
281693,"Bain","Yahiko"
281340,"Sadowski","Fumitaka"
274546,"Conde","Danco"
436792,"Luca","Taizo"
261998,"Lunt","Ennio"
18951,"Babu","IEEE"
278675,"Marrevee","Tonny"
258597,"Kuhnemann","Adel"
296320,"Rousseau","Serif"
224897,"Verhoeff","Gor"
288580,"Demke","Chinho"
296951,"Gist","Alselm"
231239,"Farrel","Yonghoan"
62842,"Alvarado","Ulises"
438898,"Broomell","Naftaly"
438635,"Farrag","Jaewoo"
250790,"Veccia","Saeko"
106138,"Giveon","Iara"
47878,"Underwood","Rasiah"
426032,"Danecki","Dannz"
262347,"Nannarelli","Gretta"
231531,"Casley","Mahendra"
94536,"Vuskovic","Serenella"
203642,"Schiettecatte","Ayonca"
205719,"Jullig","Maria"
428500,"Veldwijk","Berto"
452200,"Wynblatt","Kolar"
423207,"Gaughan","Xiadong"
95908,"Harbusch","Bogdan"
470918,"Hainaut","Martien"
454984,"Savasere","Szabolcs"
212302,"Assaf","Amalendu"
433968,"Coombs","Shigehiro"
293401,"Marsiglia","Seshu"
445278,"Joslin","Khue"
18285,"Manders","Sungwon"
217964,"Mitzlaff","Abdelghani"
69719,"Baik","Rutger"
284474,"Petersohn","Mona"
435646,"Luby","Herbert"
86140,"Rosaz","Chanjung"
236640,"Norsworthy","Ortrud"
471978,"Taubenfeld","Margo"
441197,"Legleitner","Miquel"
473155,"Minakawa","Demos"
431675,"Kroha","Giao"
296453,"Gerteisen","Tadanori"
454023,"Sigstam","Mohd"
265960,"Legleitner","Tayeb"
480372,"Coombs","Zhanqiu"
470695,"Lenart","Fox"
282683,"Biran","Danny"
290116,"Servi","Sukumar"
289412,"Schaft","Berna"
479431,"Carrere","Demos"
424932,"Conte","Pragnesh"
100316,"Chiodo","Wilmer"
481628,"Stiles","Howell"
271885,"Serdy","Fabrizio"
408648,"Nittel","Halsur"
259672,"Lodder","Chinho"
451758,"Straney","Adhemar"
85725,"Candan","Khedija"
42494,"Ouhyoung","Collette"
77279,"Burnard","Xuejun"
229285,"Molberg","Urs"
42880,"Birke","Radhia"
481379,"Suppi","Yifei"
474590,"Kulisch","JiYoung"
289686,"Rajala","Ortrun"
53066,"Pulkowski","Khosrow"
239848,"Templeman","Arlette"
278973,"Curless","Pascal"
262915,"Sridhar","Arif"
100045,"Plavsic","Satoru"
210582,"Crelier","Guoxiang"
407822,"Birch","Manohar"
219792,"Ecklund","Rafael"
82691,"Chenney","Krassimir"
447772,"Samarati","Changho"
272623,"Giarratana","Zdislav"
67593,"Vingron","Shahid"
272073,"Belinskaya","Valeska"
224702,"Driscoll","Brewster"
420034,"Beilner","Pascal"
51106,"Cusworth","Magy"
292237,"Azevdeo","Tadanori"
88676,"Mukaidono","Almudena"
279944,"Gunderson","Giordano"
230428,"Penttonen","Lene"
79361,"Pluym","Vatsa"
200049,"Penz","Phillip"
84689,"Bultermann","Geoffrey"
22721,"Besselaar","Lorien"
39583,"Bernini","Emdad"
410493,"Nyanchama","Lalit"
227870,"Zhiwei","Dines"
403326,"Kalorkoti","Susumu"
95187,"Yurov","Satoru"
415754,"Penz","Uriel"
255334,"Solares","Naraig"
285609,"Uludag","Tetsushi"
440479,"Jenevein","Masato"
285277,"McClure","Peer"
247647,"Matzel","Anyuan"
474297,"Furedi","Sailaja"
285269,"Georgatos","Shem"
254646,"Luce","Remko"
52424,"Wielonsky","Panayotis"
441874,"Guerreiro","Volkmar"
73351,"Usery","Sushant"
271012,"Eterovic","Xiaocheng"
93136,"Senzako","Chaosheng"
41453,"Smailagic","Persi"
474027,"Smailagic","Udi"
405461,"Duclos","Leucio"
266096,"Thisen","Candido"
442302,"Babu","Uli"
209433,"Beznosov","Sven"
458679,"Douceur","Xuejun"
409011,"Morton","Ramya"
470322,"Albarhamtoshy","Kokou"
36398,"Birke","Jeanne"
50860,"Thorelli","Udaiprakash"
409886,"Skogmar","Shuji"
263802,"Fairtlough","Mikhail"
437453,"Sabnani","Gladys"
296432,"Brendel","Atreyi"
426257,"Pietracaprina","Fei"
93133,"Attimonelli","Mingdong"
282807,"Doering","Zhonghui"
468624,"Beznosov","Nalini"
474269,"Bade","Pantung"
468405,"Panangaden","Kristen"
292681,"Lund","Abdelghani"
33497,"Lortz","Minghong"
21346,"Weedman","Urs"
97989,"Remmele","Lenore"
41815,"Basawa","Quingbo"
411050,"Jahnichen","Moriyoshi"
438323,"Hoppenstand","Mang"
283209,"Seiwald","Abdelghani"
228296,"Ozery","Chaosheng"
297716,"Birrer","Peer"
102234,"Frezza","Uli"
103368,"Lieberherr","Larisa"
285366,"Vural","Mooi"
259855,"Harnett","Gaetan"
454061,"Selvestrel","Maren"
101397,"Genther","Zongyan"
14761,"Rettelbach","Yunming"
217060,"Trumbly","Junichi"
260985,"Zeidenstein","Moss"
434832,"Mitzlaff","Vojin"
39638,"Zuberek","Masato"
251944,"Driscoll","Alejandra"
50285,"Bernardeschi","Utz"
460521,"Erde","Manu"
279372,"Sabnani","Jongsuk"
406404,"Papadias","Tzu"
205828,"Khamsi","Eberhardt"
219971,"Straney","Bernice"
200898,"Sommer","Keiichiro"
87527,"Schlegelmilch","Zijian"
412201,"Luff","JoAnne"
263312,"Krider","Chinhyun"
35928,"Cesareni","Xumin"
11163,"Huttel","Djenana"
407991,"Redmiles","Marco"
22825,"Birta","Khoa"
470249,"Driscoll","Radhakrishnan"
13259,"Dredge","Cheong"
288873,"Fendler","Djelloul"
220616,"Slaats","Zhonghua"
58509,"Laurillard","Anneli"
22277,"Cunliffe","Tesuya"
14937,"Angot","Duke"
287533,"Niizuma","Utz"
263760,"Irland","Yoshinari"
253334,"Cronau","Gino"
76625,"Magliocco","Sushant"
43561,"Selenyi","Reinhard"
230080,"Fujisawa","Dipayan"
10795,"Naudin","Supot"
286199,"Chenney","Conrado"
231165,"Ranai","Rasiah"
48022,"Chaudhuri","Mohua"
14264,"Dulin","Marco"
214183,"Parfitt","Nathalie"
238047,"Krohn","Renee"
295702,"Kambil","Huei"
224816,"Gecseg","Yishay"
437307,"Haddadi","Odinaldo"
80017,"Argence","Dante"
37983,"Naudin","Georgy"
211890,"Parhami","Jungsoon"
215168,"Hellwagner","Houman"
431636,"Halevi","Macha"
97482,"Lorin","Boaz"
30662,"Pouyioutas","Basil"
444061,"Merks","Gal"
464657,"Baba","Martine"
33198,"Auyong","Xiaopeng"
426501,"Benveniste","Dinah"
453938,"Reinhart","Takanari"
279609,"Monkewich","Denis"
225600,"Bade","Mabry"
448938,"Koshino","Sadegh"
10962,"Kugler","Naraig"
480234,"Munos","Nakhoon"
287354,"Brender","Steve"
259814,"Heijenga","Fumitaka"
296488,"Tsukuda","Serap"
296725,"Flowers","Aluzio"
255753,"Ramaiah","Ugo"
213565,"Angel","Przemyslawa"
18363,"Peres","Mamdouh"
210969,"Porotnikoff","Masamitsu"
107924,"Georgakopoulos","Achilleas"
82075,"Merel","Sanjeeva"
23370,"Bodoff","Morris"
49998,"Piancastelli","Shaz"
106150,"Shumilov","Terresa"
258940,"Leivant","Wanqing"
472627,"Sewelson","Lokesh"
69691,"Rosar","Rafols"
245784,"Rousseau","Nathan"
248557,"Demir","Kiyomitsu"
66810,"Denos","Sanjeeva"
39308,"Vanwelkenhuysen","Aloys"
429187,"Skogmar","Luise"
267053,"Wielonsky","Saeed"
225301,"Collavizza","Huican"
86027,"Ariola","Rajmohan"
17938,"Zucker","Sachio"
36597,"Stellhorn","Boguslaw"
454192,"Zaumen","Chuanyi"
280098,"Ullian","Taizo"
243673,"Mitina","Padma"
428845,"Sabnani","Irena"
256426,"Irland","Subir"
41758,"Choobineh","Leni"
271050,"Koblick","Takushi"
47570,"Boudaillier","Alexius"
11259,"Gronowski","Amalendu"
460022,"Clouatre","Bikash"
409509,"Raczkowsky","Ziya"
107373,"Wolniewicz","Atilio"
64013,"Picht","Ferdinand"
296104,"Solovay","Subhada"
267985,"Denti","Sven"
458535,"Krohm","Shaowei"
256662,"Rande","Leszek"
474495,"Braccini","Lokesh"
215392,"Demian","Xiaopeng"
292596,"Lamba","Hideo"
109316,"Luck","Yinlin"
27553,"Penttonen","JoAnna"
417990,"Legleitner","Limsoon"
277976,"Menhoudj","Divine"
427784,"Chenney","Gor"
88408,"Skrikant","Rasiah"
32689,"Heusch","Gladys"
481714,"Servi","Yuuichi"
52776,"Oaver","Elvis"
410816,"Otillio","Shen"
267780,"Holburn","Munir"
262138,"Nicolson","Danny"
274154,"Hennebert","Xinan"
55037,"Hofman","Paris"
406748,"Samarati","Douadi"
456368,"Penz","Geoff"
244942,"Georgatos","Chikako"
402585,"Swick","Adamantios"
20062,"Heuser","Uinam"
13146,"Erie","Haldon"
50158,"Verspoor","Luerbio"
259317,"Kakkad","Debaprosad"
287183,"Grandbois","Chinhyun"
465200,"Panienski","Jasminko"
54339,"Schurmann","Berhard"
436473,"Braunmuhl","Nakhoon"
406997,"Vasanthakumar","Kazunori"
432483,"Taneja","Zhanqiu"
225420,"Debuse","Laurentiu"
92401,"Taneja","Fumitaka"
62590,"Awdeh","Deborah"
463272,"Baig","Alagu"
228795,"Ladret","Kendra"
39933,"Bennet","Deborah"
439373,"Binkley","Zsolt"
228587,"Basagni","Katsuo"
410998,"Poupard","Dmitry"
457387,"Redmiles","Nikolaus"
239859,"Keirsey","Adam"
417926,"Driscoll","Hilari"
95408,"Streng","Shim"
445828,"Pelc","Katsuo"
107696,"Berendt","Dulce"
63907,"Bugrara","Ayakannu"
435514,"Giaccio","Jaber"
96614,"Gniady","Aral"
272723,"Manders","Tran"
286866,"Ferriere","Pascal"
60259,"dAstous","Chrisa"
203299,"Binkley","Girolamo"
33796,"Claffy","Vidar"
292475,"Merks","Noritoshi"
26565,"Molenkamp","Arvind"
441366,"Azumi","Mabo"
69257,"Gargeya","Gopalakrishnan"
25214,"Chiodo","Sreekrishna"
400761,"Reeken","Aloke"
103949,"Gonthier","Babette"
102784,"Swiler","Yurij"
87931,"Selvestrel","Ingmar"
215336,"Vidal","Hilari"
82632,"Luit","Rasikan"
64857,"Litvinov","Makato"
89234,"Badache","Guttorm"
263836,"Braunmuhl","Armond"
209613,"Hambrick","Bedir"
470658,"Comellas","Zorica"
28302,"Minakawa","Ugo"
460640,"Ramsay","Guozhong"
270252,"Hmelo","Hirochika"
200462,"Bednarek","Parto"
34597,"Bolotov","Jouko"
439630,"Busillo","Ymte"
33281,"Kisuki","Laurentiu"
464028,"Panienski","Jamaludin"
421244,"Ladret","Ortrun"
93223,"Templeman","Vishwani"
69934,"Hiyoshi","Phillip"
26197,"Oppitz","Lein"
28521,"Hofman","Hatim"
87616,"Cappelletti","Sahrah"
56409,"Seghrouchni","Chiranjit"
34395,"Sessa","Mads"
473542,"Waschkowski","Shuzo"
452361,"Liesche","Bikash"
76341,"McConalogue","Heejo"
54393,"Vasanthakumar","Qunsheng"
217801,"Teitelbaum","Faiza"
414921,"Rassart","Suebskul"
225091,"Rajcani","Marc"
64988,"Valette","Troy"
227293,"Carrere","Hilary"
442049,"Rando","Chuanti"
283549,"Eldridge","Nagui"
207573,"Klassen","Shao"
236373,"Fujisaki","Mahendra"
271141,"Verhoeff","Aleksandar"
29901,"Syrzycki","Gor"
221411,"Stamatiou","Filipe"
468572,"Ratnakar","Mingzeng"
245656,"Gyimothy","Gor"
72802,"Staudhammer","Serenella"
250719,"Sankaranarayanan","Pintsang"
102357,"Bojadziev","Shuzo"
52384,"Bellmore","Naraig"
466904,"Bauknecht","Giap"
84965,"Magliocco","Sudharsan"
238759,"Hiraishi","Susanta"
104750,"Pietracaprina","Radhia"
53574,"Garnick","Huan"
15410,"Kushner","Wilmer"
264874,"Feldmann","Masasuke"
441592,"Morrin","Udi"
421930,"Mateescu","Chiradeep"
41880,"Tokunaga","Fox"
219298,"Lortz","Brigham"
91150,"Schaad","Kwee"
477476,"Ellozy","Clyde"
71987,"Zirintsis","Shahid"
224779,"Basagni","Souichi"
476957,"Lamparter","Alois"
69410,"Garigliano","Martine"
288382,"Menhoudj","Utz"
238234,"Murtha","Bernice"
227659,"Angelopoulos","Takahira"
48178,"Snedden","Radhakrishnan"
438315,"Couchot","Christfried"
431593,"Farris","Maik"
255638,"Provine","Holgard"
108243,"Merli","Chaitali"
219426,"Czap","Ult"
70558,"Stavenow","Arie"
19168,"Dulin","Lijia"
225810,"Demizu","Sreekrishna"
260467,"Castellani","Flemming"
81848,"Pietracaprina","Teunis"
39147,"Slaats","Marl"
417766,"Sidje","Lech"
299643,"Horswill","Qunsheng"
34438,"Gornas","Rimon"
468054,"Guenter","Uno"
238876,"Tchuente","Mizuhito"
271404,"Kavraki","Kendra"
200807,"Pews","Woody"
22096,"Muhlberg","Cullen"
280741,"Jarecki","Deborah"
457051,"Bain","Rosli"
269513,"Rodiger","Kensei"
94847,"Gruenwald","Zito"
412568,"Beutelspacher","Terresa"
232639,"Kossowski","Abdelwaheb"
220701,"Streit","Spyrose"
71606,"Gimbel","Genevieve"
438000,"Pillow","Chenyi"
287430,"Wolniewicz","Mabo"
222971,"Beilner","Jagoda"
260421,"Heuter","Sashi"
209289,"Boissier","JiYoung"
440430,"McFarlin","Xiong"
60649,"Potthoff","Van"
437189,"Markovitch","Rafols"
269673,"Masand","Toshiki"
447239,"Furudate","Ashish"
217000,"Auyong","Hidekazu"
18318,"Cairo","Parke"
467874,"Picci","Masato"
280351,"Steinauer","Roded"
219994,"Broomell","Akemi"
445182,"Kitai","Subhankar"
200985,"Gecseg","Shichao"
228186,"Birke","Navin"
49968,"Axelband","Sanjit"
59562,"Kulisch","Izaskun"
431233,"Greibach","Mara"
450907,"Jarecki","Mitsuyuki"
71786,"Schrooten","Jianhua"
58916,"Raney","Poorav"
51971,"Fairtlough","Luigi"
460828,"Fabrizio","Mabry"
281121,"Slutz","Oscar"
451173,"Lorie","Aloke"
73144,"Limongiello","Marc"
231114,"Zeilberger","Shaowen"
53550,"Fontet","Aloke"
448062,"Penn","Reuven"
432795,"Schoegge","Toney"
269058,"Mateescu","Paloma"
208656,"Nivat","Odoardo"
440889,"Murrill","Cathie"
468295,"Czaja","Basim"
37087,"Angel","Claudi"
54412,"Uludag","Ghassan"
49871,"Nishimukai","Toong"
13142,"Kowalchuk","Sanjiv"
265482,"Gecsei","Mitchel"
239185,"Giaccio","Luigi"
437264,"VanScheik","Zijian"
421494,"Kroft","Dzung"
91681,"Ananiadou","Gennadi"
464528,"Egerstedt","Katsuyuki"
14478,"Boissier","Munehiro"
49955,"Wissmann","Vugranam"
100009,"Veldwijk","Barton"
431166,"Czaja","Yinlin"
266230,"Colorni","Leaf"
447114,"Bolotov","Limsoon"
79645,"Marshall","Heping"
467722,"Flanders","Shih"
75463,"Linnainmaa","Tianruo"
431835,"Berztiss","Mantis"
477801,"Baaz","Willard"
445975,"Champarnaud","Yongmao"
445627,"Melichar","Peer"
59424,"Ozeki","Weiru"
106362,"Jervis","Chenye"
434644,"Ramsay","Palash"
450735,"Naumovich","Chaitali"
468801,"Shiratori","Hidekazu"
211011,"Picco","Willard"
32081,"Lamba","Berhard"
18765,"Champarnaud","Sastry"
46641,"Auyong","Mayuko"
458709,"Kuzuoka","Khalid"
79598,"Hagimont","Pranav"
458632,"Keohane","Younwoo"
70006,"Herath","Masaru"
281494,"Lemarechal","Giap"
107694,"Delgrossi","Takanari"
98958,"Denos","Jaideep"
432870,"Parfitt","Masali"
472847,"Stifter","Lucian"
102193,"Halloran","Tadahiro"
27653,"Tetzlaff","Yongmin"
476024,"Kemmerer","Kwangsub"
70337,"Luon","Shahar"
45592,"Lamma","Noritoshi"
250062,"Schapire","Herbert"
274106,"Herber","Leon"
76086,"Spinelli","Ebbe"
60820,"Lally","Siddarth"
27756,"Suwa","Stevo"
417705,"Lammel","Kousuke"
25517,"Prochazka","Aimee"
425964,"Sifakis","Achilleas"
70059,"Tiemann","Valeri"
99855,"Krohn","Roselyn"
470100,"Bisiani","Muneo"
217835,"Baby","Pragnesh"
475333,"Fasbender","Marie"
70629,"DiGiano","Shay"
50072,"Schnabel","Vincent"
240939,"Casley","Claudi"
71625,"Clouatre","Nitsan"
444828,"Veldwijk","Leni"
412484,"Remmele","Gritta"
73598,"Oaver","Krisda"
64441,"Rusterholz","Katsuyuki"
216435,"Schauser","Idoia"
270050,"Baak","Margo"
265404,"Takkinen","Kendra"
254159,"Thambidurai","Mayumi"
431553,"Azumi","Lijie"
285365,"Bodoff","Zhensheng"
38048,"Alblas","Stella"
264310,"Waschkowski","Evgueni"
254492,"Beutelspacher","Tetsurou"
21232,"Stavenow","Gregory"
202874,"Anily","Feiyu"
235445,"McClurg","Takushi"
279285,"Peltason","Genevieve"
250678,"Bahl","Randi"
44554,"Nitsche","Jingling"
408551,"Schiper","Abdulah"
471767,"Babb","Yurii"
223499,"Maraist","Sakthirel"
222445,"Dichev","Garnet"
430125,"Pews","Fumiya"
65906,"Danecki","Mana"
452332,"Leonhardt","Shir"
66273,"Mitina","Brigham"
58080,"Birta","Hideyuki"
478460,"Monarch","Ioana"
66096,"Navazio","Shay"
16885,"Stentiford","Ronghao"
218071,"Kropf","Constantine"
81073,"Blokdijk","Poornachandra"
413876,"Birrer","Tianruo"
50417,"Juneja","Akemi"
279033,"Solovay","Brewster"
213657,"Melton","Yuqun"
53624,"Akiyama","Zdislav"
222972,"DasSarma","Gro"
72873,"Madeira","Paddy"
15799,"Gelosh","Manton"
441672,"Rabehasaina","Inderjeet"
475485,"Kalafatis","Zhigen"
212835,"Chinal","Divier"
477039,"Hebden","Kristinn"
247649,"Nitsch","Bilhanan"
96175,"Kavraki","Inderjeet"
268531,"Schusler","Elliott"
103492,"Suppi","Mori"
411395,"Kaminger","Guther"
233803,"Asser","Eran"
400117,"Rettelbach","Tadahiko"
439775,"Murrill","Uriel"
208103,"Perna","Sarita"
443528,"Terkki","Maik"
71561,"Champarnaud","Randy"
467636,"Thibadeau","Honesty"
215252,"Compeau","Barna"
213971,"Khamsi","Zhensheng"
53794,"Denna","Owen"
77844,"Gill","Genevieve"
108869,"Vasanthakumar","Jinxi"
252250,"Shrader","Toshiko"
99930,"Brickell","Remco"
238091,"Keohane","Badri"
88966,"Lally","Mani"
293433,"Krohn","Reinhard"
272980,"Vesel","Kwee"
107150,"Borovoy","Kwangjo"
68095,"Gyimothy","Sampalli"
470203,"Ellozy","Renee"
432934,"Luon","Avishai"
48549,"Broomell","Ferdinand"
21138,"Haraldson","Niteen"
436811,"Gubsky","Mechthild"
274186,"Frolund","Neelam"
272882,"Fargier","Marit"
25661,"Beausoleil","Saddek"
214839,"Liesche","Venkatesan"
47381,"Peek","Alair"
202269,"Vitiello","Shin"
79845,"Azadmanesh","Junsik"
242042,"Kilgore","Moty"
94882,"Baby","Jacopo"
50650,"Kornyak","Masaru"
92602,"Shokrollahi","Bojan"
213887,"Budinsky","Ayakannu"
26006,"Riexinger","Subhash"
403401,"Picel","Christoph"
283816,"Walstra","Toshimori"
44691,"Montresor","Munir"
22432,"Sichman","Raimond"
420036,"Miara","Ferdinand"
280449,"Montresor","Gritta"
12253,"Gimarc","Amabile"
229462,"Simmen","Marko"
208918,"Rodham","Huai"
475802,"Rodier","Gennady"
469596,"Solares","Sudharsan"
289015,"Yemenis","Masaki"
36454,"Merel","Froduald"
234921,"Heemskerk","Tzvetan"
221189,"Peck","Olivera"
462344,"Akazan","Giao"
251630,"Nergos","Munehiro"
72931,"Docker","Tse"
24768,"Atrawala","Remco"
230025,"Schauser","Stafford"
92738,"Kragelund","Ingemar"
33267,"Callaway","Irena"
297175,"Stellhorn","Kiyomitsu"
89017,"Bale","Ronnie"
292179,"Baalen","Manton"
258742,"Danecki","Avishai"
109057,"Whitcomb","Gino"
478918,"Auyong","Khun"
79557,"Awdeh","Henk"
33403,"Motley","Susuma"
444607,"Benzmuller","Masadi"
65454,"Merel","Gaetan"
16772,"Giveon","Baruch"
448071,"Desikan","Claudi"
479493,"Sidhu","Lech"
244812,"Horswill","Huan"
298436,"Cincotta","Shalesh"
265085,"Boreale","Fan"
419784,"Reutenauer","Kiyomitsu"
470105,"Sichman","Shuichi"
410423,"Leonhardt","Gil"
217069,"Pulkowski","Vasilii"
16740,"Oehlmann","Greger"
469678,"Clemencon","Dmitry"
48160,"Feinberg","Shooichi"
24314,"Pavlopoulou","Shaz"
253543,"Ellozy","Satyanarayana"
269065,"Brandsma","Baocai"
229416,"Ibel","Yolla"
82915,"Ressouche","Geoffrey"
410515,"Tsunoo","Jeane"
69328,"Valette","Olivera"
108271,"Snyers","Prodip"
79604,"Conia","Barna"
248906,"Beeson","Paris"
238422,"Angelov","Vishv"
466460,"Marquardt","Gina"
265948,"Budinsky","Weiru"
456226,"Lorho","Remzi"
452789,"Vandervoorde","DAIDA"
85765,"Anido","Zhilian"
27072,"Lorys","Aris"
38831,"Denny","Miyeon"
478643,"Stenning","Malu"
107846,"Mansanne","Hideyuki"
51809,"Rodiger","Bokyung"
457428,"Hebden","Moriyoshi"
262766,"Meszaros","Hauke"
33786,"Hutter","Yechezkel"
10922,"Wossner","Kyoichi"
266315,"Boguraev","Taisook"
70368,"Chartres","Shigeaki"
464654,"Pillow","Ohad"
31017,"Kitsuregawa","Geoffry"
212099,"Lortz","Manton"
105227,"Majewski","Weijing"
288071,"Shanbhogue","Supot"
266074,"Prenel","Genta"
74652,"Swan","Djenana"
11282,"Schaad","Josyula"
251730,"Riexinger","Jeane"
216916,"Poehlman","Caolyn"
464694,"Lichtman","Piyawadee"
29612,"Speer","Khalil"
436951,"Braccini","Sadok"
63446,"Chenoweth","Yongqiao"
297251,"Herber","Yurii"
288500,"Merli","Abdelaziz"
211471,"Champarnaud","Arve"
103914,"Jansch","Sibyl"
445966,"Roison","Akemi"
247402,"Ermel","Mart"
295625,"Poujol","Randi"
265813,"Businaro","Elliott"
49232,"Luiz","Yishai"
464588,"Pargas","Xiaoshan"
238945,"Deyuan","Miyeon"
272909,"Thorelli","Feiyu"
294510,"Ritcey","Koichi"
62666,"Portugali","Atreyi"
463913,"Jakobus","Remco"
284712,"Rindone","Ayakannu"
248531,"Alblas","Mart"
467015,"Ratzlaff","Soenke"
51690,"Norsworthy","Xiping"
256447,"Hitomi","Huican"
226272,"Hashii","Vidya"
25151,"Veevers","Leandro"
412315,"Peck","Geoff"
280594,"Schusler","Yinghua"
54970,"Fordan","Jouni"
23495,"Chiodo","Jiakeng"
225661,"Baer","Hairong"
10407,"Siepmann","Ulf"
446763,"Schaap","Stepehn"
435285,"Birch","Caolyn"
276053,"Lyonns","TRUE"
400565,"Rusterholz","Mark"
32887,"Pesch","Remzi"
433638,"Luby","Guiseppe"
413184,"Asmuth","Moon"
57763,"Engelmann","Menkae"
412663,"Klassen","Luerbio"
208750,"Thummel","Leif"
409665,"Bierman","Gennady"
65571,"Swan","Yahiko"
10461,"Karcich","Gal"
222084,"Piancastelli","Serap"
266482,"Cmelik","Rafael"
62362,"Serre","Tadahiko"
406476,"Hedayat","Temple"
67229,"Coney","Wuxu"
286454,"Flexer","JoAnne"
246094,"Fioravanti","Mihalis"
228288,"Matzov","Junichi"
209871,"Loncour","Sedat"
456622,"Kragelund","Radhika"
202080,"Levergood","Zito"
460770,"Bednarek","Fai"
256401,"Ambroszkiewicz","Moriyoshi"
242578,"Buchter","Janalee"
34627,"Vieri","Sachin"
30938,"Samarati","Yakkov"
284377,"Collette","Bader"
76779,"Reeker","Branimir"
297143,"Rahier","Sachin"
24153,"Anger","Lidong"
13709,"Brendel","Mamdouh"
259840,"Junot","Doohun"
30927,"Coullard","Kristen"
206719,"Docker","Heping"
45796,"Lammel","Masanao"
203288,"Denny","Subhrajyoti"
39970,"Sgarro","Sachar"
408689,"Lemarechal","Leni"
264189,"Binding","Charmane"
242179,"Nollmann","Constantino"
236684,"Peng","Aamer"
442119,"Sudkamp","Siddarth"
41963,"Bondorf","Tua"
274110,"Schapire","Mahendra"
66871,"Schneeberger","Somnath"
417824,"Lanphier","Toong"
26472,"Griswold","Xiaoshan"
470340,"Quadeer","Marke"
243630,"Ligten","Irene"
440877,"Kuhnemann","Kerryn"
63417,"Dredge","Niclas"
461391,"Hertweck","Mart"
95601,"Guting","Vincent"
31313,"Tsukune","Qunsheng"
246507,"Rubsam","Yannis"
266280,"Desikan","Woody"
88159,"Miculan","Aruna"
427325,"Krybus","Claude"
400164,"Gecseg","Tomoyuki"
234609,"Veldwijk","Manohar"
211704,"Spataro","Lene"
109715,"Miyakawa","Subhash"
433110,"Garnier","Fun"
98307,"Leijenhorst","Douadi"
70316,"Roccetti","Dietrich"
426330,"Gimbel","Mingzeng"
100755,"Haraldson","Marlo"
444001,"Falco","Armond"
406876,"Kroft","Basim"
439737,"Benveniste","Sanjeeva"
217173,"Krichel","Torsten"
276072,"Bael","Youjian"
406065,"Melton","Nikolaus"
273180,"Denna","Sashi"
50899,"Gadepally","Pintsang"
422510,"Tchuente","Iara"
464645,"Zweizig","Thanasis"
282871,"Hennings","Heekeun"
252145,"Isaac","Khoa"
469310,"Kragelund","Akeel"
65137,"Lammel","Tadahiro"
471021,"Lemarechal","Bilhanan"
419021,"Auyong","Ravishankar"
437491,"Lichtman","Pragnesh"
224759,"Farrar","Chaitali"
220198,"Pargas","Geoffrey"
91598,"Undy","Junsik"
74473,"Deville","Alenka"
49529,"Menhardt","Hongzue"
463061,"Hmelo","DAIDA"
231523,"Rattan","Oscal"
46884,"Aamodt","Marla"
405460,"Plump","Alejandro"
273600,"Beidas","Douadi"
100108,"Underwood","Kwangho"
201066,"Syrotiuk","Annemarie"
262525,"Riefers","Yagil"
51590,"Sudbeck","Ung"
82033,"Zyda","Kellyn"
290816,"Cochrane","Sachem"
427031,"Macedo","Masadi"
275520,"Heuter","Remko"
240311,"Dechter","Claude"
287265,"Mersereau","Saeed"
223741,"Gaughan","Kersti"
32757,"Azadmanesh","Hausi"
57937,"Schneeberger","Xiaocheng"
264151,"Worfolk","Heather"
12996,"Madeira","Khalil"
480464,"Cesareni","Maha"
294142,"Kobuchi","Vojin"
251828,"Suessmith","Subhankar"
73627,"Chiodo","Rimli"
21649,"Leivant","Yuchang"
218634,"Zobel","Mori"
240967,"Weedman","Xiaoheng"
80839,"Strehl","Yonghong"
47916,"Azulay","Kamran"
457383,"Schusler","Herbert"
230711,"Arlazarov","Xiaobin"
266006,"Osgood","Flemming"
234169,"Kaiserswerth","Vitaly"
21611,"Chenoweth","Stevo"
62774,"Schlenzig","Jeanna"
26395,"Dusink","Slavian"
88891,"Kropf","Shaleah"
57345,"Merkl","Golgen"
18697,"Katalagarianos","Oddvar"
401700,"Pelz","Aloke"
465474,"Lindenbaum","Boguslaw"
257102,"Portugali","Mechthild"
71829,"Schwaller","Hidefumi"
412611,"Akazan","Kankanahalli"
250497,"Suppi","Saeed"
434970,"Kadhim","Sanjoy"
277404,"Dechter","Goo"
275390,"Speek","Moty"
70302,"Koyama","Evgueni"
276372,"Reghbati","Chandrasekaran"
283653,"Camurati","Neelam"
28589,"Pashtan","Serenella"
74757,"Weisert","Lenore"
41127,"Kilgour","Frederique"
43664,"Maliniak","Remmert"
412410,"Kroha","Sumali"
251837,"Sullins","Bedir"
75005,"Schapiro","Kellie"
418367,"Cullers","Zengping"
412503,"Zlotek","Xianlong"
107377,"Katiyar","Irene"
475617,"Waymire","Fun"
14990,"Gruenwald","Leon"
266983,"Rotem","Fay"
463168,"Danecki","Renee"
264653,"Bage","Limsoon"
76252,"Khamsi","Marco"
37142,"Chaudhury","Tayeb"
449579,"Trystram","Shigeaki"
255198,"Cmelik","Jiann"
249291,"Baer","Zvonko"
72069,"Suessmith","Ayakannu"
416658,"Birsak","Bernd"
94434,"Terkki","Shushma"
246897,"Madeira","Anwar"
59315,"Schahn","Tadanori"
417663,"Stassinopoulos","Muzhong"
33597,"Turnbull","Masaru"
283578,"Uludag","Taizo"
265859,"Setlzner","Mitsuyuki"
410004,"Businaro","Yuriy"
20424,"Murrill","Harjit"
440397,"Przulj","Huican"
252912,"Radwan","Marc"
106817,"Wursthorn","Feipei"
295087,"Imataki","Moie"
267525,"Litvinov","Kazuhiko"
275001,"Mitina","Katsuo"
258716,"Rabehasaina","Shawna"
232219,"Roison","Emdad"
241871,"Trystram","Koichi"
249265,"Asmuth","Hitomi"
207119,"Peltason","Sadun"
406251,"Edelhoff","Sajjad"
208723,"Takkinen","Noritoshi"
478787,"Servi","Christ"
451805,"Bahi","Xiahua"
78840,"Fujisaki","Manton"
436099,"Delgrange","Yonghoan"
476517,"Uhrig","Iara"
238153,"Vural","Eran"
213147,"Paludetto","Aleksandar"
84296,"Peha","Lein"
94907,"Brobst","Olivera"
458322,"Benzaken","Chandrasekaran"
229195,"Mateescu","Elzbieta"
273227,"Bratten","Ulf"
105300,"Reinhard","Giap"
65648,"Biros","Tomoyuki"
400143,"Baik","Salvador"
260295,"Munch","Pohua"
248393,"Harllee","Heng"
63873,"Osgood","Heeju"
32045,"Kruskal","Oscal"
420756,"Demri","Guther"
97897,"Flasterstein","Mikhail"
468486,"Vesel","Akhilish"
64921,"Czap","Palash"
480683,"Wixon","Jayesh"
264951,"Brobst","Jagoda"
64799,"Lorcy","Matt"
470766,"Stamatiou","Tiina"
440974,"Simmen","Mitsuyuki"
291031,"Ponthieu","Basim"
60084,"Wilfing","Christoph"
220201,"Krichel","Zhensheng"
455397,"Mukaidono","Huan"
254341,"Erni","Godehard"
98817,"Naudin","Samphel"
480410,"Naumovich","Fabrizio"
205312,"Matzat","Arco"
98002,"Munoz","Halsur"
256497,"Murtagh","Siddarth"
101382,"Bolotov","Jaewon"
271499,"Bael","Shim"
200344,"Pietracaprina","Huei"
202953,"Luon","Jaber"
93080,"Heering","Amstein"
45406,"Vilarrasa","Masaki"
246885,"Ginesta","Matt"
235298,"Rosar","Yurij"
45093,"Yurov","Zhenbing"
99578,"Gluchowski","Navin"
101539,"Rotem","Shigehito"
203003,"Roohalamini","Valeska"
202926,"Khalil","Gao"
255993,"Ebeling","Rosita"
235970,"Anger","Paris"
98071,"Undy","Jasminko"
400057,"Marquardt","Berthier"
456456,"Yavatkar","Adas"
425708,"Greenaway","Taegyun"
411123,"Stiles","Tiina"
270459,"Bennet","Xinglin"
241009,"Hitomi","Edwin"
245488,"Vecchi","Yurij"
239047,"Savasere","Laurentiu"
53289,"Matzat","Mohammed"
77481,"Picel","Kitty"
271799,"Barreiro","Marco"
64066,"Barreiro","Marsha"
284353,"Kavraki","Brigham"
283791,"Muchinsky","Pranjal"
249797,"Snyers","Arra"
28279,"Brickell","Zhenhua"
437203,"Lundstrom","Abdelaziz"
209688,"Erni","Sedat"
203850,"Millington","Boguslaw"
280955,"Anido","Mona"
268286,"Oberman","Marin"
477346,"Lanzelotte","Ayakannu"
242475,"Minakawa","Domenico"
73761,"Birge","Mark"
81773,"Castellani","Nalini"
32741,"Mellouli","Susuma"
16331,"Garnham","Giap"
108138,"Middleton","Berto"
271732,"Wilfing","Christophe"
414559,"Oxenboll","Jovan"
405803,"Merks","Guther"
289130,"Taneja","Elzbieta"
400076,"Marciano","Zhensheng"
473145,"Czaja","Shakhar"
49980,"Mahnke","Giao"
38327,"Linares","Gio"
261134,"Fabrizio","Alois"
247495,"Himler","Dharmaraja"
296992,"Dayana","Naraig"
448397,"Selenyi","Terresa"
251268,"Morrey","Gor"
460439,"England","Abdelwaheb"
16700,"Moffat","Shigeu"
281897,"Botman","Kazunori"
260926,"Perly","Suebskul"
472878,"Segond","Mansur"
209629,"Ventosa","Zijian"
50277,"Paludetto","Guangming"
102810,"Birsak","Jiafu"
224588,"Sundgren","Mitchel"
217608,"Seghrouchni","Hisao"
86346,"Ulupinar","Kristina"
267522,"Veldwijk","Fuqing"
403037,"Cyne","Jianwen"
461295,"Bierman","Insup"
457195,"Tchuente","Changho"
401666,"Doering","Leon"
200557,"Swen","Aiman"
252541,"Zyda","Hugh"
273716,"Merkl","Aria"
286697,"Melter","Ult"
436139,"Krogh","Takahira"
263892,"Dymetman","Elzbieta"
255468,"Demizu","Ravishankar"
254643,"Rosenbaum","Paloma"
277682,"Cyne","Flemming"
73030,"Fujisaki","Khosrow"
64944,"Siegrist","Ronnie"
425457,"Hebert","Palash"
433734,"Hertweck","Patricia"
466497,"Siochi","Fumiko"
253439,"Taubman","Jayson"
65286,"Chorvat","Arup"
283548,"Perl","Zhensheng"
63931,"Karnin","Shaunak"
92857,"Carrera","Valter"
36209,"Biron","Chenyi"
238439,"Matheson","Udaiprakash"
472947,"Chandrasekhar","Koichi"
438072,"Encarnacion","Eran"
95174,"Tramer","Jouni"
40866,"Deville","Younwoo"
462928,"Bondorf","Mansur"
215803,"Gronowski","Danco"
73892,"Sundgren","Peternela"
226937,"Junet","Eran"
438309,"Kisuki","Fabrizio"
459567,"Navazio","Zeljko"
226157,"Budinsky","Noritoshi"
48403,"Krider","Hongzue"
107317,"Thummel","Szabolcs"
206435,"Picco","Mariangiola"
85101,"Businaro","Tru"
438198,"Gips","Qingxiang"
204154,"Meriste","Kellyn"
108023,"Yetto","Marke"
99513,"Bridgland","Spyrose"
219330,"Bernick","Ronghao"
29235,"Papastamatiou","Ennio"
446781,"Klerer","Ashish"
408668,"Aseltine","Jouni"
44827,"Lindqvist","Akeno"
455376,"Eickenmeyer","Basil"
211040,"Nitsch","Jaihie"
210250,"Merlo","Chenxi"
201113,"Orlowski","Munenori"
44438,"Lakshmanan","Harjit"
479700,"Munck","Barun"
229937,"Butner","Huiqun"
293840,"Genther","Masadi"
437146,"Trelles","Ymte"
254155,"Blokdijk","Hisao"
270449,"DuBourdieux","Jiang"
257571,"Sethi","Marl"
218125,"Hanratty","Hyuncheol"
479449,"Garigliano","Chaitali"
230161,"Comyn","Chriss"
14845,"Homond","Theron"
96846,"Merel","Tran"
221615,"Bultermann","Alselm"
230702,"Vickson","Gino"
201547,"Juneja","Sampalli"
106752,"Birjandi","Tonia"
466803,"Binkley","Aron"
440777,"Hanratty","Jacopo"
464632,"Schmiedel","Fatemeh"
204002,"Showalter","Hatim"
85770,"Gronowski","Lena"
444986,"Eldridge","Masaki"
213864,"Isard","Marl"
91200,"Bahl","Nikolaus"
255189,"Kawashimo","Theron"
260650,"Usdin","Hailing"
99555,"Merle","Jouko"
44347,"Nitsch","Denny"
481721,"Matzat","Odoardo"
88374,"Nicolson","Shooichi"
266340,"Mondadori","Alagu"
96648,"Perez","Josyula"
210726,"Nicolson","Sachio"
280751,"Pesch","Serenella"
251360,"Tomescu","Clyde"
271287,"McFarlan","Hitomi"
82667,"Panwar","Phillip"
241324,"Tzvieli","Kyoichi"
41698,"Ramsey","Takahira"
473385,"Vesel","Collette"
104052,"Fritzsche","Gadiel"
445149,"Gill","Shai"
288401,"Roison","Shigeaki"
412492,"Anily","Pranas"
56586,"Uhrig","Lucien"
466034,"Lovengreen","Saniya"
440050,"Wolniewicz","Gou"
413694,"Tanemo","Hatem"
253625,"Pavlopoulou","Leif"
290063,"Roohalamini","Goncalo"
213309,"Wilharm","Kazuhiro"
431167,"Merle","Candida"
470034,"Weedon","Nahum"
278057,"Piazza","Tzvetan"
224279,"Albarhamtoshy","Weidon"
466692,"Chiodo","Richard"
288651,"Cincotta","Faiza"
62204,"Hashii","Fox"
55537,"Begiun","Vitaly"
96097,"Isard","Brigham"
286303,"Pollacia","Yakichi"
298341,"Domenig","Shugo"
101649,"Griswold","Dmitry"
20570,"Kalefeld","Uma"
99559,"Desikan","Emran"
255884,"Merro","Bernardo"
253846,"Vidal","Mariusz"
200956,"Kadhim","Alassane"
268551,"Gornas","Snehasis"
251129,"Wynblatt","Maris"
237558,"Riefers","Nikolaos"
226005,"Ramaiah","Seongbin"
97745,"Heijenga","Aleksandar"
473080,"Mukaidono","Sorina"
415998,"Vrecion","Heon"
75480,"Herber","Cullen"
411430,"Rotem","Xinglin"
20926,"Serot","Zvonko"
233921,"Heiserman","Fusako"
104606,"Strooper","Gal"
60965,"Loncour","Conrado"
33603,"Claffy","Houman"
428407,"Bahr","Rutger"
407751,"Panienski","Saddek"
242631,"Foote","Xiaocheng"
99478,"Businaro","Hyuckchul"
284062,"Staudhammer","Lena"
217734,"Eldridge","Tayeb"
476088,"Talmon","Arco"
106447,"Herber","Tadanori"
292643,"Eiter","Chriss"
230652,"Schaad","Kwangho"
107019,"Majewski","Noritoshi"
449053,"Kragelund","Genki"
211036,"Panwar","Chinho"
22273,"Terkki","Elvis"
412691,"Ouhyoung","JoAnne"
200564,"Kenevan","Elrique"
73972,"Biron","Makato"
480025,"Bruckman","Lobel"
213492,"Bahi","Subhrajyoti"
205731,"Shokrollahi","Alexius"
29639,"Zielinski","Radhika"
246754,"Lueh","Kamakshi"
21175,"Gerlach","Alper"
464942,"Alpin","Shiv"
259045,"Chaudhuri","Sorina"
109334,"Alameldin","Tsutomu"
250780,"Back","Florian"
253239,"Famili","Tomoyuki"
15006,"Cools","Miquel"
88207,"Peron","Shuho"
59117,"Kobuchi","Akhilish"
404577,"Holburn","Adam"
223662,"Rebaine","Kazuhira"
70988,"DasSarma","Ziyad"
23319,"Atrawala","Shugo"
450303,"Gewali","Dung"
444873,"Siochi","Percy"
445628,"Krone","Fumiko"
266730,"Gammage","Koichi"
37520,"Baezner","Jaihie"
428569,"Pollacia","Aimee"
409493,"Kirkerud","Jinxi"
273892,"Wielonsky","Gregory"
250777,"Kading","Sudharsan"
81743,"Erdi","Kensyu"
424640,"Tasistro","Seongbae"
430999,"Ranon","Khatoun"
259589,"Pelc","Oddvar"
418716,"Linnainmaa","Marke"
252749,"Yeung","Akhilish"
233237,"Reutenauer","Kazuhide"
226141,"Neiman","Noritoshi"
461627,"Snedden","Yechezkel"
271703,"Flowers","Debatosh"
414616,"Docker","Premsyl"
209727,"Ranum","Xiaoshan"
87888,"Makrucki","Percy"
23992,"Lung","Adamantios"
415372,"Yemenis","Arlette"
237164,"Baja","Oscar"
31525,"Rosay","Ingemar"
408956,"Zlotek","Claudi"
288569,"Talmon","Anwar"
250041,"Parveen","Danil"
47888,"Dayang","Chenye"
269817,"Savasere","Shigehito"
283982,"Schapiro","Rance"
232866,"Sewelson","Sivanarayana"
99825,"Flowers","Geoffry"
51352,"Reistad","Berna"
420077,"Merkl","Masaki"
104691,"Garigliano","Abdulah"
284482,"Hammerschmidt","Kannan"
249130,"Bail","Tadahiro"
104203,"Gyorkos","Shigenori"
10924,"Atchley","Hironoby"
415427,"Pehl","Shigeichiro"
282416,"Deville","Elgin"
219855,"Badache","Izaskun"
480174,"Ushiama","Bilhanan"
242635,"Walstra","Berto"
475787,"Ramsak","Zhiwei"
451868,"Piveteau","Marlo"
271367,"Cannard","Hiroyasu"
299090,"Gewali","Khun"
410924,"Nations","Luerbio"
100628,"Ashish","Arno"
206892,"Mitina","Matt"
48630,"Yurek","Pramod"
203802,"Aamodt","Berry"
474019,"Swift","Teunis"
435087,"Cherinka","Breannda"
228452,"Manders","Aloke"
415424,"Savasere","Adhemar"
428848,"Zirintsis","Manohar"
252911,"Cappello","Kellyn"
451712,"Eldridge","Poorav"
207900,"Wroclawski","Sachem"
27180,"Valette","Udaiprakash"
91496,"Casperson","Sven"
52635,"Jording","Tadahiko"
80926,"Zaumen","Tremaine"
11239,"Kenevan","Gurbir"
247901,"Litzler","Weiwu"
29382,"Stentiford","Surveyors"
70230,"Angiulli","Piyush"
468939,"Chelton","Chrisa"
204182,"Riexinger","Pranay"
248438,"Bednarek","Niteen"
78027,"Rosen","Susanta"
251397,"Delgrange","Ramachenga"
65246,"Kranzdorf","Shalesh"
55294,"Spieker","Patricia"
448212,"Staylopatis","Yunming"
477533,"Bazzichi","Renny"
472132,"Atchley","Yucai"
466032,"Swist","Boaz"
234106,"Staudhammer","Eckart"
42507,"Braunschweig","Sreekrishna"
251020,"Blokdijk","Froduald"
455708,"Ramsey","Uriel"
216093,"Papastamatiou","Gadiel"
96864,"Cyre","Qiwen"
467729,"Ranta","Fabrizio"
466026,"Genther","Satoru"
256341,"Candan","Parke"
240238,"Luef","Nathan"
454837,"Poujol","Jacopo"
203766,"Warwick","Yuuichi"
21855,"Morrow","Nirmal"
267393,"Makinen","Hironobu"
408121,"Smailagic","Arto"
458277,"Kolinko","Ortrud"
451776,"Coombs","Ravishankar"
279462,"Wendorf","Renee"
249901,"Spell","Sanjai"
220155,"Hiroyama","Sadok"
31831,"Swiss","Vivian"
472313,"Jiang","Kristine"
292241,"Raczkowsky","Marsja"
240205,"Masada","Moriyoshi"
211972,"Iacovou","Badri"
206000,"Schapire","Atreye"
422470,"Androutsos","Arvin"
204670,"Brlek","Malu"
50268,"Borovoy","Danil"
17769,"Munck","Kien"
439040,"Aloia","Nakhoon"
206202,"Yavatkar","Gill"
40999,"Cmelik","Zvonko"
250850,"Zongker","Gully"
244317,"Baar","Boutros"
254166,"Asrin","Leaf"
207468,"Schueller","Ortrun"
414521,"Zuberek","Nikolaos"
33895,"Rosca","Vitali"
214143,"Schrift","Florina"
88430,"Kriebel","Filipp"
461731,"Luon","KayLiang"
447408,"McAlpine","Ronghao"
267375,"Birdsall","Koichi"
287694,"Sinicrope","Vitali"
420523,"Andreotta","Danco"
441211,"Shackell","Jacqueline"
261609,"Rosis","Tran"
217971,"Giaccio","Zsolt"
71188,"Schapiro","Pranjal"
66150,"Kaminger","Zhiwei"
480354,"Schusler","Ewing"
107244,"Ellozy","Mantis"
93482,"Bael","Panayotis"
237360,"Denti","Jianhui"
450692,"Segond","Chinhyun"
70670,"Dredge","Nectarios"
257963,"Oxman","Sven"
210992,"Matzke","Khue"
48908,"Biran","Nahum"
280277,"Perry","Magdalena"
65378,"DeMori","Odoardo"
86701,"Trystram","Chiradeep"
298590,"Awdeh","Yakkov"
200059,"Glowinski","Gererd"
472334,"Farrow","Tooru"
295326,"Sullins","Tse"
438148,"Schrooten","Yurii"
442821,"Pocchiola","Alassane"
75010,"Desikan","Mrinalini"
236052,"Krone","Adly"
100436,"Gini","Subhankar"
95458,"Murtagh","Fumiya"
452722,"Streit","Ger"
455253,"Collavizza","Xiahua"
248710,"Hockney","Fabrizio"
69093,"Matzke","Zorica"
438584,"Pero","Sangeeta"
411965,"Chinin","Youssef"
420257,"Kaiserswerth","Jungsoon"
243718,"Validov","Mingzeng"
445657,"Cromarty","Junsik"
99181,"Menhardt","Vesna"
446045,"Narwekar","Margareta"
220766,"Litzkow","Xiadong"
214887,"Poujol","Peternela"
201510,"Scharstein","Dmitry"
214678,"Bolsens","Kristina"
272558,"Gide","Jacqueline"
449386,"Montemayor","Kwan"
438549,"Riexinger","Margo"
104405,"Colorni","Shigeaki"
468521,"Benantar","Gita"
417637,"Vitiello","Ute"
106485,"Rettelbach","Mayumi"
208462,"Stassinopoulos","Bedrich"
251422,"Chaudhury","Laurentiu"
411273,"Eickenmeyer","Leif"
294843,"Pehl","Conor"
203570,"Walstra","Arumugam"
417376,"Hertweck","Leszek"
31401,"Sigstam","Hein"
404105,"Cyre","Minghong"
208924,"Orsini","Kristin"
247360,"Schurmann","Saeed"
91537,"Rosar","Eishiro"
290589,"Chleq","Jouni"
287406,"Slutz","Arra"
269501,"Delaune","Udi"
92432,"Strehl","Adly"
234730,"Basagni","Leucio"
427433,"Francisci","Serif"
15499,"Simkin","Tetsushi"
231039,"Coorg","Genevieve"
86637,"Taubman","Gennady"
420347,"Valette","Shuky"
72475,"Cheshire","Souichi"
96058,"Chaudhuri","Berni"
32956,"Pettit","Khalil"
467793,"Cooley","Candido"
466307,"Chartres","Takahito"
75370,"Alameldin","Kwee"
245528,"Baumann","Kristinn"
426307,"Sundgren","Fumiya"
246340,"Caine","Theron"
479534,"Brookner","Berthier"
428581,"Dengi","Giri"
217137,"Chorvat","Kerhong"
418414,"Barinka","Zdislav"
403185,"Beutelspacher","Mitsuyuki"
253871,"Remmele","Pradeep"
475522,"Stille","Yonghong"
436249,"Varker","Roddy"
408656,"Birch","Mario"
418181,"Kushner","Kwok"
244214,"Malabarba","Mingsen"
49051,"Pappas","Almudena"
235883,"Valtorta","Hugh"
271227,"Munck","DeForest"
93555,"Babb","Zito"
217878,"Kalefeld","Srinidhi"
95838,"Denti","Keung"
87773,"Comyn","Annemarie"
33691,"Vidal","Armond"
293418,"Furudate","Douadi"
422996,"Kornyak","Mang"
86552,"Wielonsky","Tetsurou"
13715,"Range","Licheng"
296949,"Sidou","Aleksander"
251457,"Oberman","Shay"
423074,"Tomescu","Yinlin"
405127,"Perfilyeva","Kwee"
56608,"Trachtenberg","Denny"
439718,"Gelosh","Zijian"
435883,"Moffat","Jiann"
243225,"Luby","Yakichi"
481150,"Gonthier","Honglan"
426800,"Kuhnemann","Kwok"
429662,"Mitzlaff","Isaac"
233419,"Hitomi","Serif"
429810,"Tzvieli","Mari"
83685,"Nergos","Chirstian"
89810,"Snedden","Peternela"
251508,"Malabarba","Christ"
225406,"Waeselynck","Domenick"
458211,"Steenbeek","Gopalakrishnan"
10490,"Vuskovic","Huiqun"
50713,"Badache","Stevo"
100248,"Vidya","Gina"
275705,"Peak","Jolita"
434548,"Morrey","Jianhao"
21307,"Kalloufi","Nigel"
424030,"Lagarias","Masako"
448425,"Boudaillier","Rosli"
270898,"Tanemo","Arno"
64587,"Dehkordi","Oddvar"
423769,"Ritcey","Sanjeeva"
288966,"Liedekerke","Honesty"
417580,"Ossenbruggen","Chriss"
49964,"Baranowski","Christoph"
220074,"Harnett","Luigi"
65819,"Sundgren","Mabo"
470439,"Gajiwala","Shunichi"
403512,"Perin","Cathie"
217564,"Schnabel","Marie"
215101,"Baaz","Mark"
90364,"Majewski","Shao"
87863,"Welham","Maya"
63711,"Rouquie","Mohamadou"
436354,"Malabarba","Oscar"
295345,"Gulik","Teiji"
210306,"Emden","Shigeo"
255206,"Prochazka","Mingzeng"
216227,"Provine","Rosalie"
472976,"Rusmann","Hyuncheol"
264299,"Kushnir","Elrique"
445454,"Kobuchi","Tadahiko"
412105,"Siksek","Teiji"
224048,"Alpin","Syozo"
59116,"Stafford","Jackson"
449947,"Guting","Wilmer"
270907,"Trogemann","Shahab"
106658,"Socorro","Kamakshi"
418901,"Kabayashi","Lucien"
414917,"Delgrange","Chikara"
410564,"Penttonen","Constantino"
269451,"Quittner","Eirik"
405438,"Compeau","Claudi"
226631,"Jeansoulin","Harngdar"
29573,"Linnainmaa","Kwangsub"
265808,"Pollacia","Halsur"
10828,"Gammage","Godehard"
12595,"Morrey","Yaghout"
445422,"Speek","Patricia"
84906,"Danecki","Greger"
64922,"Zeilberger","Shuzo"
462594,"Zhang","Waiman"
275156,"Rahimi","Shigeichiro"
466058,"Murtha","Zhonghui"
62344,"Ventosa","Billie"
445802,"Kilgour","Tomoyuki"
28161,"Nicolson","Kwan"
18597,"Nergos","Jayesh"
50760,"Kaelbling","Armond"
238154,"Bazzichi","Rafail"
73279,"Beausoleil","Cordelia"
56452,"Sanella","Babette"
41129,"Alpin","Teiji"
200777,"Alpay","Ziyad"
470471,"Erdmenger","Aiichiro"
472013,"Douceur","Phule"
58291,"Matheson","Shaowei"
276657,"Wrigley","Reinhold"
75753,"Sadowsky","Mohammed"
439890,"Kaiser","Geoffry"
466561,"Mattern","Alenka"
277942,"Gargeya","Edwin"
220992,"Francisci","Arie"
256275,"Poupard","Cristinel"
441096,"Panwar","Akemi"
53834,"Antonisse","Poornachandra"
278354,"Montemayor","Michaela"
210869,"Steenbeek","Mihalis"
57476,"Staudhammer","Badri"
86362,"Bernick","Uli"
457903,"Bierbaum","Ferdinand"
419276,"Schreiter","Leon"
206874,"Socorro","Macha"
94455,"Isaak","Takanari"
227828,"Juneja","Syozo"
99769,"Winter","Xinyu"
68527,"Pehl","Shaowei"
450487,"Zwicker","Takushi"
286632,"Ghemri","Bingning"
420209,"Sury","Sudhanshu"
102603,"Polupanov","Koichi"
476509,"Kornyak","Mizuhito"
254497,"Kroll","Ipke"
279986,"Cannard","Stella"
48381,"Kampfer","Rajmohan"
454588,"Mitchem","Eran"
258045,"Bednarek","Josyula"
254386,"Feldmann","Sangeeta"
468341,"Tsunoo","Vishv"
31038,"Birnbaum","Arvin"
478531,"Lunt","Herb"
106864,"Chappelet","Divier"
76005,"Mukaidono","Moss"
95572,"Felder","Shuzo"
10331,"Binkley","Arto"
421975,"Eastman","Hyuckchul"
37814,"Salvesen","Adel"
233382,"Diderrich","Bojan"
71930,"Etalle","Lech"
27523,"Barbanera","Sigeru"
257282,"Trogemann","Sivanarayana"
290630,"Biros","Mantis"
25985,"Trachtenberg","Rafols"
82393,"Fujisaki","Parke"
85440,"Birta","Marjo"
247330,"McFarlan","Adam"
40757,"Fadgyas","Christ"
442046,"Massonet","Shir"
225127,"Boudaillier","Xuejun"
420965,"Thorensen","Alenka"
11547,"Flexer","Kyoichi"
260113,"Stasinski","Samphel"
481106,"Rosen","Shaw"
263688,"Porenta","Qingxiang"
37449,"Kalsbeek","Dinah"
460609,"Sadowsky","Sham"
72546,"Guardalben","Kousuke"
456018,"Panwar","Sushant"
244847,"Maierhofer","Tetsushi"
109428,"Koyama","Chrisa"
265419,"Luck","Bluma"
18809,"Munoz","Laurentiu"
223240,"Champarnaud","Dayanand"
42659,"Perna","Eirik"
261600,"Lally","Radhakrishnan"
213843,"Plump","Chaoyi"
11708,"Angot","Chenye"
408821,"Babb","Xiong"
201121,"Poujol","Golgen"
429049,"Armand","Geoffrey"
290675,"Kleiser","Chenye"
94656,"Negoita","Nikolaus"
228609,"Seuren","Shmuel"
481454,"Gulak","Alselm"
425962,"Lores","Steen"
448119,"Smeets","Nikolaus"
420927,"Syrzycki","Bedir"
28272,"Savasere","Shigeichiro"
291568,"Eickenmeyer","Vatsa"
231352,"Sooriamurthi","Fayez"
79572,"Kroll","Pranjal"
94037,"Kroon","Youngkon"
402410,"Cooke","Bokyung"
410165,"Pews","Licheng"
456552,"Horswill","Akemi"
262358,"Luon","Xinglin"
98113,"Soloway","Changho"
91420,"Suppi","Jacqueline"
67665,"Alpin","Sergi"
84892,"Ghazalie","Yinlin"
417194,"Maierhofer","Sanjeeva"
276191,"Birnbaum","Rosli"
461464,"Swift","Sham"
407486,"Selenyi","Arun"
61049,"Schicker","Joydip"
263346,"Hasham","Waiman"
23972,"Vesna","Zvonko"
241638,"Pepe","Yifei"
447761,"Swen","Mayumi"
80224,"Zaiane","Reinhard"
437442,"Delaune","Muzhong"
213649,"Manders","Udaiprakash"
86866,"Stranks","Chenxi"
438144,"Suri","Martial"
283054,"Thebaut","Taegyun"
480878,"Billawala","KayLiang"
59852,"Goldhammer","Divier"
264873,"Highland","Shigeichiro"
108070,"Bennis","Khoa"
284455,"Peak","Arumugam"
269251,"Chleq","Lubomir"
231855,"Cangellaris","Saddek"
429131,"Rahimi","Shimshon"
238802,"Katiyar","Lillian"
44765,"Conta","Szabolcs"
107738,"Jansch","Lorien"
10509,"Riesenhuber","Abdelwaheb"
461899,"Kusakari","Marin"
208823,"Hainaut","Vugranam"
401033,"Kornatzky","Masato"
462719,"Fioravanti","Mingdong"
35008,"Schlegelmilch","Mariangiola"
294679,"Gelosh","Dinkar"
277531,"Constantine","Gen"
468016,"Cappelli","Jiong"
41356,"Teitelbaum","Gil"
266657,"Junet","Poorav"
38174,"Peron","Xiaobin"
275502,"Muntz","Hailing"
74120,"Piveteau","Uzi"
474915,"Pesch","Susuma"
404926,"Ouhyoung","Yuchang"
221003,"Dratva","Akhilish"
23870,"Veeraraghavan","Sangeeta"
410848,"Yoshizawa","Sudhanshu"
422051,"Baaz","Mark"
239676,"Delgrossi","Sergi"
215052,"Tasistro","Kirk"
261992,"Malinowski","Shaowei"
231694,"Mukaidono","Mayumi"
291487,"Hasenauer","Abdelwaheb"
214101,"Plavsic","Mitsuyuki"
65386,"Przulj","Shaw"
440948,"Siepmann","Renny"
476872,"Stifter","Gao"
75696,"Carrere","Pranav"
214661,"Serdy","Bilhanan"
441371,"Leppanen","Vidya"
431634,"Solares","Parto"
90052,"Cangellaris","Gill"
444251,"Morrow","Magdalena"
249261,"Pettis","Gil"
284508,"Anick","Feiyu"
92578,"Jayawardene","Zissis"
54296,"Bresenham","Masadi"
16428,"Chinin","Arun"
204752,"Mattern","Shahar"
481117,"Brender","Fay"
45463,"Castellani","Zhanqiu"
295899,"Ghalwash","Herb"
211937,"Pashtan","Genevieve"
433359,"Molenkamp","Urs"
208411,"McDermid","Krassimir"
459603,"DuCasse","Huei"
404643,"Przulj","Krassimir"
459692,"Flasterstein","Kyoichi"
248902,"Esteva","Lihong"
201337,"Bennis","Constantijn"
28381,"Bashian","Leaf"
463256,"Demos","Mabhin"
226411,"Farris","Toshiko"
39827,"Stemann","Paris"
30698,"Kropp","Djenana"
30980,"Swift","Shigehiro"
435545,"Tsukuda","Michaela"
262591,"Ramalingam","Vivian"
275697,"Eiron","Oksana"
99962,"Ranft","Masako"
275233,"Stranks","Uzi"
454330,"Lagarias","Sarita"
25762,"Heping","Souichi"
458938,"Llado","Remco"
250287,"Oskamp","Arie"
281120,"Garnick","Vivian"
420823,"Rubsam","Shaunak"
95439,"Cannata","Shuji"
90595,"Koshiba","Byong"
450027,"Oxenboll","Kwangho"
455173,"Poehlman","Takahira"
12881,"Yurek","Huai"
102005,"Halloran","Satosi"
99189,"Brendel","Khaled"
101030,"Milicic","Khun"
438754,"Nittel","Jinxi"
37433,"Borstler","Candido"
254131,"Granlund","Xinan"
406167,"Jayawardene","Remko"
82768,"Raney","Yefim"
75090,"Rando","Fay"
292083,"McFarlan","Kayoko"
243800,"Kroha","Kwun"
234240,"Driscoll","Chiradeep"
221223,"Vandervoorde","Mariangiola"
75919,"Riexinger","Mountaz"
68876,"Yavatkar","Shaowei"
294831,"Stanger","Kokou"
284236,"Rossi","Guther"
263711,"Gladwell","Haldon"
433673,"Conta","Lein"
293476,"Szilard","Khalid"
466643,"Liesche","Dinkar"
235889,"Manderick","Bangqing"
267128,"Angiulli","Kaijung"
219248,"Ozeki","Jayesh"
428137,"Piveteau","Adel"
405670,"Xiaoshan","Jayson"
401520,"Delaune","Godehard"
218740,"Linnainmaa","Lech"
21122,"Vecchio","Youpyo"
213454,"Potthoff","Mona"
413862,"Tasistro","Arco"
21587,"Cromarty","Marsha"
239139,"Varman","Kristinn"
215621,"Worfolk","Stamatina"
106159,"Rahimi","Aloke"
415483,"Beeson","Marko"
292181,"Sichman","Jingling"
282641,"Pellegrinelli","Dante"
52663,"Steenbeek","Gadiel"
259655,"Milicic","Armond"
219115,"Schaap","Fumiko"
56004,"Huttel","Sajjan"
270530,"Randt","Mara"
299428,"Serre","Turgut"
446603,"Serna","Sushant"
438844,"Chvatal","Kasturi"
252613,"Vilarrasa","Arra"
53354,"Koprowski","Leah"
474157,"Valette","Salvador"
62611,"Oxenboll","Domenico"
403062,"Kakkar","Sumant"
103686,"McAffer","Spyrose"
223777,"Genin","Leen"
254460,"Poujol","Duke"
105032,"McClurg","Isamu"
273698,"Linnainmaa","Beshir"
104679,"Acton","Roselyn"
16618,"Hebert","Sadun"
264120,"Zallocco","Ipke"
285868,"Ouhyoung","Uzi"
241489,"Porotnikoff","Hugo"
445937,"Peroz","Sumali"
219103,"Hasham","Yoshinari"
106058,"Polupanov","Yannis"
281065,"Braunmuhl","Ortrud"
210848,"Emiris","Gennadi"
61368,"Krogh","Chinho"
95818,"Bael","Chenxi"
104804,"Bottner","Feipei"
256239,"Gadepally","Stein"
41403,"Wrigley","Khedija"
99716,"Casperson","Luerbio"
90018,"Lueh","Toong"
423484,"Mersereau","Geoffrey"
97206,"Yeung","Susanne"
434194,"Syang","Nadjib"
468088,"Quadeer","Xiaoqiu"
286737,"Hmelo","Nalini"
232100,"Mandell","Sudhanshu"
64671,"Garnier","Takahiro"
448670,"Etalle","Munehiko"
70592,"Klerer","Zhiguo"
467771,"Schaad","Breannda"
417325,"Ruther","Palash"
480660,"Sambasivam","Kazunori"
286650,"Turnbull","Marek"
236465,"Desikan","Yoshimitsu"
217867,"Rothe","Lijia"
421130,"Pettit","Zhonghui"
406247,"Heystek","Siddarth"
467528,"Fandrianto","Suvo"
85530,"Matzov","Bezalel"
255035,"Erbe","Reinhold"
406976,"Demri","Fabrizio"
37415,"Bernick","Susuma"
259816,"Chenoweth","Sashi"
443606,"Rousseau","Naftali"
56886,"Papsdorf","Sadok"
455459,"Thisen","Christoph"
434458,"Stellhorn","Mari"
255382,"Facello","Zito"
34457,"Felcyn","Suebskul"
239559,"Fasbender","Qingxiang"
234263,"Zallocco","Cheong"
231266,"Basawa","Masato"
30211,"Erol","Vasilis"
295618,"Pauthner","Jaideep"
250479,"Dulli","Boutros"
248326,"Mitchem","Douadi"
275755,"Comyn","Yagil"
37295,"Zizka","Toshimitsu"
410691,"Sethi","Shaowei"
64760,"Mawatari","Tze"
201878,"Binding","Mani"
421344,"Cappelli","Ishfaq"
214106,"Brattka","Jahangir"
67633,"Furedi","Chiranjit"
434412,"Hoppenstand","Xiahua"
23550,"Huttel","Mabhin"
410047,"Sommer","Masato"
419909,"Gils","Ranan"
477928,"Cunliffe","Tamiya"
234614,"Nations","Aleksander"
54170,"Delgrossi","Chenye"
42918,"Serra","Evgueni"
22326,"Skafidas","Mani"
472143,"Sommen","Yahiko"
253429,"Gimbel","Takahira"
298794,"Rothe","Mohit"
206504,"Bage","Berhard"
202998,"Basagni","Giri"
264238,"Cochrane","Deborah"
401686,"Murtafg","Saeed"
52208,"Georg","Remzi"
464557,"Demizu","Moie"
18771,"Haraldson","Domenick"
476456,"Rodiger","Remko"
431693,"Billingsley","Shaunak"
269371,"Erdmenger","Fei"
299033,"Gente","Fei"
295794,"Pearson","Behnaam"
291584,"Lipner","Domenico"
65136,"Undy","Terresa"
435297,"Nitsche","Siddarth"
59531,"Schonegge","Divier"
416995,"Ibel","Kinh"
47505,"Hockney","Tiina"
20517,"Doering","Aiman"
481274,"Dulli","Djenana"
105534,"Francisci","Kazuhito"
81874,"Paciorek","Marke"
448139,"Bain","Lillian"
215720,"Radivojevic","Charlene"
40752,"Verhaegen","Mantis"
19634,"Etalle","Phuoc"
43815,"Asmuth","Conrado"
16980,"Reinhard","Visit"
205533,"Domenig","Yinghua"
470012,"Lowrie","Khosrow"
287272,"Denny","Dmitry"
437245,"Baezner","Gro"
226786,"Liedekerke","Mandell"
202177,"Asser","Yoshimitsu"
86046,"Hardjono","Sachem"
58485,"Raney","Genki"
56058,"Schapire","Christoper"
255804,"Brender","Pranay"
100238,"Uhrig","Toshimitsu"
78291,"Poupard","Kankanahalli"
40111,"Swist","Yagil"
429188,"Passafiume","Vesna"
245070,"Rodham","Diederik"
47583,"Willoner","Douadi"
56138,"Waymire","Filipp"
250913,"Sluis","Limsoon"
93333,"Sabnani","Magy"
21260,"Snedden","Zissis"
72496,"Luon","Mario"
291652,"Ranon","Haldon"
254385,"Spieker","Lalit"
31827,"Zeilberger","Kristine"
434210,"Cromarty","Hailing"
275091,"Pouyioutas","Saeko"
77057,"Baalen","Kokou"
59090,"Frezza","Yuguang"
260830,"Herber","Shridhar"
291265,"Dulli","Dinah"
285187,"Piveteau","JiYoung"
220329,"Falster","Kauko"
97929,"Zeilberger","Shahar"
229678,"Cappello","Seongbin"
26698,"Leuchs","Tayeb"
466279,"Goodrum","Adil"
229921,"Templeman","Bernt"
37623,"Staylopatis","Parviz"
402600,"Szilard","Constantino"
254195,"Christianini","Katsuyuki"
238648,"Pollock","Niclas"
472083,"Murillo","Yakichi"
62879,"Gunderson","Piyawadee"
245542,"Perly","Huican"
34725,"Pollock","Weijing"
48548,"Boyle","Basant"
106657,"Mandell","Goa"
214334,"Atchley","Pascal"
43056,"Dayang","Djelloul"
412842,"Hoppenstand","Berry"
59333,"Ratnaker","Fay"
222925,"Karunanithi","Shrikanth"
86626,"Polajnar","Sashi"
229204,"Sichman","Tomoyuki"
436422,"Denna","Roded"
210661,"Rosen","Boalin"
24213,"Menhardt","Valeska"
459169,"Penz","Adel"
243241,"Marakhovsky","Adit"
83083,"Dolinsky","Atilio"
47546,"Fairtlough","Phuoc"
415029,"Butner","Masaki"
271006,"Shrader","Yolla"
45092,"Chandrasekhar","Francesca"
445936,"Vingron","Sachem"
431913,"Spieker","Serenella"
434372,"Henseler","Jaewoo"
433258,"Borovoy","Nahum"
417185,"Heemskerk","Jongsuk"
67705,"Khalil","Genevieve"
93539,"Heystek","Stevo"
290800,"Meriste","Shmuel"
403155,"Mamelak","Duke"
222833,"Mapelli","Duke"
28209,"Millington","Gadiel"
200800,"Brandsma","Duri"
425079,"Zielinski","Huican"
65493,"Cummings","Zeydy"
468668,"Tyugu","Kamran"
239179,"Panangaden","Kaijung"
234786,"Iivonen","Paloma"
424252,"Bernardinello","Shirish"
256767,"Kitsuregawa","Tesuya"
264554,"Leonhardt","Domenick"
294240,"Ressouche","Poornachandra"
44461,"Rodier","Masami"
404118,"Boreale","Moty"
60132,"Middleton","Lein"
225488,"Vieri","Martijn"
72332,"Roccetti","Yechezkel"
203491,"Paludetto","Masasuke"
427346,"Kropf","Denis"
470555,"Prenel","Shmuel"
428764,"Radivojevic","Guangming"
38817,"Pashtan","Douadi"
299442,"Schonegge","Laurentiu"
293346,"Ambroszkiewicz","Hausi"
77301,"Bale","Inderjeet"
407504,"Levasseur","Shigehiro"
226555,"Kranzdorf","Pranav"
83775,"Iivonen","Toney"
20211,"Sadowsky","Idoia"
457207,"Geffroy","Xuejia"
101833,"Couchot","Cordelia"
24297,"Poupard","Gritta"
421482,"Ebeling","Kwangsub"
202834,"Syang","Tristan"
467658,"Serdy","Armond"
243913,"Cochrane","Elzbieta"
74154,"Foong","Oscar"
83575,"Szilard","Shigeo"
24863,"Buchter","Leaf"
237117,"Braccini","Maria"
57572,"Zongker","Frazer"
435263,"Bahr","Fumitake"
33044,"Levergood","Lein"
469427,"Werthner","Przemyslawa"
464761,"Luga","Juyoung"
94038,"Schnabel","Gio"
238195,"Reeker","Raimond"
200584,"Antonisse","Stabislas"
466514,"Kroll","Heng"
292679,"Swan","Geoff"
89948,"Matzke","Fabrizio"
65507,"Krychniak","Vojin"
49524,"Brender","Saniya"
247737,"Perry","Weiru"
75953,"Pluym","Nitsan"
466292,"Assaf","Shimshon"
35939,"Demri","Hiroyasu"
262868,"Seiwald","Arnould"
21189,"Vitiello","Christfried"
471651,"Rousseau","Shigehito"
241818,"Lanzelotte","Dinah"
295321,"Mahnke","Aran"
57353,"Vidya","Yechiam"
466613,"Zlotek","Ult"
479165,"Pauthner","Chirstian"
236773,"Flanders","Shiv"
32150,"Narwekar","Chenxi"
470911,"Jakobus","Arra"
473916,"Uludag","Leaf"
242765,"Esteva","Herbert"
96134,"Maliniak","Jingling"
406817,"Awdeh","Masami"
403270,"Cooman","Waiman"
36723,"Millington","Atreye"
28068,"Simmen","Taisook"
19669,"Honiden","Shem"
210119,"Picaronny","Seongbin"
427078,"Menhardt","Shigeichiro"
75197,"Choobineh","Candida"
44870,"Orlowski","Xiong"
291859,"Demir","Goa"
456111,"Legleitner","Vincent"
422812,"Pashtan","Akeno"
64942,"Iisaku","Fai"
471912,"Cappello","Kamran"
459336,"Parascandalo","Satoru"
293482,"Merks","Tamiya"
23744,"Solovay","Jingling"
73071,"Sankaranarayanan","Hatim"
284038,"Shiratori","Masanao"
439948,"Hatcliff","Toshimitsu"
36620,"Itzigehl","Arno"
291016,"Swen","Somnath"
436290,"Brender","Lalit"
428582,"Uhrig","Vugranam"
255786,"Birta","Giordano"
48586,"Stellhorn","Krassimir"
434605,"Alameldin","Yahiko"
85984,"McClurg","Shietung"
11601,"Ritzmann","Erez"
233117,"Hegner","Kristian"
284709,"Strehl","Chandrasekaran"
266987,"Pauthner","Kyoichi"
263149,"Dichev","Chuanyi"
102906,"Herath","Navin"
93185,"Khalid","Gor"
474300,"Zumaque","Volkmar"
441836,"Francisci","Mayuri"
58226,"Gill","Ayonca"
53773,"Hambrick","Shigehiro"
245232,"Tyugu","Remmert"
251612,"Ouhyoung","Inderjeet"
234554,"Thombley","Ekawit"
447303,"Gente","Gift"
405230,"Kropp","Arto"
412316,"Pellegrinelli","Dinkar"
451338,"Fiebach","Krister"
24730,"Norsworthy","Lillian"
106068,"Buchter","Sanjay"
46312,"Improta","Yonghong"
449851,"Dolinsky","Sven"
405242,"Falco","Kristine"
468201,"Thorensen","Nirmal"
295411,"Serot","Chiranjit"
201610,"Fritzsche","Xiaoheng"
75639,"Mapelli","Tomoyuki"
64828,"Pappas","Krister"
409641,"Cochrane","Lakshmi"
245506,"Koyama","Gro"
200289,"Schurmann","Thodoros"
288372,"Schaar","Dmitri"
50678,"Chepyzhov","Udaiprakash"
13519,"Cardazo","Kristin"
240877,"Pehl","Zorica"
233098,"Sommer","Persi"
275839,"Gomatam","Mang"
400198,"Garnick","Gor"
67293,"Burnard","Doohun"
456544,"Lovengreen","Shin"
426518,"Turnbull","Marek"
85063,"Bierbaum","Goetz"
434821,"Kalsbeek","Nathalie"
444869,"Hennings","Zhenbing"
265504,"Peir","Tadanori"
279774,"Akaboshi","Pascal"
431267,"Coors","Goa"
449414,"Guenter","Jingling"
59652,"Guardalben","Ebbe"
415588,"Cyne","Insup"
87821,"Auyong","Sivanarayana"
430574,"Shackel","Hauke"
249525,"Straney","Mokhtar"
225264,"Bahl","Badri"
62298,"Yetto","Quingbo"
474721,"Reistad","Miquel"
461210,"Chleq","Kish"
73474,"Stiles","Ranan"
75247,"Dymetman","Deborah"
426159,"Cunliffe","Tadahiko"
251983,"Erva","Yakkov"
58289,"Itzfeldt","Stella"
407781,"Guting","Masako"
70739,"Kakkar","Przemyslawa"
85554,"Ermel","Cheong"
419537,"Zizka","Ziya"
234124,"Renear","Takahito"
420922,"Schwartzburd","Peer"
215783,"Prochazka","Sverrir"
265794,"Halloran","Miquel"
257714,"Thibadeau","Keung"
431629,"Openshaw","Naftaly"
75725,"Rijsenbrij","Stella"
268385,"Hofting","Shan"
216472,"Gerteisen","Kensyu"
432329,"Michaeli","Arra"
429026,"Ratnaker","Kristine"
67875,"Schlegelmilch","Constantine"
24839,"Brendel","Guadalupe"
447259,"Underwood","Tiina"
46631,"Perelgut","Aris"
72845,"Orlowska","Vitali"
218201,"Ashish","Harjit"
235041,"Stellhorn","Kshitij"
453586,"Bednarek","Nitsan"
439894,"Suessmith","Jayesh"
93344,"Escriba","Bernardo"
78366,"Gomatam","Guenter"
291578,"Kalorkoti","Moss"
17102,"Garnick","Radhika"
441018,"Khalil","Bodh"
245929,"Zaccaria","Mikhail"
240243,"Riexinger","Yuchang"
432677,"Ventosa","Gift"
249437,"Spieker","Fai"
86860,"Fasbender","Annemarie"
430241,"Thombley","Mack"
299187,"Thiran","Kerhong"
286674,"Bouloucos","Gal"
241032,"Pettis","Xiaopeng"
74793,"Roohalamini","Shimshon"
36338,"Spelt","Chuanti"
253841,"Kroft","Rajmohan"
451007,"Jeong","Mingzeng"
62790,"Leonhardt","Heng"
287730,"Madeira","Insup"
416980,"Meszaros","Qunsheng"
299814,"Ritzmann","Kiam"
215142,"Kushner","Danil"
405609,"Penz","Akeno"
254844,"Vieth","Dayanand"
404024,"Rubsam","Toshimi"
443729,"Kroft","Constantine"
220350,"Schwabacher","Pohua"
254658,"Beausoleil","Bouchung"
41905,"Badr","Roselyn"
237022,"Gopalakrishnan","Ibibia"
80848,"Bonifati","Souichi"
281928,"Gewali","Lidong"
281547,"Baez","Vidar"
17481,"Tiemann","Irene"
253717,"Bondorf","Tommaso"
408828,"Borstler","Danny"
279177,"Belinskaya","Hidde"
71557,"Poulakidas","Vitali"
219864,"Neiman","Yuriy"
102490,"Bernick","Guozhong"
87662,"Fiutem","Shietung"
429102,"Dolinsky","Zhongwei"
254344,"Nyrup","Yaghout"
242161,"Shobatake","Salvador"
101483,"Bernini","Phule"
439494,"Swick","Goa"
272258,"Ratnakar","Pradeep"
54176,"Cannane","Matt"
12213,"Brizzi","Kwangho"
481473,"Landherr","Lunjin"
298573,"Homond","Tesuya"
478156,"Pargaonkar","Licheng"
440963,"Munro","Dmitry"
228546,"Chiodo","Matk"
37375,"Gide","Gao"
273735,"Perly","Persi"
75955,"Dymetman","Erzsebet"
437935,"Danley","Byong"
49662,"Dulin","Augustine"
40748,"Mundy","Paloma"
38595,"Hempstead","Adel"
32585,"Danner","Luise"
475584,"Luef","Zhongwei"
241113,"Luef","Arra"
400082,"Janetzko","Vidya"
234310,"Murtagh","Bojan"
208340,"Butner","Etsuo"
210700,"Baig","Unal"
436733,"Coney","Jaroslava"
235338,"Kolvik","Minghong"
219220,"Heiserman","Elzbieta"
81371,"Hitomi","Along"
434438,"Matzke","Ziva"
58294,"Rajala","Jordanka"
427423,"Savasere","Subhrajyoti"
75470,"Fiutem","Shay"
21108,"Quittner","Heon"
240680,"Rabehasaina","Shalesh"
234810,"Usery","Arun"
450328,"Pauthner","Lenore"
226000,"Gerteisen","Hongzhu"
222867,"Mungall","Make"
408015,"Erol","Kendra"
468701,"Vickson","Tayeb"
478482,"Kinley","Koichi"
447660,"Zockler","Bokyung"
414635,"Czap","Quingbo"
474430,"Przulj","Kristina"
432196,"Curless","Kwok"
283342,"Schwartzbauer","Gritta"
275830,"Bresenham","Jackson"
247031,"Murillo","Tristan"
14454,"Ananiadou","Gita"
288921,"Riefers","Irene"
97382,"Stavenow","Shridhar"
425223,"Tanemo","Ennio"
410351,"Dayana","Yuping"
60425,"Leivant","Alagu"
264410,"Hiroyama","Ibibia"
240741,"Servieres","Shmuel"
11830,"Snedden","Maya"
70369,"Selenyi","Tomofumi"
18913,"Kirkerud","Tze"
442188,"Rahier","Lucian"
430890,"Dulay","Magy"
33154,"Katzenelson","Kwangjo"
454749,"Roohalamini","Almudena"
445752,"Coombs","Mokhtar"
270765,"Flanders","Stafford"
414139,"Soicher","Yakkov"
227087,"Herath","Mana"
30776,"Rosti","Wanqing"
214379,"Burnard","Kish"
461487,"Baby","Holgard"
248681,"Hutton","Saeko"
278180,"Ferriere","Niteen"
286561,"Kowalchuk","Weijing"
218463,"Speer","Manu"
93269,"Bratsberg","Limsoon"
292867,"Bierman","Tesuro"
52790,"Chinal","Freyja"
29875,"Poujol","Vesna"
233248,"Peac","Chinhyun"
285375,"Dayana","Satyanarayana"
236741,"Toyoshima","Gadiel"
18119,"Masada","Patricia"
260103,"Gien","Juyoung"
61430,"Lanteri","Sedat"
454618,"Lung","Margo"
93352,"Teitelbaum","Fai"
296694,"Saoudi","Ramachenga"
429770,"Bellone","Evgueni"
407240,"Bach","Khue"
438643,"Naudin","Patricio"
79538,"Melton","Elvis"
41265,"Poulakidas","Torsten"
202690,"Kruskal","Josyula"
29945,"Sullins","Rutger"
473790,"Swan","Jaroslava"
239737,"Kusakabe","Weicheng"
231882,"Bolsens","Florian"
218451,"Pouyioutas","Kristen"
55528,"Swiler","Indrajit"
289025,"Fordan","Feixiong"
246512,"Lindenbaum","Val"
73749,"Oppitz","Hercules"
275692,"Soloway","Arfst"
45096,"Luce","Yolla"
401818,"Uludag","Lillian"
292216,"Chartres","Shalesh"
244802,"Kushnir","Gritta"
103070,"Bondorf","Lenore"
99037,"Giveon","Duke"
263214,"Llado","Bojan"
38618,"Ibel","Houman"
32056,"Lieblein","Parviz"
271248,"Henseler","Fan"
455919,"Delgrande","Vasilis"
268793,"McFarlan","Bernt"
239061,"Lakshmanan","Akemi"
48534,"Bultermann","Mountaz"
17767,"Akazan","Jianwen"
287476,"Valette","Kitty"
219837,"Impagliazzo","Vitaly"
40837,"Merey","Mayuri"
424122,"Poujol","Leszek"
85503,"Danlos","Duangkaew"
454621,"Szemeredi","Cordelia"
241853,"Wolniewicz","Ulf"
19916,"Oxman","Shuji"
78277,"Sommer","Baocai"
64115,"Broomell","Jaber"
281513,"Sgarro","Susanta"
101008,"Meriste","Oscal"
462121,"Hockney","Mantis"
64838,"Vasanthakumar","Heng"
275020,"Danley","Valeri"
219797,"Demeyer","Neelam"
200612,"Veevers","Dannz"
16944,"Shobatake","Yuguang"
425935,"Homond","Lansing"
409744,"Zweizig","Almudena"
97356,"Sluis","Barton"
447602,"Cardazo","Abdelghani"
77761,"Pauthner","Tua"
221486,"Maraist","Ortrud"
233603,"Flanders","Vatsa"
278232,"Sanella","Krassimir"
273782,"Kornyak","Shooichi"
296055,"Krichel","Jinya"
245690,"Benner","Kristinn"
73462,"Pelc","Sergi"
408363,"Gente","Tsutomu"
274887,"Openshaw","Martien"
260957,"DeMori","Vidya"
220998,"Bael","Eckart"
447370,"Emmerich","Heng"
243624,"Iisaku","Leon"
427715,"Rusmann","Vishu"
36790,"Nooteboom","Masami"
22279,"Kornyak","Aamer"
209283,"Matzov","Chrisa"
54740,"Tokunaga","Leucio"
35531,"Menhardt","Barry"
33369,"Gargeya","Florian"
20737,"Acton","Oscar"
26687,"Tsukune","Danny"
414349,"Rikino","Janalee"
247827,"Lund","Arif"
468807,"Bellmore","Malu"
254102,"Flexer","Raimond"
478585,"Demizu","Kerhong"
403352,"Kolvik","Fuqing"
263234,"Rassart","Xiaocheng"
424508,"Peac","Bikash"
251775,"Chinen","Katsuo"
438750,"Yurov","Yurij"
263838,"Fritzsche","Oddvar"
56943,"Mapelli","Kendra"
48713,"Lorie","Kayoko"
405599,"Godskesen","Margo"
470519,"Kavanagh","Oldrich"
430778,"Rothenberg","Ishfaq"
107325,"Sherertz","Demin"
441295,"Kaminger","Chinho"
410437,"Montresor","Hongzhu"
224233,"Crouzet","Xiaocheng"
255558,"Skafidas","Alair"
447575,"Penz","Zito"
263163,"Krychniak","Ibibia"
407452,"Botman","Hinrich"
257822,"Perelgut","Kellie"
423710,"Krybus","Malu"
262867,"Neiman","Danae"
13528,"Liesche","Fumitaka"
98665,"Garigliano","Xumin"
413327,"Ellozy","Heejo"
245226,"Perz","Shigehiro"
247113,"Klyachko","Rimon"
67322,"Baca","Shim"
283063,"Savasere","Richard"
437958,"Litvinov","Weiye"
270642,"Marrevee","Gill"
205173,"Verhoeff","Xiaocheng"
476901,"Hmelo","Akemi"
229039,"McFarlin","Van"
210571,"Peot","Hirochika"
59108,"Junet","Domenick"
459743,"Weiland","Miyeon"
450084,"Segond","Deniz"
436258,"Mandell","Roddy"
38080,"Cronin","Zdislav"
21144,"Akaboshi","Bouchung"
108440,"Conta","Xiaoqiang"
276639,"Rosti","Ramachenga"
236910,"Orsini","Jordanka"
48823,"Zlotek","Jeong"
62696,"Callaway","Paloma"
400251,"Zaiane","Saddek"
95275,"Yemenis","Atreye"
17681,"Schauser","Eran"
228232,"Matzke","Elvis"
262735,"Brodal","Tzvetan"
65893,"Hoppenstand","Margareta"
454526,"Birsak","Ronghao"
420921,"Lamba","Niranjan"
407476,"Serra","Gurbir"
215929,"Muchinsky","Tran"
21735,"Setlzner","Odysseas"
38428,"Middleton","Jahangir"
227256,"Androutsos","Jasminko"
230832,"Kropp","Khue"
459642,"Plavsic","Stella"
31687,"Lienhardt","Huai"
55556,"Kaiserswerth","Fusako"
413439,"Itschner","Satyanarayana"
104285,"Rodham","Kazuhisa"
262969,"Kowalchuk","Harngdar"
215272,"Kisuki","Aemilian"
61461,"Porenta","Sumali"
78412,"Rousseau","Nathalie"
244429,"Pintelas","Debaprosad"
400356,"Comte","Collette"
453932,"Gischer","Eirik"
95366,"Gadepally","Hyuncheol"
215247,"Hellwagner","Tonny"
89195,"Zultner","Kazuhiko"
21069,"Reeker","Martine"
262697,"Luke","Prasadram"
458017,"Pellegrinelli","Sampalli"
261278,"Ermel","Peternela"
10597,"Schaad","Lucien"
92318,"Swan","Gopalakrishnan"
16705,"Stille","Sajjad"
294572,"Cappelli","Bangqing"
89835,"Pell","Sashi"
242443,"Fioravanti","Denis"
100686,"Beausoleil","TRUE"
46094,"Ramsey","Martien"
68796,"Denny","Nalini"
17275,"Danlos","Shmuel"
58516,"Knightly","Xianlong"
224010,"Dayana","Sigeru"
458276,"Thebaut","Huiqun"
39253,"Gecsei","Koichi"
54398,"Panienski","Otilia"
23447,"Nyrup","Gaurav"
406962,"Cromarty","Chirstian"
476464,"Pulkowski","Qingxiang"
66451,"Eugenio","Hitofumi"
414450,"Bednarek","Theron"
285889,"Beerel","Tomoyuki"
454180,"Karcich","Masasuke"
274626,"Litzkow","Vitali"
32503,"Pramanik","Noritoshi"
69703,"Nyrup","Volkmar"
436267,"Rothe","Adam"
233948,"Wynblatt","Yoshinari"
37969,"Zweizig","Ger"
108891,"Chiodo","Bikash"
41296,"Coorg","Kerhong"
33125,"Dulay","Jaewon"
23787,"Spataro","Keiichiro"
104065,"Sifakis","Chaoyi"
46013,"Perz","Yongmao"
467001,"Samarati","Kousuke"
454341,"Baezner","Jeong"
401060,"Demke","Moon"
206697,"Quaggetto","Billie"
67695,"McAffer","Fumiya"
69083,"Castellani","Chaitali"
293301,"McClure","Aran"
269307,"Vieth","Tonny"
257130,"Remmers","Shiv"
30982,"Francisci","Suebskul"
26084,"Kalorkoti","Bodo"
297190,"Verhaegen","Demin"
215505,"Salinas","Gudjon"
223482,"Piveteau","Lidong"
39279,"Pews","Baruch"
230169,"Pramanik","Eberhardt"
109401,"Kilgour","Christoper"
238566,"Mandelberg","Marko"
244939,"Wursthorn","Achilleas"
95902,"Mikschl","Adin"
66050,"Riesenhuber","Gully"
298879,"Lindenbaum","Akeel"
402706,"Raczkowsky","Toshimori"
452061,"Tramer","Ramya"
69973,"Peron","Douadi"
226677,"Karcich","Urs"
41449,"Kirkerud","Kendra"
109782,"Strandh","Poorav"
34682,"Benzmuller","Lucian"
34008,"Danecki","Manibrata"
91285,"Maksimenko","Tayeb"
434532,"Wroclawski","Mariusz"
459173,"Basawa","Lein"
460406,"Schwartzbauer","Udi"
212668,"Tyugu","Branimir"
34158,"Syrotiuk","Mohammed"
464231,"Eastman","Constantino"
96725,"Covnot","Kazuhira"
30412,"Roohalamini","Yurii"
478332,"Danecki","Nechama"
430347,"Cyne","Malu"
44979,"Pero","Isamu"
28007,"Danley","Hirochika"
480166,"Ambroszkiewicz","Kazuyasu"
284758,"Krichel","Odoardo"
233594,"Yamaashi","Xiahua"
455813,"Codenie","Aral"
481599,"Kawashima","Hausi"
259394,"Dahlbom","Arnd"
451620,"Rotem","Mohd"
477113,"Nilsson","Yucel"
207028,"Gluchowski","Mayuri"
411529,"Lubachevsky","Clyde"
211836,"Schwartzburd","Nathan"
41076,"Garigliano","Maik"
220057,"Pauthner","Moty"
57957,"Werthner","Marla"
220636,"Gimarc","Demos"
280610,"Leslie","Mohammad"
204136,"Tramer","Mary"
98996,"Kalloufi","Parke"
225194,"Conta","Christfried"
470836,"Thummel","Chiranjit"
471697,"Muniz","Teruyuki"
77733,"Henseler","Lijie"
256672,"Ratnakar","Kenroku"
423720,"Maierhofer","Barry"
288568,"Birge","Izaskun"
403553,"Hashii","Jaques"
475909,"Rodite","Shigeichiro"
260727,"Billawala","Nalini"
216653,"Veeraraghavan","Stella"
442139,"Bolsens","Pradeep"
407187,"Pollacia","Valeska"
277517,"Schurmann","Billie"
90297,"Nanard","Bernt"
75906,"Cappello","DeForest"
12225,"Narahara","Yongqiao"
37937,"Pero","Xiahua"
74103,"Pokrovskii","Branimir"
276290,"Ambroszkiewicz","Mayuko"
461625,"Bael","Margareta"
456503,"Peek","Haldon"
227682,"Frezza","Kauko"
83658,"Reistad","Nathan"
456209,"Usery","Ohad"
21477,"Samarati","Weiyi"
18164,"Curless","Goetz"
200589,"Restivo","Shuho"
446766,"Brandsma","Ronnie"
86351,"Staylopatis","Jackson"
97770,"Keustermans","Horward"
478830,"Negoita","Guoxiang"
107502,"Thorensen","Munehiko"
415165,"Goldhammer","Fabrizio"
249142,"Cunliffe","Xinyu"
38589,"Krzyzanowski","Shahab"
89503,"Ibel","Karoline"
404003,"Unni","Mechthild"
282581,"Straney","Mona"
80838,"Ruemmler","Cheong"
454158,"Anido","Mokhtar"
292706,"Kuhnemann","Hugh"
94092,"Ghazalie","Lijie"
413163,"Luce","Maik"
43873,"Eugenio","Eirik"
204494,"Walston","Hatsukazu"
440560,"Mayerwieser","Junichi"
429463,"Rodham","Constantine"
220449,"Kading","Nirmal"
237595,"Segond","Satosi"
235831,"Blokdijk","Yurij"
408771,"Munro","Chanjung"
275168,"Picht","Goo"
48133,"Perfilyeva","Kazuhira"
249147,"Kirkerud","Lunjin"
249516,"Sadowsky","Ayakannu"
64017,"Wrigley","Magy"
452537,"Salinas","Alassane"
269698,"Savasere","Miomir"
214796,"Cronau","Leah"
298571,"Brlek","Shigeaki"
421707,"Baumann","Radhia"
406088,"Henders","Uzi"
231892,"Morris","Yurii"
217432,"Lanphier","Bader"
285910,"Hiyoshi","Rosli"
465612,"Lichtman","Tzu"
440786,"Naumovich","Marek"
441568,"Claffy","Danco"
106598,"Remmers","Chaitali"
434826,"Androutsos","Zito"
218325,"Eiter","Sanjeeva"
57213,"Gyorkos","Vugranam"
234297,"Badr","Makato"
71973,"Lamba","Leucio"
221680,"Jarecki","Candida"
411990,"Renear","Luigi"
15307,"Schrift","Rafael"
63523,"Ferretti","Yefim"
418125,"Baar","Khun"
280959,"Perz","Hiroyasu"
281355,"Matzel","Sachin"
66821,"Shrader","Aiman"
217074,"Codenie","Dipankar"
467926,"Stiles","Yucel"
62449,"Angelov","Jixiang"
404898,"Thorelli","Yishay"
276633,"Birdsall","Shin"
448456,"Bodoff","Khatoun"
266605,"Junot","Yoshimitsu"
222072,"Thebaut","Gro"
414532,"Kobara","Wilmer"
31444,"Hinsberger","Aris"
60723,"Cools","Along"
31057,"Wixon","Halsur"
44772,"Perin","Nadjib"
11740,"Pero","Isaac"
270828,"Braunmuhl","Shugo"
279807,"Shrader","Yakichi"
447203,"Lienhardt","Gila"
418830,"Zucker","Srinidhi"
215330,"Weisert","Parto"
462050,"Barinka","Xuedong"
468713,"Gide","Tomofumi"
430560,"Wolniewicz","Ortrun"
419173,"Gini","Gita"
17977,"Kalafatis","Ziyad"
298431,"Syrotiuk","Kiyomitsu"
454614,"Showalter","Conrado"
257373,"Hagimont","Munenori"
213702,"Bael","Mana"
292198,"Gien","Geoff"
276768,"Chinal","Barry"
40224,"Alpay","Genevieve"
224443,"Desikan","Tadahiko"
214016,"Baaleh","Qingxiang"
48942,"Itzfeldt","Ghassan"
242582,"Vieri","LiMin"
403195,"Chorvat","Mark"
105595,"Hmelo","Gino"
206658,"Baba","Frazer"
462204,"Garigliano","Abdelaziz"
462429,"Schahn","Bingning"
413323,"Shanbhogue","Kristof"
44419,"Bernick","Leszek"
473941,"Highland","Constantino"
473116,"Bultermann","Sadun"
249372,"Riefers","Parto"
25603,"Desikan","Kwangsub"
409217,"Percebois","Petter"
224470,"Baja","Vesna"
85056,"Yemenis","Dulce"
292502,"Przulj","Giao"
420320,"Poupard","Nahla"
90166,"Ferretti","Khalid"
453757,"Seiwald","Surveyors"
272843,"Lieberherr","Eran"
31469,"Iisaka","Jaewoo"
31780,"Farrow","Ronnie"
28765,"Menhoudj","Vatsa"
232861,"Conta","Somnath"
470949,"Angiulli","Jacopo"
416421,"Strooper","Zijian"
295651,"Coombs","Adil"
416749,"Pena","Zhenbing"
231364,"Baja","Makato"
200433,"Bolotov","Gilbert"
102682,"Reutenauer","Oscar"
63869,"Piancastelli","Oddvar"
279876,"Peak","Gal"
295261,"Bondorf","Radhia"
217047,"Kavraki","Rosine"
463995,"Wrigley","Chiranjit"
75558,"Pehl","Ulf"
275381,"Bruckman","Mats"
221330,"Nooteboom","Moto"
100184,"Morrey","Aluzio"
241325,"Ananiadou","Giordano"
229208,"Christianini","Patricio"
262089,"Magliocco","Shir"
41675,"Linares","Vivian"
280997,"Tischendorf","Fumitaka"
261146,"Biran","Manibrata"
251799,"Brender","Gift"
14758,"Bolsens","Adin"
424904,"Akiyama","Xiaoshan"
447369,"Stroustrup","Shay"
75364,"Neimat","Rosella"
226623,"Wendorf","Sedat"
72235,"Baez","Hilari"
210468,"Melski","Bouchung"
29590,"Cooley","Heng"
247907,"Paludetto","Lihong"
211632,"Shumilov","Piyush"
451959,"Suermann","Kendra"
207360,"Peris","Holgard"
292317,"Moffat","Lijia"
83283,"Beetstra","Mohammed"
18858,"Sankaranarayanan","Surveyors"
445178,"Sevcikova","Weijing"
40482,"Gulak","Ekawit"
215797,"Bondorf","Ymte"
251383,"Ranum","Pasqua"
237696,"Tomescu","Kwan"
421959,"Peck","Salvador"
429128,"Range","Uno"
448553,"Fairtlough","Tze"
423161,"Khamsi","Berni"
409600,"Assaf","Nalini"
292819,"Tomescu","Vincent"
289704,"Bouloucos","Alair"
408402,"Schrift","Karlis"
289035,"Doering","Juyoung"
241265,"Goodrum","Larisa"
227284,"Fujisawa","Dulce"
292461,"Fandrianto","Sedat"
57880,"Brodie","Mandell"
215218,"Cappello","Shiv"
231185,"Uludag","Shimshon"
417413,"Oxman","Youjian"
78858,"Bauknecht","Arlette"
26238,"Stassinopoulos","Somnath"
30672,"Luff","Theirry"
411444,"Papadias","Xuejun"
480385,"Cooke","Nathalie"
444482,"Ritcey","Manu"
462299,"Picht","Huei"
283263,"Benveniste","Ingemar"
224557,"Ariola","Doowon"
291007,"Melski","Parviz"
263800,"Baalen","Mari"
423463,"Krohm","Geoff"
226399,"Leonhardt","Pranay"
108151,"Leslie","Shakhar"
77093,"Shackell","Stamatina"
297671,"Highland","Yoshimitsu"
404473,"Anily","Toshimi"
95987,"Acton","Yakichi"
468918,"Felcyn","Douadi"
105521,"Hofman","Toshiko"
225022,"Rodier","Ortrud"
462659,"Erni","Boguslaw"
415776,"Luks","Panayotis"
40389,"Kobuchi","Mong"
88829,"Kemmerer","Sailaja"
276267,"Caine","Hilari"
12872,"Schmittgen","Marl"
286616,"Perin","Zine"
242736,"Masada","Chikara"
62989,"Krupka","Filipe"
99221,"Fiebach","Masamitsu"
97127,"Perez","Tonia"
415766,"Penttonen","Kamran"
292251,"Montemayor","Mahendra"
276962,"Straney","Chirstian"
27507,"Tsunoo","Navin"
220814,"Range","Anoosh"
204062,"Fadgyas","Kerhong"
17848,"Veccia","Zhonghua"
469261,"Bernini","Chinhyun"
213282,"Kisuki","Hilary"
26800,"Majewski","Theirry"
215582,"Prochazka","Szabolcs"
24417,"Stentiford","Yefim"
480604,"Bondorf","Hatsukazu"
281734,"Bardell","Syozo"
74106,"Uchoa","Sailaja"
87304,"Bail","Taegyun"
268313,"Showalter","Arlette"
234413,"Reinhart","Weiyi"
209977,"Anily","Doowon"
46148,"Zallocco","Roddy"
23961,"Demizu","Vatsa"
299810,"Dulay","Uta"
59634,"Ramaiah","Troy"
249739,"Salinas","Janalee"
225926,"Wilfing","Aiman"
408608,"Skafidas","Hyuncheol"
280189,"Sooriamurthi","Sashi"
479012,"Docker","Kazunori"
287132,"Binkley","Danco"
54849,"Sessa","Roddy"
105489,"Sadowski","Jasminko"
267084,"Kading","Miomir"
255457,"Heyers","Anwar"
42385,"Birch","Oddvar"
286621,"Limongiello","Takanari"
13305,"Herath","Bikash"
250187,"Kropf","Mingzeng"
254313,"Heuter","Weiwu"
78915,"Flowers","Dietrich"
460745,"Schaft","Toshimitsu"
232006,"Siprelle","Wilmer"
106280,"Atrawala","Idoia"
84441,"Beausoleil","Nimmagadda"
264483,"Luft","Heng"
17961,"Schieder","Jaber"
430196,"Fasbender","Mechthild"
472581,"Marshall","Paraskevi"
203606,"Aamodt","Lenore"
34761,"Chaudhuri","Yinlin"
479665,"Geffroy","Adib"
426954,"Wilfing","Radoslaw"
464563,"Thimonier","Terresa"
11961,"Birdsall","Sumant"
472140,"Swiler","Nechama"
270528,"Narwekar","Weiru"
255130,"Krupka","Mooi"
224096,"Madeira","Randi"
468014,"Dalphin","Sarita"
234748,"Tsukune","Shaibal"
440187,"Menhardt","Baoqiu"
291878,"Siegrist","Pranav"
20807,"Varker","Chenxi"
290489,"Emmerich","Parke"
25014,"Granlund","Saeed"
410441,"Schrift","Ronghao"
266126,"Wiegley","Fei"
59514,"Camarinopoulos","Palash"
53621,"Hebert","Sailaja"
231032,"Molberg","Marsal"
411253,"Baaz","Shuho"
256157,"Hofting","Tsz"
225578,"Goodrum","Eran"
69764,"Poupard","Gladys"
441598,"Siepmann","Jingling"
278891,"Shackel","Paloma"
263513,"Dusink","Leni"
98941,"Erbe","Yongdong"
203249,"Gire","Ulf"
241534,"Manderick","Remzi"
32396,"Redmiles","Khosrow"
243832,"Yurov","Junsik"
23767,"Junot","Mohamadou"
254194,"Giveon","Indrajit"
243360,"Heping","Yongmin"
18694,"Boreale","Udaiprakash"
232605,"Karner","Stepehn"
13410,"Rebaine","Tremaine"
104836,"Stasinski","Stein"
20138,"Willoner","Otilia"
255221,"Vandervoorde","Lech"
289662,"Panienski","Toshiki"
233177,"Ashish","Pranav"
74898,"Paludetto","Matt"
11164,"Limongiello","Alain"
211143,"Kusakabe","Amabile"
267005,"Condotta","Filipe"
286777,"Demos","Garnet"
64874,"Khasidashvili","Sushant"
50274,"Boudaillier","Horward"
275751,"Restivo","Pohua"
240553,"Ranze","Xiping"
478025,"Gladwell","Dekang"
419141,"Roisin","Aimee"
404856,"McDermid","Yinghua"
296970,"Isaac","Jianwen"
28856,"Soloway","Aruna"
436926,"Krider","Bedrich"
295290,"Sadowski","Berto"
267812,"Minakawa","Dmitri"
219869,"Juneja","Odinaldo"
409823,"Halloran","Tianruo"
59290,"Rehfuss","Genki"
268741,"Belinskaya","Venkatesan"
62052,"Stassinopoulos","Lihong"
234692,"Sidhu","Haldon"
10603,"Restivo","Wayne"
259528,"Munck","Baocai"
42157,"Maraist","Shawna"
290897,"Fritzsche","Sachin"
427406,"Magalhaes","Murthy"
288613,"Narahari","Randy"
431324,"Cooman","Xiahua"
217688,"Walston","Itzchak"
99987,"Range","Mang"
403675,"Armand","Sachar"
209978,"Dichev","Bilhanan"
259881,"Pehl","Kerhong"
20458,"Miara","Nectarios"
49721,"Kakkar","Gil"
99759,"Fadgyas","Stella"
85072,"Benantar","Eirik"
85363,"Chartres","Troy"
67085,"Socorro","Jackson"
245759,"Pavlopoulou","Conrado"
413255,"Murtafg","Shooichi"
415614,"Melton","Fusako"
67277,"Aamodt","Teiji"
477545,"Preusig","Shaunak"
457148,"Erde","Shigeu"
233072,"Heering","Shem"
16607,"Honglei","Vishwani"
450234,"Alencar","Xianlong"
281596,"Feinberg","Jixiang"
251919,"Nivat","Goh"
85356,"Hutton","Rimon"
251714,"Imataki","Yagil"
235710,"Bonifati","Sachem"
53679,"Litzkow","Aleksandar"
481372,"Lupu","Alair"
91508,"Erdmenger","Tonia"
402519,"Acton","Shuji"
263331,"Senzako","Zhonghui"
267618,"Senzako","Ferdinand"
255234,"Lorys","Susuma"
216259,"Matzen","Yaghout"
416064,"Luck","Kousuke"
467782,"Berztiss","Hideyuki"
478535,"Miculan","Heeju"
217838,"Valette","Berry"
439452,"Zedlitz","Aram"
411471,"Rosar","Ebru"
470264,"Undy","Premal"
217031,"Yurek","Mechthild"
90340,"Salinas","Morris"
44730,"Keirsey","Haldun"
32086,"Kitsuregawa","Rosalyn"
442060,"Sessa","Kousuke"
109123,"Makrucki","Sadegh"
46805,"Suppi","Dmitry"
104103,"Eugenio","Menkae"
47206,"Eterovic","Adin"
27777,"Marzano","Fai"
41669,"Flowers","Maia"
476631,"Luft","Premal"
469586,"Lambe","Youpyo"
250279,"Poupard","Shem"
57582,"Erva","Urs"
456563,"Laventhal","Jeanne"
266323,"Heijenga","Tomofumi"
202502,"Glowinski","Gunilla"
108276,"Eiter","Holgard"
431539,"Mattern","Michaela"
52534,"Keohane","Adam"
221353,"Kandlur","Jagoda"
411124,"Iwayama","Manohar"
70762,"Merle","Martien"
471925,"Rikino","Hercules"
427682,"Birta","Boalin"
50893,"Garrabrants","Tayeb"
61801,"Rissland","Gor"
203248,"Denna","Mokhtar"
441898,"Kaltofen","Weiwu"
454295,"Wendorf","Xumin"
247947,"Lieblein","Kersti"
405487,"Jeong","Hilari"
214351,"Melski","Radhakrishnan"
46836,"Kowalchuk","Xinyu"
243215,"Bain","Yakichi"
48388,"Zedlitz","Fun"
25929,"Matheson","Danae"
97862,"Luck","Seshu"
427193,"Staudhammer","Lokesh"
54808,"Luby","Cristinel"
74393,"Lemarechal","Giri"
218053,"Roohalamini","Dhritiman"
29335,"Cappelli","Hironobu"
270151,"Chiodo","Christoph"
295274,"Muhling","Joydip"
278399,"Tramer","Jaideep"
272404,"Woycyznski","Debatosh"
408733,"Showalter","Selwyn"
211853,"Kalorkoti","Mohua"
447996,"Brookner","Ortrun"
49194,"Plesums","Nigel"
455728,"Kalafatis","Genta"
427550,"Mullainathan","Renee"
216203,"Karunanithi","Abdulah"
420548,"Erev","Muneo"
256870,"Baer","Iara"
431074,"Perez","Takahiro"
47286,"Kamble","Yinlin"
13684,"Christ","Elvia"
445956,"Walstra","Prodip"
86454,"Marletta","Ennio"
101373,"Driscoll","Neven"
422349,"Straney","Mani"
35250,"Servieres","Zissis"
250881,"Vidal","Susanna"
236753,"Mellouli","Gao"
76581,"Thisen","Munehiro"
28480,"Schonegge","Zhenbing"
461405,"Fadgyas","Shigenori"
427757,"Stanfel","Alair"
282101,"Kleiser","Oksana"
232204,"Zastre","Mamdouh"
466712,"Angot","Maik"
219229,"Fargier","Ayonca"
45976,"Trystram","Tianruo"
252628,"Rande","Maris"
91621,"Geffroy","Margo"
417504,"Peron","Ronnie"
200590,"Keustermans","Chikara"
257630,"Neiman","Jongsuk"
15227,"Schusler","Bernd"
443475,"Serna","Arif"
248925,"Driscoll","Eran"
466987,"Mungall","Gopalakrishnan"
15099,"Meszaros","Mack"
441349,"Merlo","Oscar"
275037,"Spelt","Dmitry"
451457,"Fritzsche","Sanjay"
448142,"Thummel","Shahaf"
469204,"Madeira","Kayoko"
427342,"Waterhouse","Anestis"
212362,"Valette","Jianhui"
47764,"Demri","Nadjib"
87455,"Mahnke","Shan"
253949,"Caine","Shigeu"
416557,"Erbe","Uli"
68706,"Karunanithi","Jackson"
50042,"Pavlopoulou","Masato"
222205,"Validov","Ayonca"
101445,"Dehkordi","Remzi"
215571,"Sherertz","Rafols"
77690,"Thorensen","Nahum"
244323,"Emmerich","Zhongwei"
96284,"Khasidashvili","Siddarth"
219813,"Krupka","Ranan"
106917,"Cappello","Sariel"
296382,"Perelgut","Yaghout"
42110,"Zeleznik","Jaewoo"
429196,"Jansch","Sanjeeva"
45890,"Kropp","Mani"
442807,"Huxford","Arno"
417020,"Herber","Reinhard"
297409,"Cichocki","Mingsen"
63577,"Salinas","Mayumi"
205332,"Baar","Gita"
14707,"Barreiro","Dung"
435269,"Pettey","Pragnesh"
436921,"Tomescu","Werner"
101565,"Shrader","Arto"
405852,"Conde","Shigehito"
278031,"Chandrasekhar","Marco"
449375,"Cronan","Pranjal"
474519,"Kawashima","Paloma"
32169,"Niizuma","Sampalli"
11060,"Pokrovskii","Genevieve"
409556,"Reinhart","Aral"
242107,"Roccetti","Khalid"
262888,"Kawashimo","Ronnie"
285315,"Lambe","Kannan"
240202,"Christ","Miomir"
298643,"Munos","Seongbae"
267857,"Serna","Barry"
426244,"Savasere","Eckart"
411383,"Henseler","Kersti"
103704,"Kleiser","Akeel"
251260,"Alpin","Xuejun"
71813,"Pargaonkar","Guenter"
48489,"Nyanchama","Danae"
271387,"Dalton","Shigeichiro"
57820,"Schurmann","Nishit"
75614,"Laurillard","Hsiangchu"
35714,"Maraist","Odysseas"
452621,"Dolinsky","Werner"
85797,"Brendel","Yuichiro"
469413,"Bratsberg","Arfst"
101723,"Khalil","Nevin"
41542,"Langford","Gennadi"
294222,"Conte","Kiyokazu"
245611,"Randi","Arup"
210183,"Comyn","Udi"
32962,"Orlowska","Girolamo"
463124,"Ventosa","Xinan"
223486,"England","Mang"
93811,"Pews","Huiqun"
90253,"Karlin","Freyja"
433316,"Hagimont","Florina"
52354,"Rabehasaina","Tamiya"
26791,"Sooriamurthi","Goetz"
289974,"Farrel","Mingzeng"
219025,"Peltason","Honesty"
212012,"Beutelspacher","Tomoyuki"
266763,"Camurati","Gilbert"
280352,"Kitai","Arun"
237563,"Asser","Suebskul"
454160,"Dalphin","Niclas"
92252,"Sgarro","Huan"
413405,"Kemmerer","Samphel"
56458,"Dratva","Bedir"
421303,"Garnham","Fox"
243970,"Kropp","Adas"
219227,"Fordan","Babette"
24725,"Openshaw","Yechezkel"
255097,"Krider","Magy"
441186,"Vesna","Lubomir"
434285,"Yurek","Kien"
412716,"Birnbaum","Doowon"
214080,"Millington","Mansur"
422948,"Levergood","Shuzo"
442566,"Ramsak","Kerryn"
465831,"Gecsei","Hidekazu"
453297,"Domenig","Piyush"
39303,"Magliocco","Hideyuki"
25848,"Zwicker","Kerhong"
268752,"Schlumberger","Dietrich"
405097,"Rothenberg","Kwangsub"
476920,"Heering","Dinkar"
419686,"Ghelli","Niclas"
67224,"Bashian","Sashi"
402780,"Perko","Isamu"
462112,"Usdin","Kaijung"
65584,"Motley","Valeska"
469265,"Seuren","Chuanti"
224269,"Kornatzky","Makato"
480609,"Schauser","Suebskul"
34624,"Borstler","Maia"
284431,"Fujisawa","Pintsang"
100862,"Demri","Anwar"
100725,"Maliniak","Zvonko"
404697,"Braccini","Gor"
409732,"Straney","Nitsan"
222427,"Schaft","Roselyn"
445535,"Jeansoulin","Zsolt"
201568,"Peot","Rajmohan"
271550,"Menhardt","Mats"
49003,"Laventhal","Odoardo"
282818,"Jiang","Sahrah"
41380,"Muntz","Gen"
241859,"Emden","Gretta"
106144,"Stifter","Roded"
19065,"Birdsall","Mabry"
59353,"Kossowski","Pradeep"
460558,"Herbst","Shaleah"
424686,"Niizuma","Janche"
440779,"Glowinski","Mostafa"
290191,"Chinen","Kazuyasu"
38375,"Teitelbaum","Tiina"
405646,"Gerteisen","Harjit"
81110,"Oxman","Kiam"
54425,"Jarecki","Goncalo"
17548,"Fujisaki","Xuedong"
411491,"Gustavson","Ymte"
403079,"Haraldson","Kwangho"
481315,"Petereit","Yuichiro"
272180,"Bain","Kiyomitsu"
208986,"Sundgren","Florina"
468682,"Simmel","Aleksandar"
236274,"Sambasivam","Shahid"
459877,"Demir","Shem"
215067,"Dolinsky","Gil"
447355,"Solares","Basil"
419339,"Rousseau","Volkmar"
40469,"Ellozy","Radoslaw"
48788,"Percebois","Zejun"
253975,"Borstler","Khalil"
230601,"Kleiser","Xiaopeng"
204289,"Servieres","Gaurav"
102133,"Wilfing","Mari"
476824,"Danecki","Lokesh"
447195,"Ruemmler","Jaques"
244450,"Linares","Serenella"
93363,"Syrotiuk","Zissis"
478307,"Casley","Mrinalini"
210739,"Anger","Alper"
443474,"Hiyoshi","Xiaopeng"
460977,"Sigstam","Mansur"
427873,"Carrere","Sariel"
109240,"Motley","Shigeo"
59632,"Manders","Hausi"
435313,"Vitiello","Fun"
57593,"Asrin","Charlene"
475788,"Makinen","Rosalyn"
234381,"Chaudhury","Kauko"
217088,"Rosaz","Marsja"
105507,"Marzano","Shooichi"
424918,"Benaini","Make"
81125,"Antonisse","Rosli"
450801,"Lambe","Kaijung"
427247,"Comte","Jianhao"
52383,"Benzmuller","Mrinalini"
422093,"Angot","Yucel"
69407,"Nivat","Edwin"
423363,"Miara","Shigeu"
221343,"Heystek","Rafail"
471904,"Brender","Youssef"
202495,"Suppi","Mabhin"
68940,"Garrabrants","Froduald"
466154,"Kakkad","Shawna"
81803,"Schlenzig","Mara"
282404,"Soicher","Chuanyi"
415125,"Sanella","Sedat"
71490,"Vieri","Yannis"
61954,"Braunmuhl","Abdulla"
476292,"Verhoeff","Gay"
298295,"Mullainathan","Zhilian"
283496,"Flasterstein","Kenroku"
440570,"Ranka","Garnet"
447276,"Beutelspacher","Shirish"
407434,"Oehlmann","Shaibal"
46865,"Feldmann","Gererd"
28001,"Slutz","Sachar"
46553,"Shimshoni","Dmitri"
421569,"Willoner","Chinho"
44349,"Lanphier","Evgueni"
428816,"Belinskaya","Berni"
22609,"Baalen","Zvonko"
70014,"Cappelletti","Arup"
425200,"Cherinka","Moon"
252741,"Talmon","Kwun"
235904,"Desikan","Saddek"
231767,"Butterworth","Bezalel"
11478,"Ginneken","Nidapan"
446834,"Pettit","Suvo"
259311,"Hofstetter","Menkae"
274286,"Schlegelmilch","Koichi"
24068,"Remmers","Hideo"
268097,"Erva","Luigi"
434734,"Fordan","Howell"
462411,"Lenart","Paddy"
82215,"Hoppenstand","Xiaoqiang"
479331,"Haldar","Eishiro"
452148,"Choobineh","Dipankar"
254772,"Marrakchi","Jaques"
215075,"Sluis","Kasturi"
446701,"Krohm","Jayesh"
87522,"Driscoll","Nishit"
65924,"Schaft","Shigeo"
64010,"Erev","Aron"
20506,"Suermann","Richard"
95404,"Sevcikova","Fumiko"
27175,"Picco","Maya"
276471,"Makrucki","Prodip"
269000,"Krybus","Tadanori"
236151,"Cannard","Oguz"
461403,"Honiden","Aruna"
272450,"Boguraev","Serif"
280728,"McClurg","Krisda"
219161,"Ranta","Ingemar"
41510,"Gulik","Masanao"
458320,"Radwan","Tse"
428855,"Paludetto","Toshimori"
282892,"Nitsch","Sigeru"
434846,"Collette","Basem"
11254,"Rindone","Danel"
453472,"Weedon","Rosalyn"
276915,"Rajcani","Huican"
78666,"Emiris","Jinxi"
36125,"Remmele","Barun"
77872,"Eiter","Hideo"
462052,"Pettey","Halsur"
449471,"Yurek","Moti"
423622,"Fiutem","Toney"
234791,"Lund","Moie"
14618,"Brlek","Cedric"
425238,"Yetto","Eberhardt"
251907,"Peck","Shay"
18711,"Munoz","Yongmin"
448253,"Zaiane","Jaques"
458061,"Soicher","Jacopo"
263000,"Bale","Mayuko"
28945,"Varley","Serenella"
432499,"Boissier","Rafols"
260525,"Oskamp","Xianlong"
457166,"Deville","Sadun"
457758,"Buescher","Jacopo"
109763,"Pehl","Denis"
285094,"Orlowska","Toshimitsu"
408718,"McClurg","Gennady"
206193,"Senzako","Kerryn"
465215,"Prochazka","Cedric"
82609,"Marzano","Kazuhide"
72668,"Marchegay","Miomir"
39712,"Muchinsky","Chirstian"
55844,"Bernini","Sampalli"
407047,"Constantine","Heather"
206053,"Alblas","Tsuneo"
461831,"Miculan","Yinghua"
441339,"Bolotov","Barna"
278628,"Cronan","Nikolaos"
404225,"Denos","Maik"
404429,"Flexer","Hilari"
42194,"Sevcikova","Chikako"
62492,"Gornas","Gor"
438789,"Nivat","Xiadong"
214046,"Candan","Denny"
38568,"Piazza","Ayakannu"
243249,"Peyn","Franziska"
14122,"Erde","Masato"
433329,"Antonakopoulos","Minghong"
257949,"Unno","Steen"
12102,"Erde","Aron"
260045,"Kalsbeek","Hercules"
78763,"Kandlur","Odinaldo"
206043,"Armand","Rosella"
286196,"Gewali","Trygve"
230769,"Krohn","Dipayan"
437326,"Noriega","Caolyn"
56961,"Peyn","Guoxiang"
443670,"Erol","Premal"
442837,"Harbusch","Roddy"
416470,"Katiyar","Tzvetan"
93574,"Matzat","Elvis"
33171,"Tchuente","Gill"
412969,"Porenta","Youjian"
64380,"Rando","Persi"
455016,"Kamble","Garnet"
265595,"Levergood","Tooru"
405112,"Varker","Valeri"
227401,"Madeira","Shigenori"
224493,"Detkin","Teiji"
59874,"Lovengreen","Khue"
32075,"Merks","Shigeu"
227848,"Itzfeldt","Shigeaki"
247606,"Rosaz","Parto"
86997,"Lund","Nitsan"
246438,"Manderick","Seshu"
39824,"Yavatkar","Eran"
108554,"Giveon","Leah"
274868,"Pillow","Leen"
104530,"Feldhoffer","Jongsuk"
226630,"Unni","Mads"
97090,"Camurati","Bartek"
427691,"Rothe","Fusako"
447909,"Encarnacion","Stein"
217591,"Ghandeharizadeh","Barun"
108219,"Yetto","Weiwu"
81139,"Leslie","Seongbin"
287638,"Gajiwala","Morris"
247322,"Biran","Samphel"
424814,"Murthy","Jordanka"
414530,"Redmiles","Nobuyoshi"
17675,"Keirsey","Sajjan"
298834,"Ramaiah","Subir"
279625,"Sabnani","Maren"
70145,"McAlpine","Shaowei"
79834,"Wuwongse","Guiseppe"
90803,"Leslie","Luise"
46764,"Swab","Mari"
276099,"Hanabata","Fun"
49973,"Billawala","Stabislas"
440511,"Hofting","Dines"
418506,"Peak","Radoslaw"
101763,"Vecchio","Sanjit"
31705,"Garigliano","Frazer"
34558,"Feinberg","Zhonghui"
475117,"Bernatsky","Rosalyn"
408693,"Penn","Utpal"
284161,"Hiroyama","Kazuhide"
225266,"Marciano","Conrado"
86302,"Menhoudj","Navin"
43906,"Gyorkos","Insup"
38573,"Parascandalo","Mohammad"
51795,"Steenbeek","Dmitri"
209857,"Rodite","Bogdan"
16170,"McDermid","Aral"
218250,"Bazelow","Krisda"
90086,"Uehara","Chaitali"
280691,"Birnbaum","Gill"
264983,"Swick","Martine"
241278,"Gerlach","Bodo"
211788,"Oskamp","Mitsuyuki"
85412,"Heuter","Bernd"
474329,"Paciorek","Valter"
458122,"Foote","Zongyan"
48857,"Restivo","Leszek"
92900,"Krider","Guiseppe"
212451,"Glinert","Patricio"
448482,"Lodder","Henk"
295803,"Sudbeck","Fusako"
209028,"Hiroyama","Shigehito"
403172,"Pena","Khedija"
461144,"Baar","Marla"
217652,"Flanders","Yagil"
442861,"Rosch","Taisook"
92772,"McClurg","Mohamadou"
74825,"Bade","Heon"
109300,"Maginnis","Heather"
442802,"Bazelow","Angus"
264649,"Benantar","Kwee"
470588,"Schneeberger","Niranjan"
455351,"Tomescu","Zhensheng"
100019,"Dulay","Berry"
101070,"Lorcy","Fun"
297413,"Tasistro","Richara"
250634,"Marzano","Aluzio"
476589,"Anily","Tetsushi"
60888,"Kaelbling","Erez"
460252,"Schoegge","Jaewoo"
256105,"Luce","Deborah"
200169,"Staylopatis","Aria"
49655,"Luff","Mart"
467121,"Gimarc","Irena"
458844,"Lunn","Zine"
403304,"Sgarro","KayLiang"
442277,"Anger","Koichi"
435376,"Hambrick","Shaunak"
460229,"Avouris","Aimee"
288349,"Honiden","Anwar"
11401,"Merey","Huan"
36791,"Rabejac","Kinh"
235437,"Zambonelli","Sanjai"
237424,"Honglei","Khaled"
87373,"Percebois","Odoardo"
231645,"Merel","Charlene"
476065,"Botman","Shuho"
280831,"Jeong","Kazuhiko"
429231,"Schmiedel","Kazuyasu"
231344,"Kalafatis","Ohad"
45745,"Langford","Kshitij"
476876,"Rosis","Duangkaew"
215600,"Lampe","Fay"
28616,"Koshino","Kristinn"
403412,"Thombley","Hugo"
235027,"Flowers","Gro"
19219,"Chorvat","Troy"
78509,"Khasidashvili","Ashish"
475111,"Ranai","Flemming"
402252,"Kamble","Rosella"
58590,"Roisin","Jayson"
51407,"Mondadori","Richard"
67865,"Valiente","Aria"
63114,"Cheshire","Danny"
274263,"Demke","Tuval"
258131,"Kohling","Souichi"
22408,"Perko","Heejo"
102772,"Yurov","JoAnne"
479989,"Eastman","Kitty"
14278,"Schapiro","Kazuhiro"
216958,"Demizu","Ishfaq"
237964,"Leonhardt","Debatosh"
20719,"Monarch","Thanasis"
292223,"Pocchiola","Itzchak"
402415,"Gonthier","Huei"
280952,"Crouzet","Mizuhito"
93956,"Blokdijk","Danco"
460047,"Middleton","Kwun"
284096,"Wolniewicz","Fabrizio"
66772,"Kamber","Slavian"
95115,"Pepe","Uzi"
412776,"Back","Kokou"
30724,"Serra","Shaz"
96117,"Desikan","Arunachalam"
276345,"Orsini","Martijn"
261835,"Penttonen","Serge"
267923,"Karnin","Valter"
410239,"Cusworth","Phuoc"
23703,"Thimonier","Prodip"
258388,"Gien","Houman"
39680,"Schrooten","Jagoda"
21609,"Pappas","Sibyl"
17388,"Michaels","Jianhao"
234871,"Debuse","Jiakeng"
54250,"Kalafatis","Mary"
203834,"Kitai","Erzsebet"
66198,"Edelhoff","Seongbin"
78654,"Negoita","Cordelia"
217890,"Schwartzburd","Mizuhito"
414692,"Lubachevsky","Masami"
479653,"Reeken","Conor"
105831,"Hiraishi","Tristan"
467202,"Uehara","Girolamo"
24773,"Ramsay","Younwoo"
400110,"Eppinger","Adly"
283680,"Thibadeau","Nahla"
51115,"Coombs","Pascal"
33152,"Melter","Shridhar"
268828,"Cochrane","Chikara"
423426,"Hasenauer","Munenori"
40156,"Cooman","Dhritiman"
49269,"Seuren","Steve"
422394,"Mitsuhashi","Kotesh"
418109,"Zyda","Kamran"
35569,"Cooman","Mani"
13515,"Kisuki","Sachin"
103982,"Cunliffe","Valeska"
416476,"Pollock","Garnet"
236361,"Demri","Xiaoheng"
432877,"Legleitner","Paddy"
54261,"Marsiglia","Spyrose"
73365,"Erdi","Munehiko"
401522,"Stifter","Richard"
422448,"Swick","Ugo"
226803,"Hinsberger","Moss"
229570,"Domenig","Janalee"
70310,"Ranai","Neven"
455219,"Chelton","Kazuhiro"
50654,"Rodier","Sreekrishna"
27504,"Przulj","Bluma"
444366,"Farrow","Adam"
430290,"Swan","Fai"
416183,"Luit","Ramalingam"
38740,"Matzat","Michaela"
476777,"Gonthier","Moss"
18284,"Riefers","Huican"
77269,"Penz","Yuguang"
45305,"Morrow","Gretta"
416875,"Emmart","Rajmohan"
419341,"Scharstein","Shaowen"
35437,"Narwekar","Idoia"
436254,"Bellone","Tsutomu"
412520,"Thiran","Moon"
104091,"Mawatari","Shrikanth"
42190,"Perry","Stella"
262869,"Zweizig","Tran"
68458,"Siksek","Ortrud"
440147,"Comyn","Janche"
275915,"Kadhim","Marjo"
290570,"Wissmann","Alagu"
45190,"Fiebach","Koichi"
32487,"Hambrick","Neven"
90868,"Suwa","Gregory"
37129,"Yemenis","Suzette"
103428,"Merks","Masadi"
36004,"Spelt","Yahiko"
50758,"Isard","Mara"
66994,"Varker","Halsur"
203324,"Ladret","Pranav"
469562,"Menyhert","Makato"
446758,"Peha","Chaitali"
430862,"Uchoa","Hugo"
436929,"Nitsche","Falguni"
64466,"Paludetto","Hiroyasu"
27867,"Ulupinar","Holgard"
215969,"Gecsei","Billie"
211818,"Besselaar","Gaetan"
102942,"Vilarrasa","Gretta"
422916,"Schusler","Alassane"
434613,"Kemmerer","Marie"
424883,"Chartres","Kersti"
62619,"Maginnis","Hsiangchu"
236433,"Bakhtari","Mariusz"
440665,"Basagni","Tokuyasu"
288376,"Stavenow","Nechama"
467068,"Christianini","Leon"
406782,"Perly","Angel"
27815,"Gulla","Abdulah"
76937,"Matzat","Shuji"
39852,"Guenter","Willard"
211354,"Kossowski","Siamak"
237988,"Mukaidono","Jaewoo"
98697,"Harbusch","JiYoung"
18015,"Munck","Zhaofang"
466930,"Schmittgen","Volkmar"
76311,"Schmezko","Herb"
89977,"Furedi","Chriss"
470316,"Ranum","Francesca"
86433,"Bennis","Deniz"
424844,"Schaar","Goa"
242862,"Leonhardt","Mario"
58427,"Frezza","Guozhong"
205699,"Yetto","Youjian"
74333,"Thorelli","Atreyi"
272076,"Bazzichi","Marko"
234394,"Sichman","Kazuhide"
62371,"Anick","Vojin"
434692,"Manderick","Shao"
208363,"Maccarone","Chiranjit"
55676,"Baezner","Chrisa"
467829,"Provine","Bernardo"
459406,"Melski","Mong"
272993,"Undy","Arvind"
299251,"Ebeling","Harngdar"
24676,"Bolotov","Roddy"
47069,"Homond","Idoia"
216112,"Benantar","Aruna"
76777,"Menhoudj","Duke"
231117,"Chepyzhov","Reinhard"
25992,"Bugrara","Divier"
205730,"Dolinsky","Sarita"
407951,"Olano","Youngkon"
92272,"Snyers","Tse"
437190,"Mungall","Ranga"
426680,"Demri","Genevieve"
39099,"Berstel","Manibrata"
273984,"Tasistro","Sanjay"
268586,"Radhakrishnan","Ung"
40825,"Dusink","Yannis"
66403,"Ibel","Arup"
37574,"Falster","Dulce"
282019,"Antonakopoulos","Satoru"
260934,"Boissier","Zhenbing"
423564,"Diderrich","Kazuhito"
236556,"Heuser","Akemi"
89351,"Improta","Perla"
416402,"Zumaque","Sven"
260041,"Kuzuoka","Fai"
97353,"Delgrossi","Radoslaw"
480956,"Delaune","Mary"
227357,"Fairtlough","Premsyl"
107047,"Ghelli","Olivera"
233307,"Heiserman","Kamakshi"
87533,"Haldar","Takahira"
107617,"Gruenwald","Alain"
406319,"Angiulli","Khosrow"
245444,"Mattern","Moie"
225558,"Vesel","Manibrata"
46793,"Pintelas","Heather"
28703,"Remmele","Tremaine"
442339,"Rouquie","Matt"
410640,"Matzen","Marc"
56047,"Engelmann","Mircea"
247411,"Hedayat","Anyuan"
67786,"Papadias","Patricio"
49137,"Iivonen","Hironoby"
447104,"Crabtree","Wanqing"
230273,"Claffy","Jianhao"
287355,"Picht","Shir"
254919,"Undy","Licheng"
479774,"Ertl","Luigi"
456898,"Dayana","Navid"
429841,"Brickell","Luisa"
210522,"Braunschweig","Adit"
413595,"Rodier","Saddek"
203407,"Pluym","Yucel"
57875,"Zeleznik","Bokyung"
443750,"Birjandi","Trygve"
39296,"Attimonelli","Eldridge"
29822,"Sifakis","Prodip"
433419,"Schwaller","Sorina"
82904,"Buescher","Boalin"
15596,"Baba","Bedir"
241395,"Velardi","Karlis"
72214,"Shimshoni","Zissis"
274444,"Qiwen","Giri"
107647,"Bratsberg","Baocai"
419389,"Gniady","Garnik"
283704,"Demeyer","KayLiang"
458149,"Lindqvist","Shahid"
247880,"Oxenboll","Saniya"
297394,"Magliocco","Masato"
96205,"Kirkerud","Bowen"
466147,"Coorg","Kenroku"
67862,"Brizzi","Sven"
13117,"Masand","Arve"
281710,"Thiran","Ibibia"
211493,"Hinsberger","Takanari"
55436,"Kumaresan","Dines"
38093,"Renear","Gaurav"
16150,"Crooks","Irena"
14658,"Morton","Mohd"
286969,"Henseler","Hitofumi"
36121,"Guerreiro","Mohua"
53983,"Garnier","Sailaja"
43221,"Warwick","Yurij"
277184,"Biros","Baziley"
452554,"Feldhoffer","Kolar"
433595,"Nishimukai","Sergi"
80448,"Kalloufi","Nahla"
405015,"Fargier","Morris"
96020,"Schwartzburd","Poorav"
425509,"Pelz","Miomir"
79007,"Couchot","Yuguang"
403485,"Larfeldt","Jeane"
65998,"Alameldin","Mandell"
291781,"Schreiter","Divier"
91064,"Panangaden","Gil"
286128,"Mitsuhashi","Eckart"
48400,"Dayana","Seongbae"
49822,"Luiz","Adamantios"
204124,"Hennings","Duro"
401215,"Miara","Jovan"
230838,"Kossowski","Mads"
422542,"Steenbeek","Bojan"
405018,"Hutton","Peternela"
235631,"Khamsi","Yechezkel"
208492,"Deverell","Cullen"
291236,"Vernadat","Yucel"
278283,"Gammage","Marjo"
456581,"Kuhnemann","Quingbo"
212794,"Bahr","Munehiro"
293632,"Kenevan","Arnould"
453665,"Matzke","Gal"
253965,"Bennet","Atreyi"
243285,"Lanteri","Shietung"
223248,"Luff","Randi"
38425,"Senzako","Youssef"
451261,"Iwayama","Aimee"
405818,"Selenyi","Barton"
88571,"Dahlbom","Thanasis"
52813,"Bojadziev","Goo"
297261,"Taubman","Yongmin"
88746,"VanScheik","Bernice"
414289,"Verhaegen","Uma"
18776,"Desikan","Alper"
456528,"Wendorf","Aemilian"
431946,"Serdy","Suvo"
402451,"Nicolson","Sudhanshu"
93305,"Kalsbeek","Kendra"
52284,"Shackell","Tran"
235023,"Pesch","Gor"
477071,"Zambonelli","Gully"
279553,"Brlek","Elzbieta"
13056,"Zirintsis","Arvind"
448128,"Kornatzky","Chaosheng"
416584,"Kleiser","JoAnna"
285253,"Shumilov","Rosine"
33245,"Pepe","Margo"
20173,"Bruckman","Ger"
451732,"Cronau","Jackson"
463522,"Hainaut","Ashish"
453258,"Zucker","Munir"
93309,"Binkley","Rasiah"
86645,"Kading","Guther"
457962,"Basart","Kazuhito"
280028,"Fetvedt","Freyja"
51616,"Rassart","Rafail"
292897,"Mungall","Hatsukazu"
262772,"Fairtlough","Ayakannu"
62952,"Miyakawa","Huan"
237439,"Shiratori","Reinhold"
297422,"Olano","Moss"
260868,"Sluis","Salvador"
443637,"Guenter","Mohua"
205886,"Janocha","Jianwen"
430507,"Janetzko","Horward"
283750,"Slobodova","Shahar"
475591,"Zlotek","Goetz"
80084,"Eastman","Menkae"
43858,"Rajcani","Ranan"
88868,"Cappelli","Khaled"
438551,"Vingron","Randy"
225310,"Dusink","Clyde"
47519,"Fontet","Mohamadou"
29561,"Farrag","Lokesh"
470319,"Heping","Leen"
442369,"Fiebach","Lunjin"
475569,"Rouquie","Anestis"
73991,"Duclos","Gio"
53459,"Berstel","Salvador"
94273,"Brookman","Huei"
437469,"Velasco","Domenick"
419975,"Ladret","Tremaine"
274470,"Aingworth","Jiang"
266194,"Cooke","Seshu"
437585,"Peral","Yucai"
70744,"Mitchem","Nadjib"
457023,"Schlenzig","Mayuri"
259085,"Puppe","Douadi"
102410,"Alpay","Boalin"
421706,"Pouyioutas","Noritoshi"
214380,"Cairo","Jaihie"
78631,"Rosch","Moon"
61124,"Waymire","Nechama"
52047,"Mapelli","Gita"
476569,"Willoner","Aiichiro"
438097,"Leslie","Sushant"
257205,"Heydon","Menkae"
443732,"Dredge","Gopalakrishnan"
433952,"Staudhammer","Claudi"
446418,"Chelton","Pranav"
446121,"Cochrane","Fay"
413423,"Conti","Fai"
272774,"Krychniak","Dipankar"
225323,"Sidhu","Morrie"
283646,"Schnabel","Aimee"
11698,"Azevdeo","Arun"
433062,"Erman","Kiam"
273187,"Beutelspacher","Badri"
86091,"Wuwongse","Saeko"
439734,"Spataro","Danny"
48891,"Kushner","Baocai"
98542,"Lipner","Xiahua"
71537,"Schurmann","Mamdouh"
67699,"Cooley","Chinho"
33027,"Restivo","Xiping"
432104,"Aumann","Mohamadou"
36554,"Hopewell","Zsolt"
214568,"Farrar","Shahab"
230972,"Pell","Howell"
33579,"Eickenmeyer","Guozhong"
64078,"Brender","Khoa"
462839,"Ariola","Huan"
81961,"Ventosa","Giao"
450325,"Bottner","Kiyomitsu"
255967,"Kleiser","Spyrose"
42399,"Serot","Mandell"
77792,"Kugler","Dipayan"
30682,"Rijckaert","Juichirou"
282010,"Dalphin","Ingmar"
31174,"Kilgour","Bernt"
32567,"Zaiane","Aram"
476204,"Albarhamtoshy","Phuoc"
20808,"Hammerschmidt","Boguslaw"
14985,"Syang","Almudena"
478399,"Tanemo","Izaskun"
455943,"Dredge","Otmar"
103438,"Eastman","Heekeun"
214829,"Remmers","Aemilian"
88476,"Busillo","Jamaludin"
455179,"Varman","Seongbin"
87582,"Bolsens","Renny"
37874,"Lovengreen","Murthy"
203720,"Thimonier","Sasan"
43965,"Hasham","Syozo"
17026,"Hockney","Sham"
298758,"Furedi","Harjit"
44085,"Rosin","Percy"
18815,"Bouloucos","Gennady"
245776,"Fioravanti","Shuji"
481520,"Hartvigsen","Etsuo"
409107,"Rodham","Felicidad"
48410,"Saoudi","Macha"
265377,"Merle","Vasilii"
447192,"Alblas","Berni"
35222,"Baca","Sakthirel"
32953,"Halevi","Sashi"
458439,"Furudate","Rimli"
50077,"Aseltine","Lorien"
278202,"Kilgour","Hirochika"
101456,"Suri","Herb"
12438,"Mondadori","Yongmao"
108989,"Joslin","Fay"
42687,"Milicic","Mary"
286788,"Farrow","Eldridge"
476904,"Schaaf","Taiji"
296428,"Simmen","Charmane"
271679,"Ladret","Shaz"
431738,"Gilg","Sanjit"
263616,"Sadowski","Nagui"
97283,"Lamba","Olivera"
81231,"Suomi","Piyush"
260338,"Matzen","Ute"
453555,"Zizka","Mari"
215034,"Vural","Shimshon"
41493,"Casperson","Kyoichi"
47512,"Kropatsch","Karoline"
423908,"Heinisuo","Breannda"
289883,"Domenig","Anneli"
270525,"Neiman","Szabolcs"
205251,"Mullainathan","Fai"
465140,"Baca","Ennio"
436133,"Koshiba","Masato"
217585,"Gammage","Amstein"
459341,"Masada","Mircea"
229710,"Engelmann","Heekeun"
453341,"Griswold","Hugo"
85784,"Cronau","Nechama"
75419,"Dulay","Xudong"
41442,"McFarlan","Godehard"
420322,"Shihab","Yoshimitsu"
414416,"Trumbly","Elliott"
15277,"Chartres","Subir"
103803,"Bolsens","Temple"
90586,"Pelz","Jayesh"
83278,"Khalil","Georg"
258521,"Pintelas","Felicidad"
462868,"Denis","Troy"
469012,"Smeets","Suzette"
400440,"Pashtan","Fox"
297341,"Matzat","Oldrich"
69762,"Wossner","Huei"
251745,"Rosch","Yolla"
18707,"Luca","Uta"
428762,"Berztiss","Chuanti"
237175,"Reutenauer","Adil"
215443,"Gladwell","Radhakrishnan"
81862,"Maquelin","Toney"
456007,"Aloia","Souichi"
277987,"Schreiter","Weiyi"
81257,"Raney","Kazuhide"
208446,"Lampe","Poornachandra"
444858,"Fandrianto","Rosli"
17683,"Henders","Bernt"
298823,"Hettesheimer","Georgy"
401518,"Glowinski","Patricio"
407264,"Merkl","Dmitry"
265071,"Hiraishi","Uno"
240029,"Rissland","Kristof"
19152,"McAffer","Xudong"
266891,"Serov","Zhongwei"
212429,"Matteis","Danil"
46897,"Crabtree","Kristinn"
46337,"Parfitt","Subir"
94638,"Uhrig","Otilia"
93913,"Trogemann","Goncalo"
237529,"Vingron","Yannik"
224913,"Marrevee","Niteen"
449559,"Haumacher","Ortrun"
449361,"Hutter","Wayne"
447240,"Riefers","Maja"
425287,"Naumovich","Rance"
25883,"Schieder","Jaihie"
238647,"Kamble","Bedrich"
210643,"Karunanithi","Constantine"
208962,"Willoner","Reinhold"
249463,"Montresor","Jongsuk"
62975,"Portugali","Mantis"
468304,"Sherertz","Marl"
279543,"Hagimont","Zhongwei"
205937,"Marquardt","Mohammed"
469608,"Merle","Boalin"
88710,"Zhiwei","Tonia"
27652,"Matteis","Jacqueline"
47304,"Angel","Rosita"
61481,"Vakili","Abdelkader"
408859,"Bahk","Jacopo"
47217,"Tiemann","Adel"
37970,"Woycyznski","Cathie"
206516,"Besancenot","Bodh"
416762,"Thorensen","Zdislav"
294686,"Stafford","Shay"
474965,"Feinberg","Heekeun"
253354,"Hofman","Takahito"
70101,"Hooghiemstra","Mats"
27710,"Jakobus","Pantung"
226364,"Thebaut","DAIDA"
31719,"Caine","JoAnne"
24693,"Kitai","Ayakannu"
15221,"Kroha","Alselm"
410986,"Demizu","Akhilish"
221997,"Panienski","Unal"
202861,"Gini","TRUE"
284279,"Muhlberg","Subhrajyoti"
250631,"Rahier","Abdelaziz"
457878,"Remmers","Ute"
74162,"Narlikar","Froduald"
201989,"Schmezko","Maja"
289798,"Kusakabe","Marl"
284214,"Nyanchama","Nadjib"
104627,"Conta","Noritoshi"
53407,"Zlotek","Alois"
422006,"Ranft","Nidapan"
273268,"Swen","Chiranjit"
294524,"Zaumen","Atilio"
281051,"Serna","Boaz"
243432,"Henders","Dulce"
404091,"Peltason","Zvonko"
212109,"Constantine","Yuichiro"
25964,"Karlin","Hideo"
286203,"Bugrara","Vesna"
10302,"Baer","Faiza"
42080,"Kalorkoti","Goncalo"
82742,"Peternell","Shugo"
444240,"Koyama","Masadi"
295391,"Herbst","Steve"
281996,"Puppo","King"
204921,"Brodal","Rayond"
419028,"Gecsel","Heon"
19813,"Jervis","Nevin"
238817,"Flasterstein","Turgut"
434076,"Benaini","Toshimo"
423421,"Henders","Baoqiu"
285833,"Randi","Mahendra"
100713,"Pena","Lech"
90218,"Zirintsis","Gor"
56106,"Chiola","Saeko"
456934,"Kitsuregawa","Kitty"
245693,"Swiler","Moon"
231474,"Turnbull","Demos"
215924,"Rotem","Bojan"
200558,"Griswold","Along"
442978,"Antonakopoulos","Sreenivas"
418520,"Rosiles","Visit"
245598,"Remmers","Takanari"
26984,"Itzigehl","Leaf"
94477,"Kaelbling","Guozhong"
479412,"Rullman","Mats"
54686,"Antonakopoulos","Yefim"
50526,"Varman","Susumu"
429103,"Pews","Souichi"
75314,"Ranst","Valter"
265293,"Hempstead","Herbert"
105793,"Dulli","Dhritiman"
419555,"Kugler","Amstein"
451057,"Mamelak","Barna"
41660,"Schreiter","Manibrata"
41197,"Stille","Vesna"
220739,"Bernini","Mart"
466912,"Basart","Youpyo"
228894,"Chorvat","Eberhardt"
288150,"Erdi","Ugo"
232948,"Uchoa","Monique"
245850,"Farrag","Nectarios"
19907,"Minakawa","Xiaobin"
437407,"Luef","Sahrah"
55739,"Schlegelmilch","Shirish"
203903,"Bugaenko","Faiza"
106176,"Thebaut","Karsten"
57164,"Gecsel","Manu"
29067,"Ligten","Masami"
13158,"Kilgore","Deborah"
259805,"Hutton","Leandro"
207526,"Angelopoulos","Satoru"
438899,"Feldmann","Bartek"
419977,"Swist","Arnould"
404541,"Benzmuller","Ayonca"
72009,"Ranai","Christ"
255335,"Wilfing","Seshu"
209640,"Narahara","Diederik"
276722,"Verhoeff","Uzi"
425763,"Thombley","Shigenori"
460248,"Peternell","Kien"
250476,"Vuskovic","Chikako"
276485,"Verhoeff","Limsoon"
462835,"Vilarrasa","Flemming"
435620,"Talmor","Jasminko"
108541,"Mapelli","Jordanka"
477738,"Lamma","Nevin"
239944,"Fritzsche","Mariangiola"
213039,"Docker","Oldrich"
37709,"Schahn","Uno"
288988,"Kohling","Vishv"
85621,"Peha","Steen"
434157,"Basawa","Mingdong"
104070,"Brlek","Neven"
295895,"Baja","Marie"
48943,"Atchley","Arno"
63493,"Wroclawski","Serif"
201731,"Eterovic","Atreyi"
478422,"Assaf","Chinhyun"
33360,"Nergos","JoAnna"
295809,"Velardi","Constantine"
109138,"Fujisawa","Theron"
431311,"Birge","Gritta"
435191,"Desikan","Kannan"
212163,"Meszaros","Zine"
16161,"Sinicrope","Juyoung"
10968,"Kolinko","Lakshmi"
211425,"Cunliffe","Girolamo"
256541,"Uchoa","Huan"
402077,"Schurmann","Mohamadou"
416432,"Ranai","Rasikan"
299260,"Verspoor","Bodo"
449374,"Heping","Vitaly"
285925,"Miake","Heekeun"
276224,"Luft","Xianlong"
242489,"Beeson","Xiaoheng"
214711,"Lenart","Munenori"
252066,"Francisci","Evgueni"
462632,"Birke","Palash"
459250,"Ushiama","Yunming"
68375,"Mitsuhashi","Yuguang"
101334,"Schaaf","Dhritiman"
418740,"Saoudi","Giao"
238586,"Bednarek","Marek"
203765,"Kropatsch","Fai"
475033,"Brobst","Dipayan"
437350,"Wrigley","Avishai"
419521,"Furudate","Takushi"
233702,"Sambasivam","Nahid"
71576,"Jeansoulin","Martine"
20668,"Baer","Rafols"
64872,"Thibadeau","Dayanand"
206838,"Osgood","Jouni"
272330,"Gniady","Gio"
244903,"Matzov","Shaz"
63979,"Strehl","Idoia"
13863,"Baig","Reinhard"
460755,"McClurg","Werner"
422156,"Cardazo","Chikara"
245108,"Baer","Marek"
100644,"Basawa","Marek"
39071,"Clemencon","Murthy"
212077,"Rajcani","Xiong"
30325,"Velardi","Pranav"
403910,"Leppanen","Dhritiman"
426044,"Hellwagner","Ulf"
403152,"Rosin","Moheb"
274859,"VanScheik","Macha"
456869,"Kitai","Jianhao"
65078,"Stavenow","Gal"
439017,"Eastman","Masami"
467948,"Uhrig","Radhika"
296998,"Wiegley","Zejun"
11567,"Mitzlaff","Teiji"
221044,"Erbe","Xiaocheng"
233761,"Perng","Elrique"
437080,"Munke","Foong"
26038,"Crabtree","Zhigen"
444033,"Griswold","Sakthirel"
274521,"Winter","Mohammed"
229657,"Magliocco","Vugranam"
73616,"Pehl","Bedir"
45803,"Lanzelotte","Padma"
263882,"Cunliffe","Gad"
247089,"Schahn","Seongbae"
223723,"Portugali","Rimli"
419401,"Roohalamini","Macha"
417188,"Vieth","Yechiam"
412279,"Couchot","Howell"
230393,"Benner","Mohua"
245597,"Bottner","Mizuhito"
41201,"Munch","Kazuhito"
292189,"Ponthieu","Kristinn"
37742,"Etalle","Maik"
268950,"Syrotiuk","Akemi"
219327,"Liesche","Brigham"
58745,"Rodiger","Taegyun"
72503,"Aloisi","Piyawadee"
68126,"Bauknecht","Kotesh"
274321,"Kornatzky","Rosli"
20600,"Bazelow","Kellyn"
469432,"Reeker","Arlette"
66426,"Guting","Magdalena"
78371,"Coors","Zito"
408012,"Casley","Parke"
410269,"Bale","Susanta"
401182,"Tsunoo","Unal"
236689,"Couchot","Jagoda"
90854,"Calkin","Ramalingam"
82284,"Peak","Florina"
440481,"Steinauer","Dmitri"
86591,"Remmers","Arch"
453727,"Uludag","Temple"
268762,"Chvatal","Marsja"
93989,"Strooper","Troy"
23008,"Kropf","Sanjoy"
476102,"Cardazo","Aruna"
97485,"Koshiba","Subbu"
401776,"Pell","Wojceich"
75625,"Snedden","Neelam"
65587,"Emiris","Nigel"
207411,"Levergood","Premal"
404246,"Henseler","Nikolaus"
79246,"Schwartzburd","Aloke"
64607,"Rodier","Ghassan"
70071,"Vigier","Hironoby"
291040,"Gimbel","Gian"
242213,"Mikschl","Susanta"
427591,"Zeleznik","Berthier"
239798,"Trystram","Uzi"
67495,"Khamsi","Yaghout"
13993,"Marciano","Troy"
460751,"Thorelli","Odinaldo"
80211,"Borstler","Mats"
445027,"Rissland","Peternela"
248932,"Stenning","Freyja"
91984,"Marakhovsky","Bader"
221770,"Winter","Jayesh"
410301,"Hofstetter","Atilio"
420926,"Luft","Kiam"
293621,"Schade","Arun"
56885,"Tempesti","Sachin"
19610,"Tibblin","Kristina"
429295,"Farrar","Behnaam"
288088,"Mungall","Elvis"
269124,"Lubachevsky","Zeljko"
203392,"Cardazo","Mitchel"
403137,"Usery","Steve"
203555,"Brlek","Hairong"
202343,"Kushner","Froduald"
35503,"Angot","Constantine"
103042,"Masand","Berthier"
43177,"Shihab","Radhakrishnan"
206550,"Hofman","Rosli"
435719,"Sidou","Gritta"
401722,"Speek","Vojin"
236716,"Gils","Morrie"
276513,"Petersohn","Toshiko"
264339,"Alameldin","Sanjeeva"
421400,"Hofmeyr","Hugo"
285789,"Welham","Uli"
70940,"Albarhamtoshy","Rasiah"
445693,"Lakshmanan","Leen"
28790,"Vesel","Ronghao"
415162,"Massonet","Neven"
402129,"DeMori","Oksana"
453136,"Schahn","Emran"
438664,"Wallrath","Michaela"
254408,"Pleszkun","Kiyokazu"
207518,"Reinhart","Jeanna"
238286,"Poehlman","Rafols"
14189,"Tsukuda","Nahla"
56065,"Nollmann","Mabhin"
209013,"Lupu","Baocai"
44310,"Zeidenstein","Arco"
37318,"Isard","Alejandro"
293624,"Brendel","Dmitry"
291774,"Marchesini","Domenick"
66225,"Stifter","Mayumi"
466319,"Anguita","Lucien"
466788,"Chenoweth","Chuanyi"
244911,"Sanella","Xudong"
202129,"Luef","Shao"
290724,"Kilgour","Florian"
84073,"Schmittgen","Marco"
480254,"Molenkamp","Zhongwei"
38222,"Siprelle","Zijian"
298299,"Flasterstein","Odinaldo"
95247,"Bail","Xiaobin"
18283,"Steinauer","Felicidad"
207569,"Kadhim","Vitali"
233737,"Botman","Basant"
476639,"DuBourdieux","Roddy"
245896,"Skrikant","Denny"
52491,"Undy","Yefim"
212897,"Cardazo","Martine"
29123,"Rabehasaina","Kerhong"
91601,"Wixon","Sachin"
221942,"Weiland","Vishwani"
37156,"Kaiser","Mingsen"
479365,"Schaap","Przemyslawa"
435782,"Bolotov","Shugo"
36102,"Ballarin","Dietrich"
22712,"Thorelli","Srinidhi"
478698,"Plesums","Rimon"
266057,"Gunderson","Neven"
208636,"Maginnis","Terresa"
288750,"Gist","Weiye"
13427,"Narwekar","Sreekrishna"
431901,"Kandlur","Shahid"
428388,"Panangaden","JoAnne"
88051,"Mitina","Shrikanth"
37331,"Szilard","Muneo"
444690,"Validov","Kazuhiko"
57577,"Holburn","Piyush"
10237,"Mandell","Yannis"
47313,"Kowalchuk","Marjo"
246948,"Przulj","Leaf"
224137,"Staudhammer","Candida"
477606,"Miyakawa","Shim"
214289,"Menhoudj","Shaowen"
35074,"Maksimenko","Atilio"
72062,"Oskamp","Yahiko"
36835,"Swick","Sarita"
251228,"Demos","Nishit"
299379,"Baranowski","Moie"
87751,"Frolund","Lakshmi"
85163,"Gornas","Sadun"
256957,"Reeken","Tze"
245786,"Bratten","Chenyi"
102989,"Radhakrishnan","Shounak"
404377,"Sooriamurthi","Surveyors"
279530,"Uchoa","Tonia"
459551,"Jervis","Amalendu"
412725,"Millington","Xinyu"
446846,"Parfitt","Nitsan"
436730,"Leaver","Ute"
80907,"Shrader","Sugwoo"
16853,"Picci","Sachem"
470290,"Egerstedt","Boriana"
65434,"Blokdijk","Abdelaziz"
478697,"Birnbaum","Kazuhiro"
72267,"Pettit","Debaprosad"
26467,"Czaja","Shaunak"
200610,"Rosin","Tonny"
425173,"Beerel","Miyeon"
77971,"Zuberek","Ohad"
34420,"Brattka","George"
293533,"Mundy","Patricia"
436426,"Ramaiah","Chenye"
285594,"Irland","Golgen"
481536,"Hellwagner","Kyoichi"
278764,"Lueh","Koichi"
246227,"Bennet","Nechama"
415718,"Lukaszewicz","Kristin"
55370,"Prenel","Ebbe"
401045,"Skogmar","Xiong"
413708,"Krzyzanowski","Arnould"
44749,"Kilgour","Padma"
282475,"Jiafu","Marlo"
23075,"Braunmuhl","Dines"
19892,"Maksimenko","Roselyn"
296552,"Lampe","Gill"
280738,"Lieblein","Mari"
410072,"Lorin","Valeska"
51848,"Swiss","Lillian"
211450,"Rouquie","Erez"
37913,"Demri","Elvis"
35179,"Ravishankar","Nahum"
243121,"Melski","Snehasis"
263370,"Ranze","Shakhar"
440763,"Heystek","Siddarth"
259967,"Jording","Kwok"
83890,"Kawashima","Byong"
417396,"Badache","Matt"
89606,"Grospietsch","Vugranam"
440253,"Peir","Jeanne"
295024,"Docker","Dzung"
200578,"Chenney","Lalit"
84668,"Zyda","Jamaludin"
67950,"Petereit","Badri"
32880,"Puoti","Djenana"
433768,"Madeira","Abdulah"
272775,"Zaccaria","Aran"
20519,"Schnelling","Kellie"
413591,"Ranta","Georgy"
97830,"Birsak","Roded"
400070,"Steinauer","Radhika"
289002,"DasSarma","Shaz"
289590,"Talmor","Shen"
221265,"Swist","DAIDA"
273615,"Luff","Subhankar"
425004,"Flowers","Nishit"
415101,"Brlek","Toshimo"
31407,"Vernadat","Chaosheng"
452010,"Nyanchama","Padma"
68628,"Heemskerk","Muzhong"
420511,"Asser","Jingling"
95952,"Schneeberger","Vasilis"
270415,"Bernatsky","Erez"
223110,"Thummel","Arlette"
61549,"Montresor","Shimshon"
432220,"Anguita","Laurentiu"
261226,"Baby","Zhaofang"
296944,"Cyre","Kankanahalli"
278435,"Garnier","Khoa"
238859,"England","Vitali"
37232,"Sadowski","Yuriy"
434800,"Ciolek","Hidekazu"
57972,"Malinowski","Gian"
75450,"Gecsel","Mayumi"
452884,"Kobara","Alexius"
53675,"Litecky","Thanasis"
270958,"Laurillard","Miyeon"
48748,"Kalafatis","Mooi"
221902,"Broder","Sasan"
285990,"Schaad","Izaskun"
43372,"Fadgyas","Mahendra"
62629,"Ratnaker","Shigeaki"
21369,"Kadhim","Georgi"
468902,"Aumann","Zhonghua"
466487,"Strooper","Makato"
437569,"Osgood","Duke"
274663,"Bruckman","Kazuhiro"
254903,"Lores","Xiaobin"
206178,"Pintelas","Ennio"
63466,"Ratnaker","Geraldo"
275750,"Scharstein","Sudharsan"
457525,"Muhlberg","Serif"
26706,"Lenart","Hironobu"
239365,"Bratten","Hsiangchu"
205384,"Wolniewicz","Eishiro"
202349,"Alpay","Takahiro"
405876,"Zastre","Elliott"
264701,"Lakshmanan","Waiman"
248427,"Schicker","Jianhua"
66514,"Levergood","Kannan"
410185,"Colorni","Paloma"
25625,"Morrow","Jayson"
34195,"Schapiro","Edwin"
49632,"Marrevee","Giap"
45895,"Vural","Sajjad"
238158,"Schnabel","Huai"
15359,"Schmiedel","Yinlin"
203645,"Syang","Tadahiro"
413031,"Berstel","Hsiangchu"
230627,"Alblas","Chenxi"
418628,"Magalhaes","Danil"
272893,"Rattan","Alejandra"
227465,"Ducloy","Bartek"
410487,"Heuter","Unal"
69049,"Oskamp","Maren"
270175,"Bugrara","Anoosh"
239697,"Grabner","Arra"
106898,"Alvarado","Evgueni"
214188,"Chandrasekhar","Anneke"
275198,"Yoshimura","Kamran"
78951,"Mondadori","Faiza"
442090,"Smeets","Aluzio"
416257,"Kowalchuk","Guther"
30477,"Gerlach","Sachio"
47876,"Orlowska","Shigeaki"
402904,"Azadmanesh","Herbert"
252564,"Bratsberg","Mona"
42938,"Hiroyama","Yuuichi"
283974,"Begiun","Shai"
299648,"Marrakchi","Urs"
272581,"Lovengreen","Michaela"
255628,"Danley","Lalit"
477906,"Varley","Mahendra"
425522,"Cannard","Sadun"
280109,"Reistad","Luerbio"
20178,"Szilard","Subir"
453722,"Ushiama","Maja"
47972,"Merks","Feixiong"
296579,"Vecchi","Sahrah"
75816,"Litzkow","Ziva"
262573,"Parveen","Dines"
461330,"Alblas","Sadun"
424047,"Thiria","Akhilish"
290695,"Undy","Xiadong"
231104,"Linares","Giao"
222321,"Kroft","Fuqing"
49445,"Schapiro","Yechezkel"
404209,"Buescher","Shakhar"
244830,"Staylopatis","Vishwani"
212591,"Ravishankar","Sigeru"
454808,"Erbe","Youpyo"
69361,"Ramsay","Mats"
201055,"Kakkar","Gunilla"
66401,"Kolinko","Yaghout"
218043,"Katiyar","Kenroku"
51434,"Huttel","Taisook"
227914,"Bage","Radoslaw"
456411,"Maraist","Masanao"
209352,"Wiegley","Dayanand"
410970,"Zolotykh","Janalee"
219026,"Quittner","Nathalie"
97409,"Merel","Jouni"
429748,"Rijsenbrij","Barun"
104044,"Ranst","Lunjin"
203305,"Huttel","Naftali"
445286,"Chinal","Mona"
245463,"Rajcani","Chenye"
436062,"Ibel","Kshitij"
442426,"Coney","Fay"
293420,"Esposito","Marsha"
28141,"Senzako","Shigehito"
453487,"Welham","Xiaobin"
435409,"Lorys","Fumiyo"
209839,"Moffat","Ziva"
58845,"Ratzlaff","Uinam"
291939,"Conte","Dayanand"
478873,"Curless","Shir"
245411,"Miake","Chirstian"
29666,"Thummel","Yonghong"
296046,"Stranks","Tonia"
221797,"Baranowski","Xiaoheng"
405466,"Seiwald","Neelam"
50140,"Ligten","Kwangsub"
227804,"Baca","Qunsheng"
63199,"Erev","Moni"
11880,"Esposito","Akeel"
280755,"Tibblin","Yoshinari"
76735,"Bashian","Hidekazu"
68347,"Nicolson","Bedir"
459752,"Penz","Xiaoshan"
232312,"Msuda","Achilleas"
297532,"Chenoweth","Mang"
64375,"Kaiserswerth","Marit"
54836,"Cooley","Nidapan"
473581,"Eiron","Kazuhisa"
459488,"Gist","Florian"
243078,"Alvarado","Randy"
449532,"Calkin","Diederik"
427242,"Luca","Vishv"
242132,"Liesche","Serge"
297580,"Seiwald","Zhonghui"
104250,"Rubsam","Duke"
475041,"Pellegrinelli","Moty"
63949,"Willoner","Flemming"
219878,"Peot","Mansur"
400065,"Peral","Val"
106049,"Zhang","Tran"
295338,"Antonisse","Mizuhito"
256637,"Madeira","Udi"
239776,"Bernick","Susanta"
231931,"Moehrke","Giao"
107016,"Giarratana","Shaowei"
61667,"Hasenauer","Domenico"
253295,"Kragelund","Moss"
248408,"Poupard","Stabislas"
403816,"Makinen","Chenyi"
214716,"Makrucki","Hironobu"
76298,"Kriebel","Youssef"
297186,"Asmuth","Jovan"
431134,"Landherr","Kerryn"
232679,"Baca","Lijie"
62059,"Schade","Tomoyuki"
298377,"Gniady","Hercules"
424927,"Oberman","Lucien"
205366,"Shimshoni","Kazuhira"
208950,"Strehl","Behnaam"
437039,"Godskesen","Kaijung"
224427,"Taneja","Shridhar"
283057,"Nannarelli","Hatim"
479607,"Greibach","Ziyad"
414389,"Gire","Amabile"
66547,"Chinen","Conor"
206430,"Taubenfeld","Jiong"
207538,"Deverell","Shuzo"
64998,"Terkki","Wonhee"
261051,"Hockney","Prasadram"
458817,"Trystram","Torsten"
96856,"Compeau","Sachio"
448981,"Michaels","Ulf"
80294,"Boudaillier","Siamak"
235476,"Kusalik","JoAnne"
298275,"Asrin","Arvin"
99796,"Erie","Fun"
477712,"Lung","Tooru"
78841,"Flasterstein","Aloys"
442583,"Sridhar","Vitali"
79698,"Tramer","Magy"
476062,"Kambil","Renee"
436189,"Zwicker","Mats"
433814,"Dengi","Fatemeh"
269409,"Luan","Oscal"
203758,"Verspoor","Yaghout"
99540,"Rusterholz","Erzsebet"
477463,"Lindqvist","Elvia"
298192,"Hambrick","Tsz"
226177,"Delgrange","Phuoc"
234346,"Nivat","Sushant"
412123,"Strooper","Cordelia"
206686,"Mondadori","Shin"
247096,"Jakobus","Lihong"
99626,"Denis","Shir"
58725,"Nollmann","Alexius"
453495,"Luca","Toshiki"
100601,"Versino","Denis"
475624,"Mahnke","Mohua"
457864,"Copas","Soenke"
456661,"Rossi","Phillip"
470186,"Shigei","Dante"
100774,"Kroha","Mark"
238040,"Swan","Mariangiola"
225051,"Reeken","Radhakrishnan"
76048,"Kumaresan","Dinkar"
34240,"Katzenelson","Qunsheng"
468227,"Hegner","Masako"
254304,"Schaft","Jeanne"
272357,"Baba","Xianlong"
218353,"Siksek","Candida"
402430,"Ernst","Atreye"
481016,"Skrikant","Toney"
64746,"Gadepally","Gino"
294740,"Collavizza","Garnik"
58655,"Munro","Neelam"
41489,"Gecseg","Oddvar"
237084,"Luff","Marie"
223948,"Stanfel","Heekeun"
200625,"Androutsos","Masako"
217440,"Kavanagh","Nathan"
254357,"Marchegay","Jahangir"
211585,"Irland","Nakhoon"
426007,"Roohalamini","Masaru"
287264,"Viele","Mara"
48081,"Speel","Werner"
439684,"Vilarrasa","Vidya"
414189,"Eldridge","Parviz"
406834,"Kowalchuk","Gretta"
241615,"Krohm","Fumiko"
215047,"Flowers","Matt"
94085,"Sundgren","Uriel"
467016,"Farris","Izaskun"
93383,"Christianini","Guangming"
464692,"Katiyar","Paraskevi"
423064,"Peck","Vasilis"
245594,"Zschoche","Ayakannu"
259414,"Daescu","Lena"
71001,"Schnelling","Lobel"
271675,"Ginneken","Gunilla"
83665,"Knightly","Horward"
12099,"Kuzuoka","Nobuyoshi"
461564,"Setiz","Shir"
255426,"Kulisch","Cristinel"
253675,"Serre","Stafford"
93722,"Kavraki","Tetsurou"
82970,"Servieres","Qiwen"
467607,"Randt","Gio"
465131,"Buescher","Heather"
23628,"Kalorkoti","Radhakrishnan"
438026,"Rahier","Utpal"
210852,"McConalogue","Yahiko"
22025,"Pfau","Ugo"
453364,"Katalagarianos","Barry"
294542,"Birta","Manton"
105298,"Improta","Xiaoshan"
432050,"Compeau","Irene"
76125,"Klerer","Valery"
59051,"Bardell","Guoxiang"
480849,"Perz","Leon"
226417,"Chiola","Mads"
224589,"Rosen","Noritoshi"
286951,"Badache","Miquel"
476184,"Hofman","Shahid"
208261,"Marshall","Neelam"
81314,"Fabrizio","Aimee"
27484,"Llado","Tse"
275537,"Redmiles","Kellie"
230424,"Raczkowsky","Navin"
269351,"Zuberek","Armond"
265843,"Morrin","Bodh"
434454,"Anguita","Kristinn"
104536,"Ernst","Shooichi"
68543,"Leivant","Rosine"
98087,"Manders","Zhenhua"
73915,"McClure","Constantino"
256646,"Bratten","Denis"
35656,"Ashish","Angus"
466183,"Erie","Jiafu"
106751,"Salvesen","Sushant"
92389,"Bellmore","Siddarth"
460429,"Kalsbeek","Candido"
94287,"Buchter","Kiyokazu"
258409,"Manderick","Prasadram"
45269,"Avouris","Arve"
36613,"Servi","Leandro"
212669,"Bellone","Weidon"
268125,"Peroz","Nimmagadda"
244266,"Bail","Dung"
474566,"Schmiedel","Chiranjit"
253120,"Thimonier","Zeljko"
424480,"Baby","Horward"
263693,"Vickson","Kazuyasu"
105641,"Soicher","Etsuo"
33735,"Cardazo","Charlene"
30572,"Trumbly","Fabrizio"
96271,"Rubsam","Jaewoo"
421735,"Claffy","Sampalli"
274604,"Veccia","Dung"
215308,"Tramer","Djelloul"
267205,"Dusink","Marsal"
26147,"Wielonsky","George"
232905,"Bouloucos","Yakkov"
461803,"Radwan","Charmane"
436228,"Chiola","Aemilian"
474188,"Haddadi","Kannan"
213123,"Gimbel","Valeska"
50046,"Lyonns","Jiakeng"
44712,"Kushnir","Ottavia"
235823,"Matzke","Jayesh"
237709,"Stafford","Terresa"
47298,"Munke","Goetz"
277614,"Benzmuller","Doowon"
31382,"Hanabata","Mona"
24443,"Usdin","Rasiah"
444021,"Levasseur","Barry"
206287,"Valette","Visit"
50063,"Trogemann","Aemilian"
453295,"Shokrollahi","Susuma"
269008,"Emmart","Ranga"
209592,"Jeansoulin","Amstein"
58786,"Thimonier","Zhiguo"
216120,"Nishimukai","Weiye"
17192,"Godskesen","Lillian"
200489,"Vesel","Weiwu"
71184,"Baaz","Genki"
55899,"Wuwongse","Masadi"
255173,"Schaft","Mara"
289593,"Barinka","Maya"
469942,"Zucker","Huai"
266250,"Choobineh","Sachem"
254279,"Swen","Huiqun"
206038,"Barriga","Sham"
454908,"Qiwen","Valter"
453521,"Ritzmann","Pradeep"
424797,"Itschner","Theron"
406980,"Panangaden","Jacopo"
96155,"Bamford","Carrsten"
463357,"Zedlitz","Shaz"
424231,"Chenoweth","Tzu"
238953,"Haumacher","Monique"
275718,"Rodham","Pragnesh"
200263,"Miake","Masasuke"
420575,"Schade","Sampalli"
259939,"Borovoy","Kauko"
60223,"Vecchi","Ung"
280318,"Dredge","Nevin"
80868,"Mitina","Bernice"
68338,"Demeyer","Sven"
415267,"Danlos","Shigenori"
454932,"Zaiane","Sampalli"
272044,"Zedlitz","Vitali"
244014,"Aamodt","Rimli"
441823,"Varker","Niranjan"
268831,"Massonet","Trygve"
41112,"Bressoud","Radoslaw"
478344,"Rassart","Shahid"
414387,"Busillo","Fatemeh"
255720,"Suppi","Tsuneo"
249201,"Kushnir","Jaber"
405255,"Erni","Jinxi"
254012,"Krohn","Fumitake"
35558,"Staudhammer","Kshitij"
443841,"Kading","Shaw"
247190,"Coorg","Conal"
282235,"Ghandeharizadeh","Yannik"
240469,"Oxenboll","Harngdar"
215661,"Armand","Fumitake"
277226,"Sinitsyn","Hironobu"
42980,"Businaro","Karoline"
292609,"Sudkamp","Huan"
65590,"Swick","Sushant"
415411,"Bail","Herbert"
481785,"Wursthorn","Martial"
479637,"Marsiglia","Genta"
209988,"Pelz","Niteen"
93889,"Basawa","Hironoby"
51110,"Petersohn","Youjian"
31621,"Junot","Doowon"
472843,"Keustermans","Christoph"
235626,"Loncour","Mizuhito"
85965,"Teitelbaum","Tsz"
205677,"Biran","Urs"
54929,"Tramer","Gilbert"
236025,"Fontet","Aloys"
26758,"Hiraishi","Utpal"
448827,"Geffroy","Vivian"
249268,"Solares","Manu"
70871,"Beutelspacher","Bedrich"
477124,"Buescher","Khatoun"
415540,"Peres","Manton"
222695,"Ariola","Pranjal"
279942,"Valiente","Shih"
268308,"Denny","Shietung"
249816,"Kranzdorf","Junichi"
21880,"Gecsei","Kiyotoshi"
76525,"Picel","Ewing"
430348,"Domenig","Poornachandra"
457156,"Koblick","Shaleah"
208686,"Farrag","Gadiel"
50362,"Terekhov","Felicidad"
202909,"Taubman","Sukumar"
51990,"Schaft","Flemming"
466056,"Syrzycki","Babette"
286108,"Bellmore","Jordanka"
470839,"Demos","Zijian"
107479,"Kalsbeek","Douadi"
53372,"Menhoudj","Divine"
238483,"Munoz","Mabo"
50207,"Huxford","Feiyu"
51155,"Lorho","Kenroku"
471548,"Sessa","Armond"
272805,"Mandell","Barry"
201047,"Anandan","Karoline"
464420,"Kilgore","Faiza"
468508,"Famili","Lunjin"
263138,"Provine","Phuoc"
107872,"Koshino","Jackson"
294501,"Roohalamini","Claude"
270515,"Vesna","Jacopo"
443087,"Sankaranarayanan","Saeed"
202649,"Daescu","Abdelghani"
464440,"Cronan","Ottavia"
39496,"Comte","Subhankar"
282590,"Melton","Manibrata"
245941,"Michaeli","Uli"
109973,"Kemmerer","Shigenori"
230964,"Perko","Teunis"
59500,"Keirsey","Temple"
54887,"Vandervoorde","Shooichi"
71306,"Jayawardene","Heon"
256769,"Barbanera","Shiv"
92483,"Lueh","Boaz"
68210,"Suermann","Tremaine"
263410,"Fraisse","Vitaly"
477085,"Uludag","Valeri"
49293,"Leaver","Saddek"
94400,"Gewali","Along"
42215,"Carrere","Theron"
456314,"Hainaut","Tomofumi"
258285,"Falco","Sahrah"
97454,"Bugrara","Xinyu"
439831,"Stasinski","Piyush"
258559,"Salinas","Sastry"
97951,"Rissanen","Emdad"
14807,"Zweizig","Miquel"
230942,"Schaar","Masadi"
93951,"Woycyznski","Leen"
400665,"Shihab","Sudhanshu"
81423,"Schade","Steen"
473447,"Magalhaes","Gao"
250761,"Velasco","Shigehito"
92802,"Luks","Alair"
39329,"Benveniste","Yuichiro"
97139,"Takanami","Chinhyun"
293821,"Garnick","Abdelwaheb"
72761,"Schlegelmilch","Arto"
10977,"Murrill","Toong"
58979,"Ressouche","Yurij"
226784,"Prochazka","Vatsa"
75484,"Spell","Shuho"
35540,"Rohrbach","Lobel"
29820,"Segond","Nidapan"
216498,"Imataki","Mads"
480781,"Provine","Herb"
470024,"Gerlach","Angel"
297827,"Masada","Temple"
227125,"Luby","Kiyokazu"
480184,"Bernatsky","Maya"
259900,"Sanella","Taiji"
293396,"Norsworthy","George"
472350,"Collavizza","Rafail"
412666,"Showalter","Jessie"
243691,"Pappas","Maha"
84367,"Comyn","Yuchang"
77388,"Badr","Kasturi"
461055,"Eugenio","Gaurav"
68660,"Kumaresan","Barry"
246604,"Hanabata","Mototsugu"
97600,"Harllee","Maris"
400581,"Qiwen","Mantis"
447865,"Siegrist","Maya"
445270,"Przulj","Stamatina"
435190,"Thambidurai","Aria"
45851,"Ranum","Xiaoqiu"
286797,"Herber","Claude"
27515,"Suessmith","Yakkov"
229181,"Ponthieu","Oldrich"
71760,"Kavvadias","Tonia"
50009,"Kragelund","Gererd"
203364,"Herber","Spyrose"
13607,"Rusmann","Khedija"
19207,"Validov","Shiv"
470930,"Molberg","Mabhin"
249601,"Jiang","Halsur"
68607,"Zallocco","Xuejia"
51554,"Babb","Sariel"
89881,"Coullard","Billie"
213489,"Deverell","Urs"
29961,"Munoz","Susumu"
33701,"Spelt","Jenwei"
410365,"Eldridge","Mayuko"
236402,"Merkl","Khedija"
73202,"Pellegrinelli","Goetz"
294770,"Plavsic","Kwee"
268071,"Guardalben","Eberhardt"
436514,"Fritzsche","Mahendra"
297116,"Stemann","Gianluca"
238225,"Senzako","Udaiprakash"
278264,"Czaja","Aksel"
459016,"Yoshizawa","Vatsa"
104765,"Samarati","Giordano"
276352,"Luiz","Navin"
57527,"Garigliano","Conal"
254907,"Boyle","Zhensheng"
74765,"Cairo","Kiyomitsu"
417633,"Cappelletti","Aemilian"
415098,"Ghelli","Mayuri"
73135,"Brodal","Thanasis"
54358,"Peot","Teiji"
50095,"Nanard","Vishu"
36591,"Goodrum","Heeju"
210155,"Koblitz","Eirik"
201582,"Sgarro","Youssef"
16066,"Penn","Marsha"
413622,"Varley","Mari"
217859,"Domenig","Zsolt"
282322,"Maksimenko","Hiroyasu"
272297,"Rouquie","Emdad"
447963,"Bratsberg","Nidapan"
44282,"Crabtree","Rajmohan"
426359,"Cesareni","Thodoros"
420090,"Baaz","Gao"
271554,"Koprowski","Lillian"
238555,"Maksimenko","Berna"
473310,"Jayawardene","Takahira"
423032,"Katiyar","Yolla"
81518,"Rabehasaina","Karsten"
28145,"McAffer","Genevieve"
27516,"Angelov","Yurij"
289141,"Msuda","Cathie"
419535,"Reinhard","Youssef"
273163,"Garnham","Mark"
238512,"Petersohn","Lillian"
257563,"Oaver","Moss"
244260,"Mandelberg","Sangeeta"
108852,"Reinhart","Arco"
81040,"Merey","Kazuhito"
256430,"Nannarelli","Yinlin"
428808,"Ferretti","Shaowei"
263480,"Boreale","Ortrud"
61440,"Potthoff","Susanne"
258385,"Vesna","Tsz"
216764,"Wynblatt","Lihong"
43148,"Syrotiuk","Lobel"
34953,"Slobodova","Gen"
403847,"Gunderson","Khalid"
35900,"Kalefeld","Jixiang"
454573,"Flexer","Jaroslava"
221534,"Passafiume","Brigham"
35266,"Lyonns","Armond"
233183,"Petereit","Sumali"
65688,"Schwartzbauer","Mokhtar"
21987,"Fontet","Dipankar"
413700,"Liedekerke","Zsolt"
411115,"Chorvat","Xiahua"
57244,"Bernardinello","Randi"
284098,"Pargas","Elrique"
259298,"Jervis","Satyanarayana"
260948,"Edelhoff","Mohit"
221000,"Nollmann","Juichirou"
217661,"Janetzko","Chenxi"
425136,"Norsworthy","Terresa"
227650,"Juneja","Takanari"
209113,"Scallan","Guangming"
54585,"Ranft","Khatoun"
291607,"Swift","Boguslaw"
290717,"Stenning","Fei"
107107,"Kemmerer","Elzbieta"
403912,"Nicolson","Arunachalam"
402223,"Breugel","Fai"
459089,"Gammage","Elgin"
65810,"DeMori","Kazunori"
37271,"Raoux","Falguni"
285941,"Georgakopoulos","Munehiro"
25643,"Peak","Adin"
275244,"Staelin","Brewster"
69754,"Naumovich","Vesna"
424098,"Kalloufi","Phillip"
472359,"Rodiger","Oddvar"
436085,"Akazan","Jiann"
84372,"Flexer","Kiyomitsu"
478569,"Kropp","Wilmer"
412788,"Monkewich","Vidya"
94013,"Landherr","Susanna"
471696,"Dahlbom","Yuqun"
248683,"Lorie","Mabry"
23376,"Bahi","Faiza"
102312,"Attimonelli","Sugwoo"
68032,"Chinin","Ulf"
51556,"Lamma","Tsz"
432195,"Speel","Badri"
86200,"Thummel","Danel"
86788,"Saoudi","Golgen"
459528,"Veevers","Sven"
35397,"Slobodova","Kazuhira"
475666,"Veevers","Kazuhiko"
215608,"Gihr","Shichao"
89298,"Fetvedt","Premsyl"
58451,"Gimarc","Lansing"
407349,"Gewali","Maya"
285458,"Koyama","Utz"
241766,"Syrzycki","LiMin"
422057,"Shiratori","Mahmut"
401882,"Schaap","Kasidit"
259631,"Adachi","Izaskun"
477778,"Fadgyas","Abdulah"
404739,"Linnainmaa","Boaz"
460670,"Vecchi","Dietrich"
238935,"Jakobus","Janalee"
230231,"Dulin","Monique"
252092,"Verhaegen","Udi"
84950,"Kawashima","Kshitij"
415737,"Azadmanesh","Oguz"
414422,"Gips","Moto"
475106,"Eterovic","Augustine"
222791,"Eastman","Ohad"
64971,"Rotem","Xinan"
220218,"Stille","Krassimir"
44807,"Michaels","Maia"
226346,"Benantar","Dekang"
442113,"Lorho","Tesuya"
276416,"Ishibashi","Moon"
39411,"Foote","Mingzeng"
474071,"Gruenwald","Mokhtar"
448422,"Rahier","Adit"
426137,"Guardalben","Kazuyasu"
466297,"Ramras","Jaques"
283186,"Krogh","Sachar"
402575,"Jeansoulin","Alain"
242347,"Heystek","Teunis"
57678,"Gimbel","Owen"
417942,"Herath","Insup"
282361,"Kumaresan","Keiichiro"
220503,"Unni","Kokou"
423243,"Lammel","Gill"
235031,"Fioravanti","Aamer"
84901,"Peak","Lucien"
235981,"Boguraev","Takahiro"
35279,"Kalorkoti","Margo"
226328,"Boudaillier","Zeydy"
94685,"Ranst","Annemarie"
66137,"Gilg","Christoper"
453500,"Demos","Arfst"
402764,"Woycyznski","Karoline"
450448,"Sessa","Shugo"
216455,"Klassen","Rosine"
434774,"Qiwen","Inderjeet"
100241,"Oxenboll","Kwan"
252164,"Morrow","Foong"
103705,"Rassart","Angel"
108101,"Halevi","Val"
218277,"Munos","Zongyan"
469372,"Schieder","Qunsheng"
231057,"Bhattacharjee","Ziyad"
238989,"Kropatsch","Matk"
103688,"Keustermans","Vesna"
13604,"Stille","Tzu"
461301,"Warwick","Limsoon"
246177,"Masada","Yucel"
40966,"Keustermans","Sibyl"
250424,"Dulli","Geoffry"
219343,"Stille","Collette"
274855,"Pardalos","Xiadong"
277658,"Jervis","Monique"
432828,"Malabarba","Chikako"
254106,"Krohm","Georgi"
107198,"Seghrouchni","Duri"
442867,"Vrecion","King"
244493,"Sinitsyn","Heather"
414400,"Dayang","Stella"
439884,"Bernardinello","Constantine"
200468,"Marshall","Amstein"
286622,"Kalefeld","Shuji"
88370,"Chinen","Wanqing"
31499,"Pollock","Naftali"
247934,"Pramanik","Miyeon"
444315,"Mondadori","Limsoon"
469356,"Calkin","Pranjal"
271815,"Huttel","Martins"
252421,"Arlazarov","Dipayan"
410337,"Schneeberger","DeForest"
257823,"Gewali","Bouchung"
90531,"Munck","Sashi"
434119,"Uehara","Florian"
87441,"Ratnakar","Mack"
290015,"Katalagarianos","Lokesh"
267713,"Simmen","Youjian"
102160,"Kuzuoka","Isaac"
50688,"Swen","JoAnna"
417586,"Leslie","Qiwen"
61843,"Millington","Guenter"
56208,"Segond","Masoud"
410882,"Mamelak","Munehiro"
90391,"Michaels","Christfried"
63132,"Miyakawa","Nahla"
98190,"Ambroszkiewicz","Masako"
38594,"Greenaway","Ult"
268775,"Paciorek","Jenwei"
455527,"Birjandi","Arnd"
26634,"Monarch","Matt"
268922,"Bonifati","Eishiro"
260581,"Maliniak","Gritta"
455228,"Luiz","Shaowei"
210023,"Staylopatis","Goetz"
77574,"Keustermans","Lalit"
94542,"Rissland","Vojin"
290943,"Lipner","Arra"
31417,"Boguraev","Patricio"
479023,"Dahlbom","Magy"
228238,"Henders","Filipe"
83779,"Heydon","Minghong"
75601,"Merel","Teiji"
27865,"Gyimothy","Yuriy"
441038,"Versino","Leen"
297058,"Rebaine","Patricia"
33917,"Farrow","Chuanti"
454321,"Ranai","Marin"
225261,"Rosiles","Teunis"
39157,"Lamparter","Qingxiang"
268954,"Vigier","Miomir"
226360,"Kambil","Ymte"
418352,"Solares","Idoia"
462932,"Loncour","Jaber"
41557,"Bernick","Rasiah"
200382,"Pauthner","Mansur"
293237,"Ullian","Taiji"
407821,"Famili","Mabo"
37510,"Chappelet","Sakthirel"
435042,"Borstler","Brigham"
284114,"Schnabel","Rosine"
35729,"Schicker","Mingzeng"
263329,"Brookman","Gererd"
244632,"Stamatiou","Rafail"
430916,"Fritzsche","Aron"
455621,"Stanger","Paddy"
452409,"Szmurlo","Jaihie"
239435,"Conta","Arco"
449217,"Lalonde","Akeno"
267197,"Coombs","Sanjiv"
225513,"Fortenbacher","Alenka"
47755,"Hasham","Mihalis"
21909,"Brizzi","Mohammed"
105060,"Rosin","Manu"
465330,"Einsfeld","Shugo"
68681,"Thiran","Hauke"
425714,"Ushiama","Richard"
88985,"Lieblein","Inderjeet"
479171,"Anguita","Taisook"
66365,"Poujol","Larisa"
61070,"Alpay","Girolamo"
280753,"Braunschweig","Ute"
74524,"Cannane","Jacopo"
412871,"Bazzichi","Yucel"
205548,"Binding","Marke"
84550,"Iivonen","Gregory"
266232,"Facello","Horward"
56699,"Kilgour","Sreenivas"
468034,"Leivant","Elvia"
267617,"Rathonyi","Sasan"
48384,"Speer","Leszek"
258688,"Rouquie","Shahar"
87268,"Junot","Susanna"
102226,"Przulj","Mingzeng"
62472,"Buescher","Renee"
472312,"Cools","Masami"
202919,"Eugenio","Ult"
274881,"Burnard","Roselyn"
460114,"Perna","Sailaja"
275267,"Herath","Suebskul"
205356,"Himler","Alexius"
65428,"Luby","Herbert"
440724,"Chleq","Hilari"
104479,"Stranks","Willard"
203595,"Ariola","Aria"
63699,"Markovitch","Feiyu"
266915,"Oaver","Maya"
93345,"Kampfer","Dannz"
74130,"Bierbaum","Miyeon"
57182,"Naudin","Zhigen"
93091,"Pintelas","Goo"
465315,"Fujisawa","Pranjal"
46059,"DuCasse","Susumu"
466345,"Sluis","Baoqiu"
220026,"Nishimukai","Alois"
48092,"Furudate","Shuichi"
74270,"Vieri","Janche"
465047,"Weiland","Nidapan"
268902,"Krohm","Arup"
45568,"Levasseur","Satoru"
474675,"Henders","Pascal"
53059,"Impagliazzo","Sachin"
404825,"Otillio","Zeydy"
223459,"Denna","Reuven"
88762,"DuCasse","Koichi"
86219,"Steinauer","Alois"
30385,"Mellouli","Qiwen"
48571,"Ponthieu","Khun"
474113,"Mukaidono","Ohad"
216397,"Brodal","Feixiong"
19746,"Zeidenstein","Shiv"
85230,"Demke","Gal"
206882,"Rousseau","Taegyun"
238881,"Kavvadias","Martial"
442779,"Zlotek","Mamdouh"
36351,"Munch","Tesuya"
472747,"Spell","Zejun"
268138,"Miara","Changho"
250763,"Siochi","Clyde"
106274,"Wiegley","Sahrah"
261511,"Androutsos","Shiv"
30425,"Akazan","Rimli"
460888,"Mondadori","Bedir"
259597,"Snyers","Chrisa"
266461,"Litzkow","Katsuyuki"
26393,"Delaune","Tomofumi"
54801,"Chinal","Uri"
58476,"Shigei","Yakichi"
204478,"Decleir","Toshiko"
21455,"Peral","Tayeb"
268745,"Meszaros","Fan"
16279,"Erde","Berhard"
253521,"Boguraev","Jaewoo"
239577,"Kossowski","Yonghong"
12681,"Akaboshi","Rosalyn"
459609,"Peris","Lenore"
254659,"Coombs","Charmane"
216037,"Eiter","Herb"
108167,"Versino","Khalil"
264050,"Koshino","Subir"
461489,"Maginnis","Moss"
247540,"Murthy","Parviz"
278898,"Woycyznski","Ziva"
47135,"Rosca","Ohad"
69969,"Mellouli","Ekawit"
50331,"Maquelin","Toshiko"
16681,"Mitina","Gurbir"
401021,"Unni","Brigham"
214257,"Gustavson","Ravishankar"
213706,"Sidou","Alexius"
208638,"Zobel","Khatoun"
37215,"Ecklund","Lenore"
50372,"Majewski","Masamitsu"
255314,"Magalhaes","Zeydy"
229653,"Schlegelmilch","Candido"
225060,"Bodoff","Shin"
412501,"Grandbois","Mart"
50479,"Ramsey","Mitsuyuki"
76296,"Murtha","Hercules"
436146,"Lamparter","Xuejia"
291593,"Scallan","Irena"
266868,"Zuberek","Mingdong"
478011,"Zolotykh","Giao"
420651,"Munch","Kiyotoshi"
413238,"Pelc","Adit"
241349,"Melter","Billie"
213876,"Mahnke","Sreekrishna"
268969,"Kermarrec","Lein"
405292,"Teitelbaum","Kazuhiko"
87234,"Mungall","Boriana"
12875,"Validov","Giri"
107539,"Eldridge","Shahab"
37267,"Falster","Itzchak"
14523,"Busillo","Leif"
29750,"Cooley","Alair"
91487,"Gargeya","Serap"
479948,"Ghandeharizadeh","Xinglin"
105806,"Jenevein","Marla"
469589,"Jervis","Parto"
22409,"Erbe","Jouko"
426147,"Viele","Arne"
274883,"Granlund","Renee"
261030,"Smeets","Thodoros"
38011,"Fadgyas","Jongsuk"
448525,"Capobianchi","Takanari"
469685,"Billingsley","Otmar"
402444,"Barbanera","Marke"
39271,"Rahimi","Gianluca"
43647,"Chartres","Maia"
35140,"Uchoa","Martien"
429454,"Munch","Youssef"
293725,"Fujisaki","Keiichiro"
278991,"Kawashimo","Mihalis"
255896,"Capobianchi","Junsik"
60655,"Conde","Geoffrey"
90714,"Manderick","Boriana"
67427,"Merli","Zeljko"
45774,"Wrigley","Alassane"
65394,"Lamma","Jacqueline"
276766,"Axelband","Mircea"
296017,"Ruemmler","Sibyl"
297911,"Matzov","Gita"
244001,"Erva","Munehiro"
249107,"Henders","Barry"
479358,"Leijenhorst","Muzhong"
424257,"Zedlitz","Shmuel"
79821,"Setia","Shuzo"
469062,"Flexer","Serif"
443718,"Masand","Roselyn"
21980,"Miyakawa","Gen"
454144,"Scallan","Zhongwei"
401172,"Baezner","Anneli"
428096,"Brodie","Diederik"
456174,"Raczkowsky","Vojin"
235771,"Conde","Yonghoan"
268771,"Anick","Teruyuki"
292145,"Sadowsky","Teruyuki"
54842,"Nitto","Mark"
34866,"Ishibashi","Bernt"
101153,"Gill","Manohar"
457974,"Babb","Kish"
438535,"Halevi","Debaprosad"
258295,"Rosti","Susanna"
461086,"Rahimi","Almudena"
61697,"Hoppenstand","Miquel"
13599,"Versino","Gor"
43689,"Bugrara","Almudena"
418857,"Uehara","Mani"
431136,"Penttonen","JoAnna"
92081,"Neimat","Alagu"
35689,"Zhiwei","Chiranjit"
100529,"Gien","Chenyi"
31824,"Pezzoli","Remko"
456752,"Perin","Ulf"
211407,"Rajala","Saeed"
24942,"Stasinski","Atilio"
475827,"Szilard","Marc"
74020,"Nivat","Sasan"
37648,"Luef","Sreenivas"
421511,"Cooley","Boutros"
282644,"Deverell","Alois"
207826,"Wynblatt","Shaowei"
445586,"Veccia","Somnath"
284048,"Litecky","Moheb"
442406,"Tischendorf","Bowen"
85194,"Sifakis","Subhada"
240279,"Heydon","Kaijung"
406695,"Uchoa","Oddvar"
207328,"Waeselynck","Odinaldo"
452633,"Danecki","Sreenivas"
477227,"Nivat","Danil"
55355,"Thorelli","Sreenivas"
268865,"Tzvieli","Becky"
221494,"Godskesen","Feiyu"
217182,"Conde","Frazer"
294606,"Perko","Zhilian"
269579,"Krohn","Badri"
436780,"Angelopoulos","Manu"
106372,"Merks","Aimee"
284858,"Cherinka","Tru"
261119,"Zaccaria","Amabile"
32337,"Ghalwash","Fumitake"
278119,"Dichev","Shaunak"
415907,"Menyhert","Kwee"
75677,"Bonifati","Zhanqiu"
14737,"Impagliazzo","Houman"
458851,"Monarch","Larisa"
21437,"Gomatam","King"
71943,"Thombley","Marsja"
452501,"Brattka","Zengping"
283837,"Wuwongse","Bluma"
273242,"Straney","Jianhao"
99846,"Hofman","TRUE"
95419,"Morrey","Arno"
443791,"Kitai","Kristen"
434801,"Hatcliff","Sakthirel"
432570,"Wiegley","Jaihie"
209161,"Cunliffe","Odinaldo"
285801,"Velardi","Martien"
201544,"Zaiane","Krister"
254202,"Massonet","DAIDA"
237293,"Lichtman","Steen"
77410,"Ranka","Kazuhiko"
264987,"Zastre","Moon"
247076,"Angel","Bernice"
53360,"Spinelli","Mohit"
425140,"Luon","Sachem"
20541,"Lunt","Shuzo"
423735,"Rosch","Dung"
225706,"Pepe","Gian"
206068,"Pauthner","Khalid"
67651,"Usdin","Frederique"
481237,"Erbe","Fayez"
273480,"Garrabrants","Jianwen"
268250,"Callaway","Mandell"
428534,"Garrabrants","Augustine"
207926,"Bade","Kaijung"
460240,"Peot","Bernt"
293852,"Monkewich","Naftaly"
274441,"Denis","Marla"
278543,"Ratnakar","Brigham"
18725,"Marchegay","Cullen"
200121,"Erdi","Bangqing"
228759,"Menhardt","Jianhua"
25644,"Straney","Kwangho"
24015,"Wixon","Baruch"
270925,"Restivo","Guozhong"
231702,"Vieri","Sahrah"
440067,"Yoshimura","Mrinalini"
36132,"Munck","Keiichiro"
423005,"Furedi","Chenyi"
434623,"Puoti","Youpyo"
84117,"Zirintsis","Flemming"
436438,"Gecseg","Stevo"
243896,"Bade","Bedrich"
213218,"Flowers","Yunming"
39260,"Nations","Chrisa"
268493,"Bierman","Demos"
96018,"Colorni","Doowon"
440356,"Zeidenstein","Kiyotoshi"
28468,"Hasham","Zorica"
80761,"Mandelberg","Aiichiro"
258711,"Shanbhogue","King"
433193,"Shihab","Badri"
263100,"Flanders","Pranay"
59169,"Clemencon","Keung"
435868,"Kuzuoka","Oddvar"
466943,"Angelov","Mayuri"
472475,"Pelc","Uma"
214946,"Lorch","Shuji"
67868,"Rotem","Akhilish"
241768,"Greenaway","Leon"
237133,"Kulisch","Karlis"
473387,"Restivo","Ziya"
435829,"Fiutem","Arun"
47494,"Itzfeldt","Adib"
65325,"Fraisse","Candido"
480376,"Kieras","Akhilish"
268821,"Manders","Hitofumi"
266173,"Cannane","Arie"
92177,"Rajala","Xiaoqiang"
283886,"Jeansoulin","Thanasis"
430064,"Prampolini","Gianluca"
15007,"Sridhar","Visit"
479687,"Baak","Odysseas"
248436,"Bahl","Anyuan"
292214,"Gaughan","Jayesh"
238475,"Jarecki","Fox"
98456,"Ravishankar","Kwangjo"
442008,"Schach","Fen"
13367,"Swiler","Xumin"
206064,"Braunmuhl","Masami"
235940,"Chorvat","Leah"
404636,"Garnham","Zine"
239773,"Molberg","Noritoshi"
456427,"Fioravanti","Tomofumi"
281741,"Chandrasekhar","Bogdan"
276558,"Stanfel","Honesty"
85696,"Mitzlaff","Wuxu"
23603,"Kohling","Sandeepan"
11306,"Reeken","Subhankar"
53759,"Antonisse","Jeong"
297066,"Gecsei","Guiseppe"
209062,"Oxman","Charlene"
423915,"Bahi","Kersti"
236683,"Thebaut","Heon"
254517,"Matzen","Satyanarayana"
459429,"Verhaegen","Mohit"
252973,"Poehlman","Ung"
18454,"Anido","Eric"
455121,"Hofstetter","Sanjai"
235742,"Kawashima","Sachin"
74444,"Passino","Sachem"
89767,"Bonifati","Minghong"
409644,"Kruskal","Tokuyasu"
97938,"Plavsic","Aiichiro"
72520,"Kieras","Kenton"
20708,"Arlazarov","Aemilian"
239547,"Fontan","Wojceich"
299310,"Kolvik","Arra"
251672,"Marakhovsky","Kankanahalli"
242201,"Yetto","Tokuyasu"
63779,"Emiris","Sugwoo"
47796,"Bottner","Jungsoon"
259532,"Luef","Mikhail"
433755,"Pardalos","Duke"
479833,"Luiz","Aron"
402618,"Grospietsch","Bedir"
23242,"Georg","Hongzue"
213176,"Cunliffe","Nikolaos"
208757,"Brendel","Chrisa"
207632,"McAlpine","Gila"
270590,"Angelov","Morris"
32443,"Beznosov","Bernd"
283490,"Melter","Roddy"
409558,"Hofting","Shunichi"
255427,"Malabarba","Branimir"
422634,"Eugenio","Tomoyuki"
273532,"Bonifati","Sivanarayana"
274704,"Rothe","Masanao"
453951,"Hofman","Manu"
218624,"Warwick","JoAnna"
97155,"Beidas","Mikhail"
276390,"Munos","Heeju"
69543,"Leppanen","Shan"
478599,"Deyuan","Joydip"
298728,"Zizka","Shaw"
30021,"Rosca","Martijn"
206433,"Compeau","Unal"
468568,"Ozeri","Hinrich"
433837,"Bresenham","Jaroslava"
285862,"Reeker","Mingzeng"
232765,"Zockler","Gino"
28423,"Lanphier","Marc"
433149,"Schauser","Shahaf"
250118,"Mapelli","Navid"
470639,"Thebaut","Xiaoqiang"
219574,"Gerteisen","Shimshon"
10770,"Perry","Bedir"
203233,"Chiodo","Jianhui"
269781,"Lanphier","Xiaobin"
479163,"Peres","Shigeichiro"
203435,"Validov","Gal"
53797,"Perfilyeva","Hatem"
439093,"Qiwen","Sushant"
423999,"Farris","Mikhail"
39484,"Birjandi","Genta"
428029,"Narlikar","Toshiko"
411239,"Pietracaprina","Tzvetan"
89197,"Reistad","Chenxi"
298558,"Arlazarov","Paloma"
58010,"Broder","Gennady"
202982,"Ritcey","Takahito"
474948,"Stentiford","Gil"
291356,"Anger","Hironoby"
293177,"Fairtlough","Marlo"
421190,"Pelc","Serif"
206562,"Falco","Suvo"
452945,"Bernick","Augustine"
270923,"Lund","Boriana"
226050,"Radivojevic","Torsten"
29818,"Fontet","Szabolcs"
257998,"Honglei","Turgut"
229995,"Delgrossi","Feiyu"
91955,"Mamelak","Mantis"
281870,"Giaccio","Yoshinari"
457920,"Shiratori","Remzi"
449288,"Gopalakrishnan","Fabrizio"
427553,"Chelton","Hatem"
433854,"Rehfuss","Fuqing"
249179,"Christianini","Heping"
208579,"Malabarba","Sudharsan"
248040,"Papastamatiou","Giri"
233732,"Benaini","Alenka"
225802,"Kushnir","Amalendu"
423350,"Monarch","Heping"
22581,"Veldwijk","Manibrata"
403838,"Radhakrishnan","Hitofumi"
82361,"Schreiter","Genta"
21878,"Apsitis","Demin"
424925,"Warwick","JoAnne"
31054,"Camarinopoulos","Wilmer"
413946,"Feldhoffer","Satoru"
296266,"Poehlman","Dinkar"
72177,"Wynblatt","Fumitaka"
433986,"Varman","Volkmar"
25578,"Baby","Yoshinari"
413481,"Langford","Khosrow"
272726,"Eppinger","Marsha"
79295,"Rabehasaina","Arup"
292440,"Trogemann","Hercules"
256435,"Chimia","Boaz"
455929,"Benantar","Guozhong"
246798,"Strooper","Tianruo"
470822,"Tiemann","Uzi"
420880,"Garnham","Arif"
294398,"Ruemmler","Kazuhiko"
83251,"Itzigehl","Duangkaew"
26190,"Heuter","Akeel"
255821,"Kaelbling","Mong"
467287,"Schahn","Geoff"
82357,"Fontan","Eric"
428936,"Slaats","Mayuko"
427570,"Papadias","Hideo"
105868,"Cardazo","Chikara"
101526,"Lorch","Bowen"
470547,"Eldridge","Danel"
34174,"Birch","Zhaofang"
461869,"Falby","Nakhoon"
479822,"McAffer","Poorav"
464191,"Duclos","Gila"
461261,"Hedayat","Vitali"
428697,"Blokdijk","Uri"
288574,"Paludetto","Fayez"
35187,"Boudaillier","Xiong"
81665,"Luan","Gretta"
226238,"Foote","Maria"
415295,"Katalagarianos","Tran"
233841,"Giaccio","Stevo"
206233,"Kowalchuk","Gao"
41367,"Kuszyk","Chandrasekaran"
10681,"Garnier","Florina"
263985,"Stifter","Tiina"
473254,"Mitchem","Owen"
462417,"Perng","Jianhui"
258909,"Kobara","Leon"
212386,"Fortenbacher","Tianruo"
427540,"Eiter","Genevieve"
47750,"Adachi","Gonzalo"
426096,"Casley","Odysseas"
26965,"Camurati","Hatsukazu"
292790,"Besancenot","Jacopo"
464883,"Przulj","Steve"
285001,"Coney","Mori"
401088,"Cheshire","Odoardo"
276953,"Erbe","Shahab"
75946,"Litzkow","Akemi"
425574,"Millington","Shan"
107997,"Perfilyeva","Masoud"
79673,"Daescu","Jacqueline"
436937,"Templeman","Eberhardt"
101631,"Willoner","Georgi"
241280,"Adachi","Yoshinari"
218543,"Kalsbeek","Jungsoon"
447482,"Bamford","Angus"
256990,"Szilard","Roselyn"
50421,"Vanwelkenhuysen","Vincent"
274294,"Kading","Amalendu"
101595,"Krybus","Paraskevi"
203867,"Baez","Vatsa"
48378,"McFarlin","Moty"
290360,"Auyong","Rosita"
236902,"Poupard","Matk"
81163,"Fandrianto","Oldrich"
291914,"Sadowsky","Arup"
52089,"Rebaine","Gina"
412387,"Danley","Houman"
83161,"Hedayat","Tremaine"
18703,"Kowalchuk","Carrsten"
32197,"Highland","Claude"
298333,"Basart","Huican"
478879,"Itzfeldt","Ebru"
446074,"Sudkamp","Sumant"
422258,"Ramsay","Moni"
211848,"Maginnis","Hinrich"
453028,"Fioravanti","Chiranjit"
234527,"Deverell","Susuma"
60307,"Langford","Nimmagadda"
436721,"Ouhyoung","Fumiko"
255325,"Simmel","Nevin"
414885,"Vecchi","Candido"
250725,"Munos","Serge"
419818,"Emiris","Sanjoy"
405091,"Petereit","Eckart"
34382,"Ravishankar","Kayoko"
90558,"Anick","Kiam"
78770,"Miculan","Erzsebet"
36555,"Rothenberg","Takahiro"
475643,"Puppo","Zissis"
455726,"Kriebel","Qiwen"
13891,"Parascandalo","Mokhtar"
426928,"Georgatos","Kauko"
466060,"Rahier","Shiv"
299695,"Choobineh","Moie"
102065,"Schlenzig","Xiaoqiu"
247872,"Imataki","Ger"
29176,"Speel","Maik"
29233,"Ranai","Ziyad"
102641,"Hammerschmidt","Srinidhi"
281866,"Bade","Manibrata"
466038,"Tokunaga","Etsuo"
430090,"Morrey","Alper"
410206,"Rijsenbrij","Jiang"
48826,"Fujisaki","Diederik"
285218,"Baez","Branimir"
103164,"Chiola","Valeska"
466938,"Remmele","Christoph"
61942,"Deverell","Chanjung"
295873,"Makinen","Bluma"
55589,"Naudin","Murthy"
106143,"Pashtan","Kristina"
417368,"Masamoto","Cordelia"
296623,"Herbst","Zeljko"
215084,"Huhdanpaa","Jianwen"
418803,"Skogmar","Baruch"
464148,"Siepmann","Hauke"
457100,"Gien","Ramzi"
63423,"Herbst","Marco"
281471,"Riesenhuber","Zissis"
33552,"Penn","Nadjib"
216806,"Pusterhofer","Tadahiro"
442872,"Condotta","Stabislas"
20718,"Miara","Abdulah"
266361,"Hoogerwoord","Hironobu"
295286,"Ulupinar","Mana"
292570,"Schaad","Arumugam"
261718,"Falster","Sadegh"
219925,"Plesums","Lenore"
243280,"Perng","Frazer"
33279,"Felder","Arne"
87692,"Parhami","Hitomi"
228070,"DeMori","Yoshinari"
236768,"Gente","Jaideep"
38417,"Marchegay","Franziska"
288910,"Gniady","Kwan"
264271,"Yurek","Xiadong"
223549,"Luga","Genki"
22374,"Klassen","Soenke"
275484,"Thiran","Brewster"
252909,"Molberg","Marit"
33230,"Griswold","Shaunak"
34328,"Gonthier","Dzung"
442541,"Keustermans","Kwok"
455794,"Ouhyoung","Macha"
231647,"Provine","Angus"
412282,"Cromarty","Nitsan"
214764,"Worfolk","Moriyoshi"
95104,"Magalhaes","Hideyuki"
74638,"Miara","Chinhyun"
276103,"Perry","Wuxu"
425899,"Goldhammer","Olivera"
38053,"Falby","Mrinalini"
296893,"Weedon","Nitsan"
282430,"DasSarma","Shay"
10243,"Pouyioutas","Wonhee"
36393,"Gill","Bluma"
290753,"Perri","Youssef"
268714,"Luce","Sukumar"
263600,"Miara","Zijian"
208282,"Vitiello","Ferdinand"
266801,"Holburn","Lihong"
67012,"Zschoche","Demin"
261102,"Speckmann","Chaoyi"
53296,"Shobatake","Marco"
229505,"Gluchowski","Sorina"
214801,"Alpin","Supot"
80522,"Sadowsky","Sedat"
77354,"Vendrig","Hironoby"
85646,"Nittel","Remmert"
480080,"Khalil","Houman"
474315,"Shrader","Badri"
464247,"Remmele","JoAnna"
286666,"Cappello","Masoud"
13676,"Avouris","Gadiel"
224507,"McClurg","Satosi"
435919,"Krider","Vishu"
472179,"Kulisch","Bojan"
425316,"Chaudhuri","Reinhold"
50545,"Fairtlough","Giordano"
291430,"Talmor","Shan"
39998,"Monarch","Nimmagadda"
432346,"Fioravanti","Ramya"
58644,"Ermel","Atilio"
33523,"Montemayor","Eran"
252551,"Socorro","Erzsebet"
417427,"Lores","Doohun"
21154,"Waleschkowski","Aksel"
449023,"Kuhnemann","Jinpo"
83204,"Hennebert","Pranav"
216049,"Kushner","Bernt"
26670,"Curless","Stella"
78563,"Tanemo","Maya"
409849,"Selvestrel","Mountaz"
30448,"Brodie","Jacqueline"
433862,"Ghemri","Gou"
254672,"Quaggetto","Ugo"
246757,"Sury","Maik"
298120,"Morrey","Vasiliy"
262677,"Zumaque","Eishiro"
222147,"Bernatsky","Hitomi"
106803,"Ranum","Mack"
91028,"Vingron","Duke"
415319,"Dahlbom","Nakhoon"
438636,"Hofmeyr","Dulce"
259848,"Bael","Kazunori"
53843,"Chepyzhov","Piyawadee"
213221,"Mahmud","Mariangiola"
84885,"Ambroszkiewicz","Gaetan"
69674,"Rabehasaina","Luerbio"
66016,"Perko","Henk"
74733,"Sabnani","Val"
406027,"Vrecion","Tadahiko"
205279,"Streit","Nahum"
274832,"Sidhu","Kristof"
106668,"Mersereau","Zhongwei"
478867,"Tsukuda","Mona"
415720,"Wixon","Danil"
264473,"Selenyi","Rimon"
235453,"Erbe","Moheb"
475209,"Garnick","Masato"
272046,"Solovay","Xiong"
430918,"Schlegelmilch","Ranga"
424961,"Morris","Yaghout"
413070,"Whittlesey","Dharmaraja"
438621,"Perry","Kayoko"
21361,"Lally","Shooichi"
435816,"Birjandi","Qunsheng"
13618,"Ferretti","Xiaoqiang"
31219,"Magliocco","Tianruo"
241424,"Zastre","Duro"
56509,"Genin","Goa"
51369,"Picel","Mariangiola"
38685,"Borovoy","Jordanka"
209175,"Marchegay","Jaber"
200554,"Boissier","Shmuel"
433178,"Wossner","Katsuyuki"
205523,"Coors","Frazer"
426813,"Dulli","Guther"
415199,"Rebaine","Pragnesh"
41412,"Lichtner","Djelloul"
477814,"Rajcani","Lidong"
466432,"Bazelow","Thanasis"
202572,"Perin","Marit"
20836,"Alameldin","Jingling"
425294,"Greibach","Dmitri"
35290,"Zobel","Zengping"
226553,"Pashtan","Adhemar"
33399,"Lorcy","Roded"
219003,"Heyers","Elliott"
16031,"Parveen","Elliott"
466089,"Henseler","Udo"
403925,"Garigliano","Subbu"
40604,"Muniz","Ung"
455327,"Murtagh","Shaunak"
256392,"Benzaken","Kensei"
40880,"Nanard","Ung"
462865,"Schaad","Kensei"
11521,"Eastman","Eldridge"
219644,"Miculan","Cheong"
77127,"Welham","Toshimo"
71752,"Maraist","Shunichi"
466563,"Bernini","Fay"
104310,"Bernini","Zhenbing"
39920,"Macedo","Malu"
87959,"Gecseg","Douadi"
70520,"Hardjono","Breannda"
93366,"Schach","Heejo"
440911,"Mundy","Babette"
247369,"Swen","Renee"
246102,"Conde","Xiaoqiang"
65469,"Veeraraghavan","Abdulla"
416305,"Demeyer","Maya"
290698,"Gimarc","Kazuhide"
87026,"Boyle","Lunjin"
50838,"Skogmar","Adil"
288639,"Rehfuss","Shooichi"
92984,"Cooke","Shiv"
213625,"Katzenelson","Fun"
207753,"Przulj","Tesuro"
454773,"Thiria","Cordelia"
286947,"Reeker","Hiroyasu"
287991,"Haldar","Alper"
231420,"Leslie","Lorien"
295148,"Acton","Kolar"
408016,"Alencar","Oddvar"
85235,"Marchesini","Claudi"
459893,"Skogmar","Fumiko"
41617,"Chaudhuri","Rosella"
220812,"Sabnani","Flemming"
237363,"Nanard","Gladys"
442536,"Kushner","Venkatesan"
294672,"Garrabrants","Jaber"
201764,"Collette","Masali"
238908,"McAffer","Dharmaraja"
83363,"Cichocki","Herb"
459479,"Pettis","Bingning"
400819,"Plesums","Wojceich"
96930,"Stifter","Ennio"
34964,"Zwicker","Bojan"
234529,"Shinomoto","Uma"
214073,"Bauknecht","Sandeepan"
287741,"Lanzelotte","Branimir"
59610,"Gustavson","Uri"
33176,"Narwekar","Mohammed"
69465,"Merks","Beshir"
423963,"Ladret","Debatosh"
281395,"Meriste","Jahangir"
10236,"Bade","Susumu"
473587,"Uhrik","Premal"
249564,"Reinhart","Nevio"
83128,"Liedekerke","Goh"
243619,"Zielinski","Tse"
217855,"Matzov","Takahiro"
27305,"Ertl","Hauke"
63005,"Ranum","Barna"
75820,"Macedo","Arie"
101056,"Delgrossi","Willard"
93371,"Krychniak","Arumugam"
442894,"Krychniak","Bernice"
290662,"Pelz","Xudong"
107995,"Collavizza","Rosita"
49044,"Wolniewicz","Ulf"
406379,"Pettis","Sivanarayana"
210692,"Standera","Xuejia"
420271,"Syrzycki","Bernd"
412197,"Plavsic","Harjit"
204570,"Shobatake","Yagil"
21020,"Simmel","Adel"
221099,"Malinowski","Nahum"
433138,"Seuren","Garnik"
104323,"Czap","Tooru"
99605,"Decaestecker","Pasqua"
289685,"Vanwelkenhuysen","Danae"
293225,"Ranst","Ibibia"
401304,"Pena","Horward"
440853,"Usery","Sivanarayana"
96932,"Karlin","Isamu"
66733,"Puppe","Sachem"
201215,"Penn","Elliott"
69212,"Rosis","Claude"
442860,"Karunanithi","Dulce"
223000,"Mundy","Mostafa"
443037,"Veldwijk","Abdelkader"
109711,"Tomescu","Lidong"
432497,"Champarnaud","Sreekrishna"
258682,"Liedekerke","Basil"
419781,"Karnin","Jordanka"
207317,"Naudin","Francoise"
74886,"Hmelo","Doohun"
422782,"Czaja","JiYoung"
253772,"Junet","Irene"
10380,"Kamble","Alejandro"
477843,"Bierman","Sanjai"
220629,"Linares","Morrie"
82749,"Maliniak","Byong"
99498,"Vadhan","Chiradeep"
279478,"Zyda","Steve"
241511,"Skafidas","Val"
11353,"Berztiss","Utpal"
273160,"Encarnacion","Avishai"
50920,"Kilgore","Kwan"
231593,"Otillio","Zhiwei"
224465,"Rosar","Moie"
445881,"Gien","Irene"
253187,"Marwedel","Shahar"
204715,"Malabarba","Nakhoon"
99758,"Brodal","Zhiguo"
407124,"Marshall","Akhilish"
454103,"Otillio","Moss"
461152,"Peron","Lijia"
83653,"Shackel","Martina"
43728,"Demeyer","Kersti"
277946,"Anandan","Gonzalo"
51008,"England","Ziya"
472224,"Hatcliff","Vishv"
216075,"Kranzdorf","Nimmagadda"
56594,"Norsworthy","Arie"
73581,"Guting","Djelloul"
43523,"Speel","Pranav"
238390,"Plessier","Qingxiang"
202554,"Vandervoorde","Uzi"
460660,"Azevdeo","Pranav"
432942,"Bahr","Boutros"
430032,"Gimarc","Mingzeng"
49375,"Danner","Gennady"
452618,"Ghelli","Xiaobin"
236771,"Puppe","Gladys"
460007,"Senzako","Mori"
406442,"Chenney","Giri"
477377,"Domenig","Wojceich"
405295,"Strehl","Yinlin"
474620,"Ferretti","Qiwen"
13436,"Picaronny","Mana"
97363,"Lundstrom","Fay"
438589,"Braunschweig","Weiyi"
417511,"Stranks","Herb"
295824,"Keirsey","Bernt"
91280,"Conte","Surveyors"
256527,"Lampe","Chaitali"
35323,"Lung","Lihong"
29830,"Mansanne","Rafael"
271051,"Birsak","Shigenori"
442164,"Rouquie","Jixiang"
408573,"Anick","Vincent"
272583,"Debuse","Arif"
435532,"Koblick","Froduald"
429136,"Walston","Emdad"
442766,"Lienhardt","KayLiang"
253064,"Gniady","Kenton"
105656,"Jeansoulin","Babette"
416949,"Salvesen","Guttorm"
464321,"Melton","Charmane"
105479,"Soloway","Masami"
269993,"Comte","Taizo"
270699,"Vandervoorde","Barun"
236002,"Hedayat","Marit"
299567,"Miculan","Xiping"
290070,"Buchter","Fumiko"
274433,"Denis","Christ"
14899,"Casley","Alejandro"
243172,"Chiodo","Salvador"
78743,"Buescher","Youssef"
102332,"Hutter","Jessie"
281833,"Kalsbeek","Taegyun"
214359,"Thiran","Xudong"
53578,"Valiente","Waiman"
440400,"Karlin","Vasiliy"
22894,"Casley","Muzhong"
443180,"Brobst","Mads"
404895,"Ranta","Honglan"
403688,"Fadgyas","Bezalel"
24166,"Chinal","Niranjan"
471280,"Pluym","Odoardo"
297680,"Nilsson","Kien"
219898,"Felcyn","Tonny"
446419,"Collette","Arto"
248210,"Muchinsky","Odoardo"
408873,"Denna","Shugo"
101410,"Luce","Kensei"
294151,"Madeira","Randy"
277898,"Bednarek","Gererd"
254733,"Yoshimura","Kiyotoshi"
73594,"Babb","Kazuhira"
294742,"Brender","Neelam"
277982,"Kroha","Mart"
77352,"Besancenot","Chaosheng"
277694,"Androutsos","Ute"
251497,"Sevcikova","Snehasis"
69437,"Biros","Ishfaq"
93520,"Unni","Angel"
239377,"McFarlan","Geraldo"
23303,"Demke","Zengping"
477638,"Bazzichi","Dayanand"
289975,"Chiola","Koichi"
220064,"Ramras","Mark"
70435,"Sommen","Shiv"
268291,"Renear","Shounak"
477081,"Cannata","Aria"
49294,"Peltason","Mads"
48369,"Shimshoni","Rimon"
294309,"Capobianchi","Mostafa"
202569,"Zhang","Vasiliy"
57508,"Rousseau","Muneo"
45214,"Zlotek","JoAnne"
88692,"Masada","Mechthild"
97236,"Muchinsky","Reinhard"
73322,"Tomescu","Atreye"
253804,"Fiutem","Martine"
299904,"DiGiano","Xiping"
270716,"Baer","Shunichi"
20027,"Atrawala","Vidar"
269083,"Sethi","Surveyors"
257438,"Schicker","Kazuhiro"
19492,"Hutton","Kwun"
18435,"Covnot","Basim"
83891,"Falster","Gopalakrishnan"
14310,"Leuchs","Marlo"
248214,"Hennings","Kazuhito"
243470,"Tyugu","Paloma"
219661,"Cronin","Jayson"
60361,"Vieri","Vitali"
56056,"Perng","Uma"
479369,"Ananiadou","Shigenori"
463488,"Azuma","Marie"
220315,"Anger","Bedrich"
54960,"Lowrie","Hideyuki"
109360,"Zeidenstein","Arnould"
81638,"Kleiser","Karoline"
21789,"Bhattacharjee","Serap"
400956,"Streit","Kinh"
91944,"Gurbaxani","Kaijung"
451670,"Riefers","Waiman"
259807,"Nyanchama","Dante"
407268,"Capobianchi","Stepehn"
215110,"Sluis","Shichao"
410388,"Peir","Amstein"
55635,"Flanders","Bogdan"
84040,"Uchoa","Vasilis"
453231,"Morrey","Hairong"
446277,"Carrera","Aloke"
298990,"Yetim","Naftali"
433005,"Heering","Fumiko"
419531,"Camurati","Cordelia"
406393,"Millington","Gina"
284645,"Stellhorn","Wuxu"
230530,"Vieth","Dharmaraja"
444304,"Awdeh","Mark"
259049,"Salvesen","Nigel"
269878,"Oehlmann","Premal"
263394,"Remmers","Ung"
226599,"Milicia","Valeska"
239709,"Zeleznik","Tze"
15214,"Bernatsky","Shahid"
446580,"Cairo","Arnd"
243721,"Lyonns","Radhika"
37325,"Manders","Yinghua"
295968,"Yoshizawa","Baocai"
416896,"Anick","Chuanti"
35417,"Schach","Gopalakrishnan"
437869,"McAffer","Marc"
100536,"Wiegley","Masoud"
101914,"Benaini","Arve"
479167,"Backhouse","Mayuri"
252016,"Czaja","Hatim"
457650,"Vural","Piyawadee"
430572,"Iisaku","Shih"
283896,"Mandell","Hisao"
216618,"Sidhu","Ranan"
212644,"Theuretzbacher","Garnik"
241137,"Puppo","Zita"
284927,"Ullian","Rafols"
297684,"Muniz","Thanasis"
44875,"Reinhart","Goh"
63229,"Lunn","Uzi"
15263,"Loncour","Sanjeeva"
455233,"Simmel","Ronnie"
93611,"Gronowski","Mizuhito"
456100,"Lalonde","Monique"
427901,"Kavvadias","Ayonca"
420049,"Eiron","Anoosh"
33007,"Taneja","Hatsukazu"
241831,"Ranta","Jeanna"
77066,"Rando","Mechthild"
33270,"Ebeling","Chanjung"
32974,"Spinelli","Candida"
224983,"Makrucki","Deniz"
210862,"Conta","Luigi"
289595,"Vingron","Kiyomitsu"
263617,"Azumi","Hairong"
87360,"Matzov","Makato"
408394,"Lichtman","Jianhua"
49938,"Falco","Aral"
21761,"Pezzoli","Conal"
244278,"Pepe","Leucio"
441362,"Alpay","Lihong"
102479,"Facello","Serap"
63688,"Spieker","Jouni"
400884,"Picci","Lalit"
260388,"Diderrich","Abdelghani"
87998,"Gruenwald","Yunming"
270711,"Orlowski","Sudhanshu"
90875,"Vingron","Tetsurou"
263190,"Schreiter","Frederique"
61964,"Douceur","Atilio"
437633,"Feldmann","Sajjad"
19105,"Oehlmann","Etsuo"
267706,"Rusterholz","Miomir"
216239,"Reghbati","Siddarth"
276295,"Snedden","Jianwen"
96211,"Khalid","Ugo"
247348,"Lanzelotte","Bangqing"
68604,"Dymetman","Kannan"
410501,"Potthoff","Muneo"
264620,"Neiman","Lakshmi"
282538,"Raney","Arch"
258787,"Welham","Divine"
22786,"Usdin","Moss"
77294,"Miculan","Mart"
427275,"Luga","Laurentiu"
444980,"Rehfuss","Shih"
56754,"Rusmann","Stein"
477646,"Munck","Goa"
97673,"Peng","Rasiah"
55213,"Stenning","Martina"
32618,"Krone","Boalin"
244237,"Pollacia","Alagu"
283611,"Renear","Zijian"
239832,"Kakkar","Akhilish"
71274,"Verhaegen","Mohamadou"
85460,"Marsiglia","Eberhardt"
38938,"Figueira","Przemyslawa"
402647,"Simmel","Khue"
435281,"Albarhamtoshy","Badri"
290634,"Serre","Bernd"
75688,"Crooks","Adamantios"
260323,"Preusig","Irena"
200575,"Kuzuoka","Izaskun"
414946,"Candan","Aleksandar"
108445,"Isard","Gretta"
73302,"Perri","Kolar"
61441,"Jayawardene","Yongqiao"
401662,"Schaar","Lorien"
17197,"Rothe","Hidefumi"
37195,"Spell","Akeel"
23676,"Openshaw","Sham"
270152,"Birta","Itzchak"
96421,"Huhdanpaa","Mori"
237120,"Panienski","Weiyi"
424298,"Chinin","Francesca"
237149,"Reinhart","Lucian"
454601,"Schrift","Samphel"
203635,"Shobatake","Mohan"
471444,"Welham","Xinan"
205868,"Lieblein","Hein"
426788,"Gini","Gay"
407567,"Tramer","Gully"
77629,"Schrift","Masasuke"
60065,"Walstra","Berthier"
239111,"Carrere","Dekang"
201811,"Gulak","Tuval"
249284,"Gopalakrishnan","Bingning"
103924,"Kaiser","Brigham"
32336,"Cannata","Giao"
291767,"DeMori","Xiahua"
261717,"Koshiba","Kazuyasu"
257715,"Lamma","Lein"
49458,"Weisert","Taiji"
255500,"Babb","Kerryn"
85728,"Furedi","Nirmal"
54749,"Peek","Otmar"
460582,"Egerstedt","Eric"
71618,"Takanami","Avishai"
17886,"Botman","Jayesh"
299780,"Sgarro","Elgin"
231332,"Polajnar","Mahendra"
85498,"Barriga","Val"
462793,"Cooman","Magy"
435861,"Sevcikova","Lunjin"
91935,"Unni","Oldrich"
261740,"Stavenow","Shahaf"
63860,"Laventhal","Rosli"
240616,"Passino","Moie"
46545,"Cummings","Remko"
215217,"Ballarin","Kazuhisa"
435305,"Pramanik","Berthier"
423863,"Orsini","Alain"
104048,"Riesenhuber","Udi"
85881,"Glinert","Hironoby"
211183,"Siepmann","Yagil"
452324,"Wielonsky","Mokhtar"
89278,"Sadowsky","Xiaoqiang"
294311,"Erdi","Rasiah"
213703,"Lamba","Lucian"
60369,"Halevi","Goh"
266420,"Cannane","Kauko"
476331,"Papastamatiou","Shigenori"
243290,"Karlin","Hirochika"
39991,"Griswold","Tristan"
58017,"Simmel","Bogdan"
69186,"Thimonier","Arto"
49536,"Menyhert","Nalini"
255099,"Felder","Yakichi"
265195,"Cannard","Shuky"
417768,"Sluis","Kotesh"
240682,"Seiwald","Minghong"
415923,"Katalagarianos","Zongyan"
262861,"Attimonelli","Kayoko"
26440,"Lakshmanan","Seongbae"
291591,"Grabner","Muzhong"
213646,"Polajnar","Perla"
54019,"Rodham","Collette"
251723,"Ozeki","Sachem"
203110,"Crooks","Mostafa"
267328,"Luders","Marsja"
62807,"Billingsley","Gao"
468173,"Auyong","Martins"
17105,"Gaughan","Nalini"
471273,"Herath","Ibibia"
460095,"Randt","Jiafu"
52390,"Pauthner","Leszek"
480845,"Beidas","Adamantios"
17984,"Roison","Kellyn"
419140,"Brlek","Mahmut"
280298,"Ertl","Giri"
240050,"Bahr","Kristina"
206025,"Nourani","Mart"
43732,"Coorg","Dietrich"
471718,"Segond","Slavian"
12954,"Walston","Dinkar"
428544,"Fabrizio","Gao"
255021,"Crouzet","Ashish"
459063,"Veccia","Juichirou"
401583,"Gips","Lucian"
272227,"Trachtenberg","Gil"
460542,"Panienski","Kasturi"
420923,"Masamoto","Martial"
444605,"Skafidas","Iara"
463827,"Quittner","Khalid"
27501,"Binding","Uma"
222647,"Gischer","Hyuckchul"
466840,"Litzkow","Shim"
100486,"Maksimenko","Radhakrishnan"
294113,"Atrawala","Tesuro"
477261,"Naudin","Atreye"
82938,"Baja","Kellyn"
264902,"Zweizig","Zeljko"
89464,"Krupka","Rildo"
26572,"Haraldson","Xiaoshan"
440409,"Axelband","Pranav"
213011,"Porenta","Suzette"
434387,"Decleir","Lijie"
407348,"Shigei","Chenye"
57288,"Anandan","Elvis"
104970,"Danecki","Diederik"
460127,"Delgrange","Shuji"
241802,"Puppo","Kaijung"
34577,"Veevers","Mountaz"
465041,"Kabayashi","Tommaso"
205573,"Francisci","Dannz"
421280,"Pramanik","Mooi"
411532,"Thisen","Morrie"
94073,"Szmurlo","Insup"
418164,"Giaccio","Xudong"
200159,"Zaiane","Deborah"
446146,"Jonsson","Gaetan"
275509,"Beznosov","Lobel"
106403,"Borovoy","Ebbe"
287684,"Schmiedel","Radhia"
433061,"Masada","Weiwu"
231792,"Ullian","Goh"
228209,"Fetvedt","Kyoichi"
90306,"Cangellaris","Gully"
236988,"Eterovic","Giao"
204142,"Valette","Xiping"
262667,"Stranks","Toshimitsu"
416633,"Coombs","Khun"
41623,"Chorvat","Aluzio"
402755,"Lunn","Nikolaus"
279323,"Gulik","Junsik"
81408,"Picaronny","Atreye"
467673,"Masand","Teiji"
261526,"Munro","Fumiyo"
232925,"Onuegbe","Eirik"
445485,"Swiler","Nevin"
445234,"Erbe","Deborah"
428399,"Karcich","Ingemar"
292918,"Zirintsis","Tristan"
71328,"Masada","Alagu"
103767,"Cochrane","Huei"
70794,"Saoudi","Petter"
39236,"Nivat","Faiza"
401873,"Koprowski","Rajmohan"
243748,"Lemarechal","Mokhtar"
448617,"Pardalos","Shigeaki"
29056,"Ratzlaff","Brewster"
57134,"Koyama","Pranjal"
413642,"Bergere","Elliott"
427862,"Valtorta","Guoxiang"
99157,"Adachi","Aiichiro"
20143,"Cesareni","Conor"
90310,"Schiettecatte","Rosalyn"
241031,"Bain","Kauko"
419202,"Chepyzhov","Xinyu"
272433,"Lamba","Nobuyoshi"
287402,"Seiwald","Takanari"
51715,"Bahi","Weicheng"
467466,"Chinen","Rafail"
35550,"Hutton","Van"
293192,"Sundgren","Carrsten"
213677,"Haraldson","Ziya"
281418,"Yurek","Yifei"
271865,"Kalefeld","Kellie"
40413,"Serna","Shaw"
88574,"Leivant","Holgard"
22535,"Chachaty","Alejandra"
258507,"Miculan","Nechama"
242095,"Tetzlaff","Shushma"
27736,"Masand","Jaewon"
253067,"Zultner","Zorica"
38439,"Zongker","Dannz"
31878,"Pelc","Divine"
456540,"Lorho","Nimmagadda"
78008,"Berstel","Persi"
95810,"Kandlur","Miquel"
290373,"Veevers","Sushant"
418371,"Mawatari","Maha"
31750,"DuBourdieux","Fabrizio"
17399,"Serre","Zita"
255531,"Kadhim","Kwee"
447876,"Heinisuo","Eldridge"
34664,"Akazan","Tran"
433637,"Kolinko","Geoffry"
413521,"Speel","Charmane"
284005,"Bednarek","Ennio"
430972,"Chepyzhov","Shichao"
243931,"Miara","Sanjit"
425346,"Zultner","Boalin"
68981,"Grandbois","Takahiro"
58666,"Schmezko","Guangming"
268644,"Diderrich","Chandrasekaran"
78114,"Mellouli","Zeljko"
291657,"Peac","Evgueni"
99972,"Schaaf","Jaana"
81687,"Veevers","Oscal"
31461,"Ginesta","Sanjay"
459131,"Bennis","Dinah"
448545,"Liedekerke","Jingling"
444658,"Munawer","Valery"
279271,"Hooghiemstra","Idoia"
274954,"Fontet","Parviz"
456250,"Roisin","Kerryn"
280303,"Diderrich","Mariangiola"
108731,"Zongker","Kazuhide"
464555,"Zastre","Kellyn"
207500,"Engberts","Sanjoy"
447472,"Ghazalie","Abdelghani"
248634,"Matheson","Guiseppe"
72680,"Strehl","Kien"
408619,"Segond","Inderjeet"
287126,"VanScheik","Amalendu"
409436,"Heinisuo","Aruna"
209169,"Antonisse","Abdelkader"
278805,"Kobara","Arto"
73245,"Reghbati","Demos"
418364,"Herbst","Fun"
412206,"Wilharm","Yinlin"
238186,"Siochi","Fusako"
16113,"Baaleh","Ranan"
451348,"Vanwelkenhuysen","Mayuko"
99662,"Prochazka","Oksana"
455938,"Muniz","Fay"
231037,"Vieth","Mostafa"
473584,"Gire","Vishv"
279786,"Solares","Douadi"
435224,"Schade","Vasiliy"
232894,"Perelgut","Heeju"
416594,"Trystram","Vesna"
210331,"Swift","Shin"
206291,"Claffy","Heeju"
262308,"Zweizig","Marsal"
403651,"Makrucki","Lucien"
280620,"Domenig","Mansur"
63191,"Angel","Vincent"
464022,"Beznosov","Bartek"
478354,"Bage","Weijing"
25402,"Luke","Khoa"
32898,"Hemaspaandra","DeForest"
68388,"Murillo","Jianhao"
62878,"Eldridge","Yuriy"
418122,"Woycyznski","Richard"
428959,"Prenel","DeForest"
66956,"Rabehasaina","Hausi"
404067,"Lupu","Panayotis"
288801,"Birge","Otmar"
475285,"Fiebach","Tokuyasu"
474411,"Lieberherr","Bodh"
18108,"Genin","Sanjai"
474292,"Godskesen","Rayond"
409924,"Hinsberger","Mariusz"
298716,"Pillow","Conor"
41491,"Middleton","Adin"
26592,"Piveteau","Serap"
220497,"Kropf","Eran"
221852,"DeMori","Tayeb"
225924,"Orsini","Chaitali"
10306,"Kilgour","Heng"
417841,"Sridhar","Freyja"
98815,"Luan","Geoff"
85726,"Kroft","Erzsebet"
470630,"Jarecki","Huican"
428261,"Georgatos","Zhonghua"
83121,"Uludag","Adil"
296411,"Kusakari","Adhemar"
438302,"Huhdanpaa","Hiroyasu"
281261,"Molberg","Shuichi"
245022,"Xiaoshan","Gen"
240005,"Selvestrel","Xiaoshan"
423843,"Karner","Kiam"
40163,"Usery","Luisa"
475207,"Tetzlaff","Radhia"
223738,"Aseltine","Zito"
103047,"Hardjono","Utpal"
54499,"Yurek","Palash"
100116,"Journel","Bernd"
15681,"Sewelson","Shigehiro"
243297,"Cappello","Alselm"
421314,"Gist","Nitsan"
429509,"Vickson","Moss"
278673,"Verspoor","Shuky"
204449,"Piveteau","Sverrir"
96963,"Matzel","Aksel"
402693,"Hmelo","Laurentiu"
481827,"Schaft","Lokesh"
214595,"Denna","Ulf"
269982,"Sundgren","Aiichiro"
437889,"Rosay","Dannz"
254777,"Fujisawa","Nectarios"
249674,"Petereit","Gila"
68355,"Ranai","Deniz"
39774,"Giarratana","Shimshon"
14715,"Knightly","Chuanyi"
35288,"McClurg","Iara"
280008,"Schurmann","Zhiwei"
93929,"Georgakopoulos","Morris"
40535,"Kobuchi","Sailaja"
52882,"Spelt","Candido"
33583,"Hanratty","Yechiam"
18664,"Akaboshi","Itzchak"
70815,"Siepmann","Gilbert"
473922,"Munck","Lidong"
274271,"Ritcey","Prodip"
470685,"Polupanov","Shuzo"
426002,"Thiria","Terresa"
106946,"Luiz","Oksana"
106738,"Cullers","Yannik"
452060,"Perko","Aamer"
400741,"Sifakis","Toong"
229419,"Rando","Jagoda"
74377,"Rosaz","Baocai"
86824,"Motley","Constantine"
477153,"Stellhorn","Gaurav"
445077,"Marquardt","Parke"
81182,"Koblitz","Ramalingam"
69930,"Maquelin","Muzhong"
40035,"Kleiser","Anyuan"
65942,"Jarecki","Houman"
272635,"Waleschkowski","Shooichi"
461990,"Norsworthy","Jacopo"
436647,"Herbst","Aran"
476903,"Quaggetto","Jagoda"
43176,"Lorin","Karsten"
39656,"Nannarelli","Annemarie"
284542,"Saoudi","Tran"
221437,"Matzel","Hatim"
480075,"Hoppenstand","Becky"
410283,"Melichar","Kiyokazu"
243554,"Jakobus","Premsyl"
228558,"Chimia","Yuping"
269929,"Clemencon","Lijia"
207765,"Strehl","Qunsheng"
457497,"Quaggetto","Otmar"
27957,"Ramsak","Marjo"
409232,"Bierman","Arno"
414683,"Nastansky","Ute"
290713,"Zwicker","Minghong"
224921,"Rissland","Florian"
72830,"Kavraki","Tetsurou"
248988,"Wynblatt","Lokesh"
103273,"Ozeri","Yinlin"
459676,"Reistad","Sadok"
272161,"Orlowska","Reinhold"
433631,"Luff","Bodh"
408981,"Schahn","Toong"
420156,"McDermid","Sham"
10160,"Khasidashvili","Debatosh"
45075,"Denis","Wilmer"
221674,"Camarinopoulos","Baruch"
291076,"Kusalik","Shaibal"
259103,"Valiente","Shir"
285350,"Ramaiah","Behnaam"
100804,"Tomescu","Kish"
407309,"Neimat","King"
247241,"Ramamoorthy","Sashi"
211812,"Ghelli","Chiranjit"
267893,"Haldar","Nathalie"
481268,"Gniady","Gen"
466736,"Rajcani","Jeane"
425301,"Gien","Sangeeta"
293443,"Randt","Basil"
49471,"Swick","Zejun"
17632,"Androutsos","Diederik"
103473,"Preusig","Alselm"
465487,"Przulj","Maria"
464948,"Vesel","Mingsen"
429106,"Badr","Shuky"
16659,"Yurov","Subhash"
293996,"Nilsson","Gen"
201079,"Ghandeharizadeh","Fumiko"
449975,"Cesareni","Susumu"
103400,"Zockler","Rafael"
425860,"Bakhtari","JoAnna"
414568,"Molenkamp","Sivanarayana"
458810,"Rousseau","Carrsten"
262711,"Greenaway","Willard"
55874,"Aloia","Younwoo"
22400,"Magalhaes","Adhemar"
203052,"Bruckman","Pranas"
255076,"Horswill","Along"
471865,"Bhattacharjee","Fumiya"
440837,"Garnier","Mostafa"
109514,"Zlotek","Piyawadee"
222583,"Pettey","Kenton"
401034,"Famili","Chikako"
220736,"Suomi","Sudharsan"
32790,"Heuter","Hilari"
23830,"Marzano","Navin"
82107,"Heping","Gunilla"
97662,"Matzke","Kwun"
265315,"Streit","Peternela"
452911,"Bael","Augustine"
236531,"Poulakidas","Suzette"
39573,"Champarnaud","Chaitali"
83787,"Lanzelotte","Xuejia"
107975,"Staudhammer","Goncalo"
71851,"Gurbaxani","Kristen"
293964,"Escriba","Tristan"
33881,"Encarnacion","Sreenivas"
70149,"Hainaut","Taiji"
295506,"Blokdijk","Aloys"
87893,"Hagimont","Shridhar"
30529,"Cooley","Edwin"
103991,"Mukaidono","Sorina"
414812,"Eastman","Mohamadou"
67141,"Nourani","Chandrasekaran"
16175,"Baik","Amabile"
470150,"Foong","Richard"
83114,"Perelgut","Vesna"
62434,"Angelov","Uta"
231279,"Muntz","Giap"
96817,"Calkin","Shahar"
413791,"Zaumen","Jiong"
32439,"Karner","Abdelghani"
414988,"Bondorf","Chandrasekaran"
257936,"Gewali","Adil"
75338,"Peac","Bokyung"
21697,"Luke","Billur"
299737,"Itzfeldt","Patricio"
290537,"Erbe","Mabo"
231906,"Schnabel","Naftali"
463262,"Niizuma","Morris"
294631,"Bellmore","Jongsuk"
207385,"Narlikar","Valery"
223659,"Azadmanesh","Mariangiola"
209725,"Jiang","Lijia"
291389,"Muntz","Abdelaziz"
229473,"Wynblatt","Ibibia"
460777,"Auria","Martins"
86773,"Benveniste","Leszek"
90285,"Kaltofen","Gretta"
298321,"Constantine","Toong"
291379,"Anick","Jianhua"
454626,"Angelopoulos","Aran"
403245,"Bednarek","Fusako"
79566,"Peron","Fumino"
23498,"Bala","Mari"
103819,"Erde","Kristina"
400755,"Isaak","Shaunak"
30680,"Unni","Larisa"
450550,"Gornas","Shigehito"
427369,"Staelin","Kolar"
45207,"Melichar","Marc"
445883,"Attimonelli","Yongdong"
79170,"Pauthner","Sandeepan"
272109,"Famili","Kellyn"
237629,"Harllee","Khosrow"
62579,"Bolsens","Niteen"
59784,"Kenevan","Uli"
96239,"Budinsky","Domenico"
85111,"Kavraki","Sastry"
446676,"Glowinski","Weijing"
26833,"Gustavson","Hirochika"
208845,"Danlos","Rosella"
54297,"Birdsall","Ohad"
438060,"Eterovic","JoAnne"
264421,"Kilgour","Radoslaw"
481341,"Ranka","Hidde"
277436,"Carrere","Yucel"
245052,"Gruenwald","Martina"
49036,"Blokdijk","Duke"
47247,"Karnin","Ebbe"
401821,"Malabarba","Manton"
456981,"Vrecion","Ennio"
230524,"DiGiano","Zdislav"
17468,"Irland","Abdelghani"
104601,"Alblas","Georgy"
291242,"Ushiama","Frazer"
229789,"Baby","Feipei"
288461,"Madeira","Nathan"
31069,"Mukaidono","Mingzeng"
267181,"Kriebel","Pintsang"
481542,"Reistad","Chrisa"
217754,"Carrera","Sajjad"
286664,"Landherr","Shigeu"
277634,"Swist","Arch"
268521,"Ginesta","Kasturi"
222019,"Edelhoff","Kristian"
90451,"Garnier","Guther"
72814,"Brlek","Gererd"
418865,"Gihr","Luisa"
452310,"Rahimi","Fumiko"
428724,"Matzke","Ingemar"
250059,"Masamoto","Naraig"
268474,"Ghandeharizadeh","Sastry"
262848,"Chimia","Selwyn"
32600,"Diderrich","Uta"
286155,"Waschkowski","Baoqiu"
108372,"Boissier","Ger"
201191,"Basagni","Kitty"
452754,"Szemeredi","Rafols"
242852,"Morrow","Nikolaus"
80766,"Boyle","Tomofumi"
202941,"Sinitsyn","Phuoc"
200743,"Roohalamini","Annemarie"
88161,"Duclos","Kokou"
476584,"Noriega","Gonzalo"
466617,"Vanwelkenhuysen","Chanjung"
259976,"Bage","Kaijung"
98994,"Barriga","Jovan"
63364,"Stanger","Pantung"
460544,"Koyama","Djenana"
99924,"Emmerich","Shuky"
271428,"Hofmeyr","Ung"
92273,"Pintelas","Kazunori"
458528,"Famili","Danco"
437547,"Redmiles","Shan"
203616,"Lally","Shaleah"
200234,"Montresor","Jeanna"
252399,"Walston","Tamiya"
10914,"Prochazka","Mizuhito"
462169,"Wallrath","Gregory"
38302,"Kabayashi","Mads"
288599,"Rodier","Chenye"
216211,"Reeken","Kasidit"
438313,"Birke","Sugwoo"
296717,"Tramer","Samphel"
29660,"Schicker","Kauko"
227694,"Chandrasekhar","Paloma"
235382,"Pillow","Ghassan"
32651,"Claffy","Berhard"
466481,"McClurg","Petter"
263531,"Verhoeff","Morrie"
405746,"Mondadori","Heon"
455908,"Slobodova","Wuxu"
53568,"Buescher","Shuky"
231031,"Ghalwash","Houman"
65103,"Bael","Mariusz"
466928,"Heystek","Eishiro"
406216,"Ciolek","Qiwen"
60622,"McConalogue","Hisao"
402506,"Swan","JiYoung"
279380,"Wolniewicz","Luigi"
259963,"McFarlin","Premsyl"
227656,"Bottner","Krister"
200118,"Hempstead","Cordelia"
268548,"Spieker","Mahendra"
400124,"Schapire","Aruna"
95989,"Siksek","Arie"
460657,"Stentiford","Shichao"
409687,"Capobianchi","Uinam"
260884,"Pokrovskii","Anneke"
59131,"Plessier","Ewing"
291353,"Farrag","Alselm"
248100,"Eiter","Padma"
36430,"Ashish","Karlis"
479921,"Cooley","Oldrich"
476766,"Thiria","Anneli"
439538,"Maierhofer","Arno"
38176,"Zeleznik","Isamu"
72198,"Rebaine","Almudena"
216725,"Emmart","Morris"
200722,"Delgrande","Nahla"
75310,"Belinskaya","Eckart"
63438,"Herbst","Gilbert"
32760,"Zykh","Mototsugu"
456900,"Businaro","Gina"
89440,"Skafidas","Renny"
244949,"Murtha","Cedric"
73204,"Schonegge","Jahangir"
263332,"Gelosh","Vitaly"
476212,"Laventhal","Mitsuyuki"
108608,"Lorch","Taiji"
404980,"Muchinsky","Nitsan"
281014,"Erdmenger","Jacopo"
92345,"Peng","Sorina"
215043,"Bierman","Mooi"
243678,"Papadias","Dzung"
80234,"Naudin","Chanjung"
207419,"Rissanen","Marsal"
72879,"Hiroyama","Goh"
26383,"Vrecion","Stein"
44960,"Joslin","Shih"
201798,"Benner","Matt"
91695,"Shobatake","Frederique"
14871,"Kaiserswerth","Arnd"
283928,"Undy","Fusako"
432106,"Thorelli","Kirk"
230791,"Quadeer","Gennadi"
63503,"Tzvieli","Weiye"
92749,"Demir","Chiradeep"
275737,"Skogmar","Yinlin"
96427,"Luga","Ipke"
11272,"Molenkamp","Frederique"
108711,"Kambil","Sanjai"
209209,"Selenyi","Christ"
265922,"Zweizig","Ranga"
10369,"Toyoshima","Qunsheng"
60228,"Gluchowski","Sergi"
106103,"Solovay","Jahangir"
39946,"McAlpine","Mara"
44337,"Herath","Taiji"
446601,"Braunmuhl","Yefim"
299992,"Ecklund","Mizuhito"
69948,"Slobodova","Toshimo"
105659,"Szmurlo","Shuho"
414522,"Gornas","Filipe"
257412,"Bashian","Martine"
39896,"Puppo","Mayuri"
101941,"Litzkow","Oscal"
23545,"Danley","Shim"
13246,"Siepmann","Adil"
251081,"Baak","Shigehito"
409767,"Ruther","Maja"
11746,"Marrakchi","Koichi"
421998,"Bonifati","Shugo"
27739,"Piancastelli","Youssef"
282695,"Fortenbacher","King"
252238,"Nyrup","Huican"
239037,"Erol","Baziley"
87030,"Prenel","Shmuel"
103007,"Openshaw","Zhiguo"
10765,"Norsworthy","Goetz"
267676,"Varker","Shih"
270112,"Ritzmann","Jayson"
401163,"Garnick","Jouko"
272315,"Litzler","Masato"
429939,"Varker","Moie"
288393,"Lakshmanan","Bernd"
26312,"Hatcliff","Gully"
247238,"Perri","Gad"
435538,"Barreiro","Tzu"
46351,"Speckmann","Becky"
26820,"Randi","Jahangir"
85367,"Rotem","Shih"
274607,"Mitsuhashi","Khaled"
248013,"Rabejac","Jouni"
475635,"Schlumberger","Ennio"
275479,"Ratnakar","Georgi"
424563,"Pileggi","Rosli"
271451,"Leijenhorst","Bluma"
438439,"Codenie","Berhard"
234227,"Koshiba","Jaques"
461561,"Lanteri","Larisa"
287322,"Munke","Shaibal"
408486,"Murillo","Eran"
230511,"Matheson","Martine"
451084,"Denny","Marin"
480205,"Androutsos","Subhash"
406021,"Suri","Gurbir"
466101,"Kropp","Manibrata"
453036,"Murthy","Geoffrey"
240067,"Tramer","Tzu"
221552,"Picht","Krassimir"
26563,"Raoux","Itzchak"
227133,"Michaels","Anyuan"
435568,"Serot","Elvis"
212272,"Munawer","Erzsebet"
89495,"Marquardt","Jeanna"
47049,"Auyong","Jiang"
430590,"Randi","Ugo"
77641,"Nishimukai","Berni"
29603,"Khamsi","Kristina"
253195,"Buescher","Mads"
479381,"Butterworth","Kristof"
423743,"Nivat","Cullen"
207443,"Picht","Tayeb"
71351,"Guerreiro","Otmar"
44572,"Garrabrants","Minghong"
231577,"Bade","Ramzi"
473834,"Zobel","Kish"
410277,"VanScheik","Tse"
267946,"Nyanchama","Candida"
243311,"Dengi","Mikhail"
222119,"Pocchiola","Subir"
89219,"Eugenio","Elrique"
246333,"Lemarechal","Behnaam"
25399,"Servieres","Niclas"
442440,"Siksek","Nakhoon"
12818,"Wendorf","Arunas"
19112,"Jeansoulin","Caolyn"
241081,"Doering","Aemilian"
203631,"Schaaf","Nakhoon"
465174,"Argence","Yucai"
431316,"Krohm","Xiaoheng"
97801,"Comte","Almudena"
72976,"Sinitsyn","Pasqua"
450831,"Speek","Haldun"
269215,"Malabarba","Kazuyasu"
461340,"Kugler","Aloys"
200329,"Vakili","Kwee"
98933,"Hennings","Lansing"
37228,"Glinert","Mary"
464841,"Milicic","Breannda"
260732,"Feinberg","Adel"
78508,"Pluym","Val"
440864,"Alpay","Tonia"
70757,"Lorie","Arvin"
469025,"Zockler","Achilleas"
95447,"Kroft","Constantijn"
245775,"Shihab","Sudhanshu"
216813,"Lorys","Atreye"
71021,"Coullard","Mohammad"
267627,"Schwartzbauer","Deniz"
240333,"Fritzsche","Pranjal"
57996,"Xiaoshan","Zhonghua"
68868,"Garnham","Vojin"
457689,"Sommen","Janalee"
412382,"Jeong","Nishit"
479226,"Krychniak","Cordelia"
298945,"Schahn","Henk"
463625,"Setiz","Xiaobin"
278995,"Dalton","Shigehiro"
467402,"Stanfel","Marin"
424438,"Karner","Toong"
469430,"Rahimi","Chenxi"
417515,"Staylopatis","Avishai"
15622,"Birjandi","Shigenori"
240622,"Kaltofen","Narain"
440136,"Jenevein","Bowen"
407600,"Stentiford","Leon"
208573,"Olivero","Xiaoheng"
210894,"Erdi","Aria"
40760,"Yetto","Munehiro"
255533,"Picco","Fumitake"
425338,"Lorcy","Turgut"
46792,"Gonthier","Martins"
274029,"Randt","Xiong"
430078,"Ginesta","Kirk"
18040,"Nitsche","Franziska"
297614,"Colorni","Shunichi"
293427,"Ducloy","Chenye"
479852,"Velasco","Erez"
414158,"Perly","Vivian"
443777,"Albarhamtoshy","Lena"
59350,"Aseltine","Murthy"
280683,"Klyachko","Bogdan"
40530,"Asmuth","Visit"
267124,"Bauknecht","Kwangsub"
204804,"Rissland","Genki"
275777,"Mellouli","Boalin"
77552,"Samarati","Bluma"
15210,"Peot","Apostol"
416054,"Bratsberg","Arto"
404435,"Merel","Dhritiman"
417534,"Sudbeck","Nadjib"
406722,"Mapelli","Licheng"
56085,"Kusalik","Shigenori"
406384,"Bouloucos","Bernt"
104372,"Fadgyas","Marc"
277588,"Guerreiro","Kensei"
227103,"Nishimukai","Junichi"
428881,"Back","Venkatesan"
288608,"Parhami","Wilmer"
244107,"Litzkow","Sreenivas"
465770,"Nicolson","Toshimori"
53402,"Worfolk","Houman"
294419,"Zyda","Paloma"
40218,"Muchinsky","Petter"
13496,"Lortz","Dipankar"
460939,"Szmurlo","Sailaja"
275301,"Slutz","Gou"
290097,"Marrakchi","Guangming"
481537,"Munch","Yucai"
480616,"Glowinski","Yonghong"
215585,"Lampe","Khosrow"
17805,"Munawer","Bowen"
255070,"Basawa","Basant"
265309,"Birdsall","Aleksander"
45800,"Birjandi","Dante"
224356,"Tischendorf","Giri"
211759,"Maginnis","Subir"
71375,"Khamsi","Masoud"
49077,"Siprelle","Kasturi"
464844,"Biros","Shuji"
225254,"Tzvieli","Sanjoy"
213271,"Acton","Djenana"
21319,"Passafiume","Moie"
67522,"Spell","Yonghong"
76380,"Acton","Karlis"
299518,"Landherr","Danae"
404996,"Baig","Gay"
43973,"Schauser","Khaled"
426946,"Woycyznski","Keung"
291299,"Babb","Stabislas"
240810,"Hofman","Inderjeet"
98085,"Markovitch","Uri"
478853,"Redmiles","Nathan"
235595,"Potthoff","Muneo"
240576,"Raczkowsky","Maris"
260602,"Anger","Kwangho"
229276,"Gihr","Jiann"
427907,"Siepmann","Denis"
108180,"Grospietsch","Eberhardt"
27770,"Mukaidono","Kankanahalli"
71448,"Stamatiou","Seshu"
238117,"Stanfel","Mitsuyuki"
16873,"Wrigley","Gunilla"
219344,"Garigliano","Elzbieta"
28569,"Larfeldt","Uzi"
23734,"Lenart","Fabrizio"
401728,"Danner","Dinkar"
54449,"Gien","Duri"
107307,"Boyle","Eberhardt"
66174,"Gimarc","Ortrud"
423119,"Bratten","Shahar"
223550,"McFarlan","Seongbae"
449263,"Leaver","Aemilian"
54680,"Chenoweth","Akeno"
295388,"Marchesini","Elliott"
476841,"Valiente","Margareta"
292518,"Welham","Mary"
277913,"Bernardinello","Oksana"
35620,"Cardazo","Przemyslawa"
434747,"Anido","Jacqueline"
469296,"Bardell","Kersti"
456422,"Brookman","Francoise"
431603,"Straney","Henk"
475104,"Taubman","Yuchang"
41242,"Salverda","Gita"
422883,"Noriega","Jiang"
53105,"Marchegay","Rosalie"
35543,"Boudaillier","Alejandro"
438994,"Luke","Cullen"
35712,"Marrakchi","Shuky"
401145,"Condotta","Ravishankar"
46830,"Schlegelmilch","Kirk"
474043,"Vanwelkenhuysen","Ymte"
277457,"Schneeberger","Yucai"
72263,"Ressouche","Jouko"
215489,"Fujisaki","Tadahiro"
85267,"Winter","Masaru"
10199,"Ranta","Kazuhisa"
285898,"Schade","Mihalis"
405692,"Seiwald","Douadi"
97247,"Hitomi","Guiseppe"
280584,"Siksek","Hirochika"
49682,"Murtha","Toshimori"
234250,"Mandell","Berni"
211846,"Narlikar","Danny"
202340,"Kumaresan","Nectarios"
106490,"Restivo","Douadi"
82265,"Hettesheimer","Amabile"
245485,"Gill","Shir"
464116,"Swan","Jungsoon"
266733,"Iivonen","Jinpo"
88766,"Melter","Kristin"
214528,"Murtafg","Huai"
276761,"Kropatsch","Shushma"
413509,"Pappas","Fumitake"
421995,"Isaac","Szabolcs"
248758,"Muhlberg","Snehasis"
447076,"Straney","Teruyuki"
13865,"Peir","Junsik"
259441,"Thimonier","Leif"
95756,"Jansch","Sampalli"
258647,"Coorg","Mansur"
85458,"Uludag","Younwoo"
10670,"McAffer","Shunichi"
421127,"Krohn","Kiyotoshi"
44154,"Aloia","Yefim"
239028,"Angel","Surveyors"
92915,"Biran","Susumu"
200637,"Clemencon","Xiahua"
297340,"Famili","Lucian"
262857,"Bahi","Eckart"
256712,"Toyoshima","Shakhar"
279178,"Koblitz","Mohd"
453960,"Montemayor","Jaewoo"
251926,"Lorho","Paris"
94874,"Perry","Gao"
417589,"Mateescu","Hercules"
51222,"Plesums","Xuedong"
220664,"Antonisse","Snehasis"
25089,"Flexer","Takahiro"
294797,"Heydon","Hironoby"
451335,"Xiaoshan","Mrinalini"
234978,"Ambroszkiewicz","Akhilish"
410104,"Bisiani","Gad"
94048,"Bage","Henk"
84304,"Camarinopoulos","Weijing"
207960,"Uludag","Aron"
96121,"Fabrizio","Arve"
242229,"Szmurlo","Barton"
13650,"Chepyzhov","Shaowei"
415636,"Danecki","Danel"
247797,"Rubsam","Xinglin"
15360,"Neiman","Xianlong"
440484,"Chaudhuri","Shigenori"
209597,"Kalefeld","Jiang"
286487,"Papastamatiou","Eldridge"
285863,"Busillo","Leaf"
257042,"Hemaspaandra","Shirish"
44940,"Buchter","Luisa"
207270,"Duclos","Guttorm"
83219,"Erman","Shen"
37379,"Parveen","Yinlin"
39419,"Swist","Van"
35465,"Levasseur","Christfried"
211692,"Hoppenstand","Nalini"
421951,"Benaini","Odoardo"
234653,"Ladret","Feixiong"
99272,"Birge","Yuriy"
277633,"Solares","Rimli"
258576,"Carrere","Vasilis"
100942,"Chinin","Dante"
62608,"Majewski","Make"
408871,"Porotnikoff","Xiaoheng"
249835,"Qiwen","Shen"
447668,"Lanzelotte","Conrado"
213820,"Baranowski","Nahum"
451117,"Ravishankar","Arra"
98843,"Chartres","Kwangyoen"
265610,"Jullig","Zine"
452971,"Ratzlaff","Kshitij"
259020,"Eiter","Gad"
430179,"Serna","Neelam"
265485,"Kriebel","Hilary"
258584,"Takkinen","Howell"
467125,"Cappello","Xinglin"
422693,"Beeson","Nobuyoshi"
293051,"Eiter","Slavian"
214418,"Streit","Honglan"
46391,"Jiang","Nitsan"
23098,"Krider","Yinlin"
107295,"Isaac","Arif"
227032,"Gecseg","Susumu"
420164,"Beeson","Jamaludin"
107976,"Hashii","Valeska"
401568,"Murillo","Vasilii"
22808,"Hitomi","Xuejia"
480245,"Trystram","Arnd"
16620,"Basagni","Arco"
291653,"Strehl","Rafael"
52287,"Petersohn","Maren"
480579,"Ghalwash","Kwan"
288903,"Schrooten","Conrado"
285134,"Decaestecker","Randi"
275295,"Peot","Shridhar"
289973,"Swiler","Stafford"
448865,"Holburn","Kiyotoshi"
216505,"Hiyoshi","Zhiwei"
54800,"Cangellaris","Breannda"
42956,"Bahr","Steen"
447113,"Thorensen","Youpyo"
243884,"Kropp","Renee"
99926,"Penttonen","Aloys"
30422,"Pusterhofer","Masasuke"
21538,"McFarlin","Basil"
467120,"Ohori","Satosi"
49582,"Farris","Hausi"
284142,"Candan","Almudena"
284117,"Gist","Alair"
70351,"Etalle","Shen"
295725,"Asrin","Piyush"
29988,"Carrera","Yuriy"
478352,"Vakili","Jeong"
79027,"Kornyak","Radoslaw"
87115,"Zyda","Charlene"
209324,"Erol","Nimmagadda"
261502,"Peternell","Arve"
211603,"Wallrath","Harjit"
409306,"Stemann","Hein"
404975,"Fontan","Zsolt"
456592,"Wossner","Tesuro"
93981,"Czap","Kensei"
16437,"Nyrup","Val"
75544,"Gonthier","Zhongwei"
427029,"Ramalingam","Samphel"
457562,"Levasseur","Moss"
265072,"Marzano","Udaiprakash"
22914,"Bernick","Mariusz"
480857,"Poujol","Dzung"
96208,"Schusler","Goa"
56136,"Buchter","Ramya"
470206,"Pargas","Katsuo"
408676,"Boguraev","Oksana"
216493,"Lieberherr","Geoff"
37409,"Akaboshi","Niranjan"
36626,"Genin","Fen"
222454,"Clemencon","Nikolaus"
263780,"Jansen","Susanne"
219572,"Maginnis","Jayson"
410937,"Peral","Florina"
205904,"Comyn","Pasqua"
412074,"Wixon","Marjo"
236555,"Luga","Adamantios"
443974,"Miyakawa","Bernd"
408920,"Setia","Ulf"
200027,"Godskesen","Nathalie"
62174,"Denna","Teunis"
411900,"Wynblatt","Mari"
259044,"Choobineh","Hidde"
453004,"Vakili","Kwun"
218785,"Gargeya","Lijia"
431050,"Puoti","Abdulah"
297303,"Zielinski","Gaurav"
259443,"Ramsay","Yongmin"
85936,"Lorie","Almudena"
25324,"Reutenauer","Shounak"
459798,"Chaudhury","Stamatina"
426642,"Zlotek","Remmert"
64547,"Ullian","Pramod"
60487,"Borstler","Kiyotoshi"
283083,"Brickell","Angel"
275639,"Claffy","Kasturi"
34412,"Itzigehl","Christ"
433803,"Barbanera","Serif"
400299,"Haraldson","Anneke"
285526,"Werthner","Babette"
232716,"Bruckman","Manu"
35152,"Lubachevsky","Khaled"
429111,"Clemencon","Pohua"
223003,"Stenning","Alois"
103279,"Vuskovic","Shigeichiro"
477603,"Nyrup","Bernt"
410140,"Marshall","Xianlong"
77496,"Iacovou","Jingling"
460869,"Liesche","Sanjeeva"
13018,"Moehrke","Toshimi"
407865,"DiGiano","Hidde"
55592,"Karcich","Alexius"
409890,"Giveon","Wuxu"
64178,"Conde","Mark"
298033,"Verhoeff","Parto"
83610,"Yemenis","Arch"
437841,"Versino","Mokhtar"
287647,"Solares","Geraldo"
46294,"Linnainmaa","Kwun"
260916,"Christ","Garnik"
84143,"Chartres","Lalit"
65148,"Erbe","Mantis"
217043,"Cyne","Muzhong"
92434,"Budinsky","Chenxi"
283458,"Versino","Giao"
228905,"Montemayor","Holgard"
51925,"Conia","Bader"
241577,"Wendorf","Gao"
221116,"Smeets","Masali"
75574,"Melton","Utpal"
69897,"Kamber","Stamatina"
417791,"Nyanchama","Constantino"
100016,"Schnabel","Yishai"
230280,"Feinberg","Karlis"
400387,"Spinelli","Boaz"
265467,"Schlumberger","Wuxu"
298498,"Rassart","Jiafu"
79998,"Brodal","Kristof"
273944,"Baez","Ger"
204127,"Muhlberg","Radhakrishnan"
201312,"Pocchiola","Tokuyasu"
283600,"Stille","Behnaam"
27062,"Glinert","Franziska"
409926,"Burnard","Makato"
274710,"Lubachevsky","Arfst"
400563,"Dulli","Sreenivas"
222836,"Aloia","Ishfaq"
211317,"Rosca","Lena"
452185,"Matzel","Duri"
438776,"Nishimukai","Taizo"
246621,"Nyrup","Giri"
450260,"Morris","Takahito"
34132,"Wynblatt","Anneli"
28067,"Zallocco","Wayne"
58622,"Kaelbling","Malu"
248980,"Casperson","Tomokazu"
200095,"Kobuchi","Isamu"
98909,"Pews","Kwok"
48641,"Murtagh","Toney"
278245,"Selenyi","Nechama"
223874,"Pauthner","Giao"
219097,"Sommer","Chanjung"
100454,"Rabejac","Jouni"
250070,"Avouris","DeForest"
96719,"Detkin","Maren"
276128,"Alvarado","Mohan"
23594,"Anido","Mooi"
257305,"Validov","Vidar"
89567,"Masand","Kankanahalli"
450028,"Ramras","Ipke"
249720,"Strehl","Dipayan"
65509,"Sury","Yurij"
239959,"Bahk","Nahid"
80015,"Bernick","Martijn"
447236,"Attimonelli","Adhemar"
463724,"Jumpertz","Pranas"
296403,"Flowers","Vojin"
444139,"Kawashimo","Mizuhito"
49755,"Benantar","Xiaobin"
89165,"Vickson","Kiam"
460361,"Vieth","Roddy"
254930,"Birke","Xinyu"
33820,"Suwa","Hisao"
286109,"Ranst","Qingxiang"
469890,"Cardazo","Barna"
273364,"Pocchiola","Urs"
108821,"Majewski","Nishit"
461268,"Anily","Hisao"
74391,"Flasterstein","Jianwen"
235115,"Byoun","Sandeepan"
44524,"Schrooten","Maya"
96765,"Lunt","Kristin"
458387,"Gajiwala","George"
64747,"Oxenboll","Kwangsub"
422027,"Hofstetter","Gil"
211769,"Neimat","Mansur"
24932,"Erbe","Charmane"
467007,"Lally","Siamak"
240369,"Weedon","Baocai"
207449,"Uludag","Yechezkel"
280798,"Jording","Angus"
14969,"Himler","Hongzue"
414606,"Vieri","Sachin"
464046,"Gischer","Kensei"
439825,"Felder","Percy"
77532,"Schlegelmilch","Roselyn"
270939,"Zuberek","Poorav"
51188,"Markovitch","Sanjoy"
36776,"Maliniak","Sushant"
259408,"Kavvadias","Mizuhito"
242593,"Gips","Nimmagadda"
232364,"Vuskovic","Hauke"
454376,"Rosaz","Fabrizio"
242823,"Pesch","Florian"
467758,"Kilgore","Yishai"
473172,"Kampfer","Maja"
11773,"Lorys","Naftaly"
56863,"Bernatsky","Valeska"
51651,"Kaiserswerth","Valdiodio"
449905,"Basawa","Moni"
243101,"Brodal","Sasan"
38239,"Gammage","Ghassan"
57141,"Oxenboll","Mark"
46450,"Zschoche","Arnd"
259361,"Greenaway","Aamod"
222233,"Tanemo","Tianruo"
295342,"Erdi","Serge"
406130,"Koblick","Charmane"
57871,"Hmelo","Pramod"
107447,"Nations","Pintsang"
222419,"Danlos","Jinpo"
71309,"Szemeredi","Zhenbing"
236350,"Shackell","Yifei"
92726,"Doering","Saeed"
224949,"Hofmeyr","Zhanqiu"
211081,"Alpay","Luisa"
68381,"Hasham","Stabislas"
260996,"Pavlopoulou","Dmitry"
286516,"Birge","Kamakshi"
403026,"Baik","Djenana"
464251,"Quadeer","Marin"
221078,"Montemayor","Hauke"
27056,"Hiyoshi","Leen"
415859,"Gonthier","Leon"
276825,"Pell","Sibyl"
232526,"Bernick","Stepehn"
229978,"Nergos","Dzung"
244598,"Zeidenstein","Shigeichiro"
439628,"Sooriamurthi","Mototsugu"
224805,"Isaac","Sanjeeva"
223893,"Baek","Jaana"
253639,"Krone","Arlette"
76636,"Gomatam","Xiaoshan"
23728,"Pileggi","Nishit"
417795,"Borstler","Ferdinand"
201566,"Cronau","Genevieve"
446194,"Marquardt","Toshiki"
276150,"Asmuth","Rosella"
464225,"Langford","Adin"
432487,"Portugali","Guangming"
299986,"Uehara","Yuping"
211861,"Thombley","Kristine"
204864,"Ruther","Steen"
10533,"Smailagic","Mohamadou"
456601,"Sanella","Zeljko"
88667,"Jayawardene","Odysseas"
461874,"Lindqvist","Nevio"
59931,"Sewelson","Suzette"
55105,"Kropp","Magy"
58563,"Bahi","Hongzhu"
231824,"Ohori","Saddek"
246692,"Conti","Lansing"
50674,"Deverell","Marsal"
470520,"McFarlan","Sham"
454957,"Radwan","Nidapan"
108353,"Denna","Utpal"
19978,"Karunanithi","Weicheng"
283812,"Stranks","Barna"
479418,"Schaar","Mostafa"
23258,"Verspoor","Sandeepan"
440144,"Spell","Pohua"
289146,"Honglei","Leif"
54498,"Waschkowski","Fun"
19031,"Pollock","Rosella"
93441,"Valette","Yunming"
98473,"Parfitt","Florian"
258670,"Gaughan","Qingxiang"
449987,"Ariola","Seongbin"
213888,"Herbst","Alair"
43079,"Schoegge","Subhankar"
472711,"Bressoud","Jiong"
39627,"Cooley","Zhaofang"
460440,"Emden","Shen"
31792,"Belinskaya","Rosita"
57325,"Akiyama","Hidde"
425960,"Terkki","Elliott"
240984,"Barbanera","Toong"
232781,"Cummings","George"
68315,"Steinauer","Domenico"
478658,"Streng","Hsiangchu"
405329,"Stranks","Bernardo"
51079,"Denos","Frazer"
446035,"Piazza","Mona"
239935,"Brickell","Fumitake"
445301,"Weedon","Nahid"
206352,"Fandrianto","Ulf"
425739,"Flowers","Denny"
54044,"Muhling","Yuuichi"
60521,"Uhrik","Henk"
280515,"Reghbati","Fai"
466783,"Erdi","Mack"
227635,"Kavraki","Danil"
480090,"Krone","Gad"
471343,"Andreotta","Mabo"
446939,"Pocchiola","Arno"
461692,"Rusterholz","Abdelkader"
244495,"Gunderson","Masoud"
404600,"Spieker","Geoff"
50952,"Rathonyi","Abdulah"
48491,"Azuma","Uwe"
268562,"Eiron","Manton"
406278,"Ranst","Kristian"
15918,"Plesums","Kotesh"
88288,"Percebois","Mabry"
288148,"McConalogue","Chuanti"
402630,"Valiente","Hausi"
403951,"Serov","Yongqiao"
275610,"Eickenmeyer","Remzi"
31639,"Choobineh","Sanjiv"
227208,"Daescu","Kristinn"
200930,"Mitzlaff","Adil"
71900,"Taubman","Kersti"
298307,"Schwaller","Sorina"
224579,"Masada","Wanqing"
59485,"Birrer","Ravishankar"
88326,"Poulakidas","Zijian"
250411,"Sommen","Ranga"
422246,"Kusakari","Francesca"
415117,"Gente","Sudhanshu"
431790,"Brodie","Subbu"
234078,"Iacovou","Doowon"
461907,"Negoita","Van"
19779,"Besselaar","Yinghua"
474341,"Valiente","Marin"
107028,"Rande","Gro"
274098,"Swab","Tze"
204848,"Christianini","Takanari"
61385,"Xiaoshan","Xinan"
74785,"Markovitch","Christ"
288830,"Penz","Goo"
440823,"Kusakari","Kauko"
457282,"Conta","Arra"
236430,"Homond","Randy"
25211,"Piancastelli","Przemyslawa"
44873,"Raczkowsky","Eberhardt"
233388,"Wendorf","Aluzio"
443840,"Fairtlough","Oguz"
272023,"Schicker","Jamaludin"
222984,"Strooper","Yannis"
29789,"Meszaros","Mong"
239725,"Lueh","Aleksandar"
261839,"Aloisi","Magy"
86830,"Waleschkowski","Nikolaos"
439213,"Kaelbling","Shigehito"
412514,"Melski","Yagil"
34223,"Skogmar","Elrique"
14648,"Lorys","IEEE"
201462,"Erva","Jolita"
13871,"Plavsic","Anoosh"
237765,"Bolotov","Yinghua"
428909,"Serot","Arve"
404076,"Pashtan","Arumugam"
274165,"Compeau","Fai"
13423,"Chartres","Giri"
268374,"Porenta","Gladys"
407627,"Kusakabe","Djelloul"
30757,"Boissier","Wonhee"
238402,"Tischendorf","Frederique"
236333,"Krone","Hilari"
46648,"Yoshizawa","Wilmer"
202663,"Legleitner","Mads"
249062,"Ponthieu","Kiyotoshi"
281555,"Taubenfeld","Rildo"
103514,"Schmezko","Marsha"
70536,"Tempesti","Arvin"
476609,"Janetzko","Gonzalo"
427059,"Levergood","Mohan"
84669,"Ushiama","Chaoyi"
220907,"McClure","Pramod"
291023,"Papastamatiou","Pranav"
222490,"Menyhert","Takahiro"
440104,"Setia","Martial"
12919,"Cooley","Owen"
111035,"Kaelbling","Przemyslawa"
75978,"Zhang","Hugh"
201138,"Pulkowski","Larisa"
106358,"Benaini","Fayez"
297795,"Baez","Aksel"
100234,"Kulisch","Elliott"
468823,"McFarlan","Owen"
54152,"Shobatake","Stabislas"
217626,"Haraldson","Ipke"
474453,"Poujol","Zhenbing"
456410,"Copas","Martina"
262070,"Koshiba","Atreyi"
99066,"Ghalwash","Mariusz"
96907,"Hiraishi","Masamitsu"
453517,"Gerteisen","Susuma"
404271,"Champarnaud","Kristof"
10837,"Karlin","Chuanti"
423273,"Saoudi","Gen"
221213,"Ducloy","Chenye"
238867,"Sigstam","Visit"
85400,"Dalton","Manibrata"
25532,"Shrader","Peternela"
473328,"Spieker","Adil"
478509,"Gerlach","Luise"
55986,"Vadhan","Zhiwei"
460385,"Liesche","Kasidit"
404705,"Tetzlaff","Mechthild"
105026,"Karcich","Barna"
48972,"Chepyzhov","Hugo"
54612,"Rohrbach","Oddvar"
419553,"Alencar","Shushma"
296444,"Debuse","Berhard"
467462,"Vingron","Taiji"
462343,"Erni","Shahid"
417374,"Rande","Collette"
421442,"Penttonen","Jiang"
243144,"Norsworthy","Feipei"
446108,"Reinhart","Georg"
289228,"Zyda","Sanjai"
283941,"Czap","Aram"
101126,"Asrin","Yongdong"
267257,"Sidhu","Somnath"
471459,"Pouyioutas","Shounak"
40062,"Nollmann","Divier"
22223,"Openshaw","Inderjeet"
207798,"Gyorkos","Munir"
220257,"Pappas","Eran"
45490,"Otillio","Shan"
15715,"Ibel","Insup"
297801,"Bouloucos","Martijn"
239093,"Skafidas","Lihong"
291546,"Iisaku","Xiaoheng"
427166,"Yetim","Felicidad"
106046,"Gulik","Subir"
443851,"Berztiss","Tadanori"
244176,"Raney","Valdiodio"
249822,"Cairo","Sergi"
106484,"Hiroyama","Yuriy"
59875,"Pargas","Arup"
56212,"Muniz","Cordelia"
415988,"Remmele","Faiza"
232056,"Falck","Barna"
233559,"Jakobus","Sham"
105870,"Schaaf","Elgin"
457246,"Ruther","Xuejia"
478012,"Leivant","Mostafa"
255777,"Rosti","Jungsoon"
451064,"Ginneken","Yannis"
294190,"Muchinsky","Marlo"
217324,"Trumbly","Tristan"
261001,"Leuchs","Uli"
465306,"Munawer","Ghassan"
208607,"Rajala","Gal"
67254,"Kobuchi","Eric"
273478,"Sinicrope","Rayond"
401678,"Frijda","Tomofumi"
223015,"Trachtenberg","Tiina"
45064,"Baar","Rutger"
207697,"Serna","Gonzalo"
72888,"Nitsch","Mario"
244020,"Waymire","Adam"
220927,"Yeung","Miquel"
455856,"Pezzoli","Masaki"
407831,"Lupu","Thodoros"
247473,"Jeansoulin","Berto"
91475,"Raczkowsky","Pranay"
412482,"Barvinok","Zine"
446375,"Kragelund","Arunachalam"
203395,"Apsitis","Leaf"
77786,"Vieth","Munehiro"
230689,"Crabtree","Dietrich"
265334,"Cusworth","Zhensheng"
417332,"Garnier","Stella"
20470,"Ravishankar","JiYoung"
294453,"Dymetman","Xuejia"
445990,"Rosin","Collette"
443041,"Cusworth","Mohamadou"
281433,"Businaro","Xiping"
475046,"Nyrup","Yunming"
470615,"Slutz","Xiaopeng"
269508,"Uchoa","Paddy"
298354,"Rahimi","Kousuke"
49421,"Boudaillier","Susanna"
232558,"Camarinopoulos","Sajjan"
210885,"Gerteisen","Mack"
102649,"Cochrane","Pranjal"
257475,"Maierhofer","Sashi"
404917,"Rohrbach","Sreekrishna"
21413,"Sherertz","Laurentiu"
239782,"Shackel","Indrajit"
90899,"Lieberherr","Arch"
65452,"Xiaoshan","Mansur"
420462,"Highland","Amabile"
431481,"Businaro","Constantijn"
257337,"Kieras","Baziley"
289356,"Kobuchi","Yuqun"
245045,"Marrevee","Nevin"
429832,"Merel","Ortrud"
434928,"Acton","Kenroku"
90827,"Schaaf","Menkae"
81402,"Akazan","Yannik"
219226,"Pillow","Danai"
258156,"Openshaw","Barry"
286419,"Gips","Martine"
238406,"Wegerle","Conor"
227911,"Azadmanesh","Susanne"
41513,"Angelopoulos","Adly"
234031,"Hitomi","Xudong"
23815,"Akaboshi","Minghong"
434719,"Stasinski","Rafael"
239338,"Polupanov","Nitsan"
434580,"Saoudi","Oscal"
419469,"Angot","Subhankar"
280159,"Hettesheimer","Luisa"
39503,"Levergood","Tomoyuki"
13551,"Ducloy","Shuichi"
101366,"Muniz","Gennadi"
247199,"Hartvigsen","JoAnna"
238152,"Pleszkun","Kersti"
16676,"Selenyi","Oguz"
481054,"Zeilberger","Along"
462799,"Maginnis","Xiaoqiu"
417788,"Gewali","Boutros"
19109,"Denis","Jenwei"
78782,"Redmiles","Arnould"
82180,"Luby","Marsha"
426849,"Suermann","Dietrich"
29726,"Murtafg","Shuzo"
201659,"Baaleh","Leandro"
291323,"Maksimenko","Ghassan"
204135,"Schaaf","Shounak"
201790,"Gente","Mary"
48349,"Bultermann","Toong"
414252,"Pouyioutas","Sedat"
269825,"Reeken","Zdislav"
210637,"Jonsson","Mariangiola"
20399,"Lagarias","Yakkov"
241892,"Majewski","Katsuyuki"
267878,"Flexer","Uno"
240650,"Bain","Alagu"
74261,"Chenoweth","Zhilian"
470780,"Bharadwaj","Toney"
72241,"Bharadwaj","Howell"
480730,"Bonifati","Masami"
428427,"Merli","Hitofumi"
102037,"Borovoy","Yongqiao"
434300,"Middleton","Trygve"
30049,"Copas","Along"
473789,"Garrabrants","Hironoby"
87846,"Ruemmler","Genta"
459601,"Hoogerwoord","Baruch"
427514,"Schiettecatte","Khalid"
203505,"Cardazo","Marla"
441094,"Ranon","Sasan"
101538,"Eugenio","Yongmao"
252507,"DiGiano","Rimli"
60602,"Fiebach","Mara"
448225,"Rijsenbrij","Josyula"
230600,"Gomatam","Chandrasekaran"
437167,"Perfilyeva","Valery"
275851,"Glowinski","Panayotis"
43934,"Klerer","Nagui"
412196,"Zongker","Shaunak"
233171,"Moffat","Jinya"
405714,"Hofting","Geoffry"
40226,"Benantar","Hyuncheol"
72210,"Hiyoshi","Roddy"
49670,"Pillow","Jaihie"
465101,"Cronan","Aemilian"
462353,"Wrigley","Khedija"
400503,"Szilard","Tadahiro"
241341,"Yoshimura","Basim"
208801,"Kriebel","Lucian"
403420,"Heystek","Barry"
101180,"Przulj","Subhada"
464500,"Krychniak","Youpyo"
437196,"Pehl","Anyuan"
104474,"Kruskal","Bernt"
100004,"Nitsch","Avishai"
252259,"Ermel","Mechthild"
28946,"Erez","Rafail"
20455,"Schlumberger","Yannis"
243298,"Radhakrishnan","Rajmohan"
242989,"Kroon","Sanjoy"
216601,"Hennebert","Yucel"
251798,"Oxenboll","Urs"
480169,"Schusler","Vitali"
284723,"Ushiama","Izaskun"
252167,"Begiun","Gian"
259757,"Peek","Mikhail"
237359,"Brickell","Brewster"
228170,"Jeong","Jasminko"
24285,"Cronan","Ronghao"
299181,"Schusler","Dietrich"
32819,"Kuhnemann","Percy"
43311,"Chinal","Hongzue"
41600,"Vigier","Adly"
426016,"Zweizig","Kauko"
434329,"Porotnikoff","Jacopo"
223168,"Krzyzanowski","Oksana"
43802,"Boguraev","Elvis"
268880,"Strooper","Mary"
103777,"Erde","Khatoun"
98995,"Eppinger","Chenxi"
475845,"Merkl","Mihalis"
296499,"Muchinsky","Douadi"
435762,"Guenter","Douadi"
473849,"Hofmeyr","Xuejia"
40580,"Siksek","Susumu"
426156,"Toyoshima","Tommaso"
37507,"Quittner","Kamran"
472929,"Panwar","Slavian"
296889,"Doering","Duro"
88185,"Mahnke","JiYoung"
412481,"Montresor","Gal"
255044,"Conry","Kwee"
52623,"Bahi","Djelloul"
60414,"Vitiello","Xuejia"
19668,"Kolinko","Goa"
259571,"Marletta","Trygve"
430380,"Kugler","Marin"
427661,"Sadowski","Girolamo"
421530,"Dalton","Zhensheng"
24994,"Danner","Moriyoshi"
430783,"Baek","Yannis"
84154,"Walston","Premsyl"
472826,"Greenaway","Oldrich"
470558,"Pramanik","Chanjung"
84018,"Panangaden","Fumitaka"
413759,"Colorni","Nikolaos"
10234,"Bakhtari","Arunachalam"
461497,"Baranowski","Dharmaraja"
428084,"Leijenhorst","Yuping"
15501,"Vilarrasa","Mandell"
434812,"Yoshimura","Vishwani"
234102,"Manderick","Khaled"
463570,"Peres","Domenick"
298300,"Slutz","Tzvetan"
287330,"Belinskaya","Houman"
230434,"Segond","Pranav"
56481,"Pettey","Maha"
283078,"Dolinsky","Sumali"
415886,"Vanwelkenhuysen","Licheng"
272425,"Staylopatis","Vugranam"
58981,"Kushner","Kazuhiko"
441080,"DuBourdieux","Constantijn"
259190,"Uhrik","Leon"
283954,"Feldhoffer","Khedija"
283871,"Porotnikoff","Geraldo"
250949,"Falco","Udo"
257040,"Schreiter","Kenroku"
85744,"Papadias","Bouchung"
79393,"Validov","Ziyad"
262669,"Basart","Bokyung"
71366,"Koblitz","Amalendu"
407874,"Swan","Radoslaw"
229262,"Shackel","Kendra"
254443,"Gulik","Marek"
433781,"Chleq","Vasilis"
220941,"Hanratty","Jenwei"
77440,"Zallocco","Xumin"
248124,"Standera","Oksana"
79438,"Matzel","Abdelaziz"
54746,"Liesche","Ramzi"
35505,"Sessa","Barry"
104027,"Ramaiah","Tsvetan"
54943,"Kroft","Jongsuk"
84648,"Siepmann","Piyush"
87210,"Tyugu","Aleksandar"
444084,"Bresenham","Domenico"
21465,"Terwilliger","Shalesh"
404171,"Berstel","Richara"
253063,"Vigier","Mona"
86849,"Piveteau","Kiam"
282271,"Perl","Perla"
266659,"Stasinski","Pasqua"
249133,"Escriba","Shem"
79271,"Ratnakar","Jiang"
409014,"Peng","Kauko"
265236,"Hettesheimer","Lokesh"
228580,"Brodal","Anyuan"
64145,"Cardazo","Aluzio"
18628,"Mahmud","Srinidhi"
76448,"Pfau","Sastry"
19436,"Vendrig","Heping"
293112,"Esposito","Martina"
258625,"Ghelli","Shaz"
410818,"Bazzichi","Jiakeng"
270735,"Beausoleil","Yucai"
34330,"Mansanne","Barun"
294932,"Perly","Aram"
79627,"Lundstrom","Kristen"
481984,"Ambroszkiewicz","Jayesh"
47463,"Chandrasekhar","Shahab"
265543,"Alameldin","Nevio"
452504,"Rajala","Nectarios"
435435,"Piancastelli","Qingxiang"
20428,"Laventhal","Vivian"
247243,"Munoz","IEEE"
253118,"Greenaway","Abdelghani"
18265,"Puppo","Shir"
469094,"Calkin","Pranav"
15000,"Bahi","Thanasis"
454978,"Chandrasekhar","Yannik"
241213,"Fritzsche","Kazuhito"
95310,"Rouquie","Remmert"
400682,"Nitta","Huai"
437909,"Kampfer","Waiman"
27208,"Auyong","Mats"
436431,"Hutton","Uriel"
257529,"Theuretzbacher","Dmitry"
76950,"Legleitner","Mechthild"
278367,"Thiria","Fumiyo"
230032,"Pagter","Gadiel"
59888,"Brookman","Martial"
208704,"Hatcliff","Tooru"
446011,"Matteis","Annemarie"
429101,"Peak","Munir"
231040,"Liesche","Heekeun"
66294,"Hockney","Florina"
248260,"Maierhofer","Monique"
64158,"Fujisawa","Yechiam"
264341,"Staelin","Shin"
56589,"Goldhammer","Martial"
403202,"Onuegbe","Honglan"
447780,"Boudaillier","Luerbio"
205382,"Brlek","Volkmar"
104237,"Luef","Nitsan"
475127,"Demizu","Dmitri"
276419,"Lortz","Yuguang"
295094,"Alpay","Hitomi"
76325,"Maierhofer","Rosalie"
93763,"Jullig","Kazuhisa"
463064,"Facello","Wilmer"
99009,"Shimshoni","Kolar"
245097,"Maquelin","Xianlong"
209822,"Gruenwald","Minghong"
275969,"Brandsma","Hsiangchu"
93058,"Comyn","Zhensheng"
458599,"Rossi","Adam"
292601,"Felder","Zdislav"
245158,"Apsitis","Arto"
82950,"Anandan","Guenter"
472809,"Renear","Van"
256023,"Thisen","Masami"
102078,"Vural","Sungwon"
283250,"Schmittgen","Mohan"
51952,"Carrera","Kinh"
77962,"Majewski","Kazuhide"
458287,"Hertweck","Adly"
220151,"DeMori","Sailaja"
83683,"Zallocco","Munehiro"
25562,"Menhardt","Bernardo"
404831,"Narahara","Gregory"
442617,"Nishimukai","Serap"
29946,"McClure","Shooichi"
430721,"Chachaty","Boriana"
72769,"Gire","Shaowen"
20971,"Chaudhuri","Toshimi"
212736,"Rande","Jaroslava"
467414,"Ramalingam","Yurij"
403154,"Szilard","Giap"
97634,"Peroz","Youpyo"
297252,"Lorch","Collette"
230207,"Passafiume","Krassimir"
230597,"Kropatsch","Snehasis"
254821,"Couchot","Tonny"
46821,"Diderrich","Gian"
428282,"Ranon","Yifei"
456708,"Schaaf","Gita"
429846,"Brattka","Maren"
279116,"Emiris","Shaz"
274032,"Uhrik","Roddy"
405287,"Syrzycki","Venkatesan"
448612,"McAffer","Kwun"
292911,"Diderrich","Thodoros"
250412,"Hartvigsen","Kien"
246942,"Yoshimura","Qunsheng"
239549,"Versino","Turgut"
437698,"Murillo","Make"
33987,"Qiwen","Guadalupe"
19414,"Kropatsch","Toong"
260110,"Sidou","Yefim"
241917,"Poupard","Wuxu"
278968,"Billingsley","Niclas"
212484,"Chepyzhov","Saeed"
250021,"Khasidashvili","Honesty"
108239,"Beeson","Barna"
83312,"Rathonyi","Zhiguo"
466723,"Lundstrom","Vugranam"
109216,"Imataki","Saddek"
284328,"Pluym","Roddy"
92992,"Perly","Bezalel"
88092,"Hartvigsen","Barna"
40977,"Sinicrope","Elvia"
449487,"Codenie","Yonghong"
256968,"Maginnis","Ramzi"
236536,"Bernini","Mats"
419360,"Peris","Bernd"
233862,"Rosiles","Xiaoqiu"
79340,"Demke","Xiaoheng"
89117,"Linares","Saeed"
103015,"Pietrzykowski","Kwangho"
236016,"Rohrbach","Zongyan"
38859,"Assaf","Hiroyasu"
410565,"Aseltine","Xiadong"
283764,"Oxman","Arif"
84210,"Serra","Kwangho"
42604,"Miake","Panayotis"
417354,"Perng","Shigeaki"
296274,"Soloway","Weiyi"
16286,"Stille","Gritta"
267358,"Einsfeld","Zengping"
225255,"Shumilov","Dharmaraja"
281621,"Dulli","Beshir"
25658,"Kuszyk","Torsten"
20844,"Ginneken","Shigehiro"
206277,"Toyoshima","Candida"
272465,"Rikino","Niranjan"
420946,"Bultermann","Kwun"
456455,"Baar","Arne"
102452,"Zaccaria","Giordano"
455024,"Munck","Reinhold"
233686,"Winter","Chenye"
245445,"Flexer","Yaghout"
66749,"Bazelow","Jayson"
49528,"Baig","Kristen"
406161,"Butner","Tianruo"
248605,"Berztiss","Kayoko"
55166,"Panwar","Qiwen"
432617,"DuCasse","Shunichi"
49422,"Wolniewicz","Lillian"
426252,"Morrin","Weiyi"
425686,"Hambrick","Yinghua"
424601,"Rattan","Aluzio"
288592,"Bhattacharjee","Jouko"
87088,"Pappas","Sasan"
70481,"Kushnir","Jolita"
436380,"Rosaz","Serap"
62221,"Ghemri","Hyuncheol"
54417,"Sadowsky","Danny"
289815,"Molberg","Jolita"
282711,"Ponthieu","Shahab"
478978,"Guenter","Hatem"
454890,"Tanemo","Xiaopeng"
228812,"Birsak","Fay"
32001,"Attimonelli","Mari"
464947,"Lanzelotte","Holgard"
46637,"Shackel","Mayuko"
25161,"Rosca","Bokyung"
56581,"Cappello","Zhenbing"
34534,"Rabejac","Alois"
271846,"Koshino","Abdelghani"
82286,"Genin","Radhika"
56609,"Hockney","Alair"
36606,"Peltason","Dipankar"
442184,"Tchuente","Renee"
268620,"Kossowski","Leszek"
43566,"Gecseg","Sreekrishna"
206184,"Naudin","KayLiang"
205037,"Speek","Ferdinand"
406270,"Kenevan","Ayakannu"
232293,"Halevi","Niclas"
60631,"Marletta","Khue"
237600,"Flexer","Saniya"
59364,"Miake","Fumiyo"
474403,"Waschkowski","Pasqua"
444230,"Fabrizio","Ayonca"
13762,"Choobineh","Fumino"
417246,"Hellwagner","Rance"
80757,"Kavvadias","Seongbin"
47513,"Thorelli","Shietung"
407856,"Velardi","Naftaly"
253648,"Millington","Tesuya"
276258,"Denis","Ulf"
18538,"Walstra","Udo"
16836,"Nergos","Mostafa"
481823,"DeMori","Keung"
441242,"Shackel","Persi"
240522,"Litecky","Somnath"
453559,"Crabtree","Ramalingam"
246161,"Litvinov","Xudong"
93613,"Gaughan","Mayumi"
271959,"Puppe","Tzvetan"
73928,"Ballarin","Sanjoy"
443551,"Pulkowski","Matk"
412421,"Demos","Gina"
459990,"Bala","Eberhardt"
57101,"Hanabata","Moie"
258110,"Cullers","Yuping"
453912,"Osgood","Inderjeet"
439080,"Silva","Guther"
284990,"Theuretzbacher","Froduald"
97654,"Wynblatt","Martijn"
259932,"Matteis","Ennio"
276905,"Menhoudj","Huai"
441537,"Escriba","Gianluca"
417775,"Demian","Stabislas"
242865,"Shinomoto","Hidefumi"
233345,"Tramer","Alexius"
10107,"Baca","Dung"
409551,"Stentiford","Iara"
69578,"Sewelson","Shim"
222968,"Biran","Vidar"
257461,"Ramaiah","Leah"
80823,"Baca","Willard"
460550,"Pauthner","Ung"
453857,"Maginnis","Chirstian"
472495,"Kopetz","Suebskul"
208732,"Bridgland","Arvin"
289577,"Loncour","Kazuhisa"
46286,"Pusterhofer","Taizo"
77943,"Usery","Samphel"
445635,"Skogmar","Bilhanan"
284395,"Broder","Mariusz"
400966,"Percebois","Izaskun"
88975,"Baak","Miomir"
405607,"Guardalben","Koldo"
442309,"Pramanik","Djenana"
249005,"Plump","Yongqiao"
294487,"Ozery","Mohammad"
287225,"McFarlin","Rayond"
259542,"Quaggetto","Heekeun"
106838,"Luke","Hatem"
409564,"Fujisaki","Uno"
277908,"Kohling","Larisa"
64354,"Danley","Rimon"
257436,"Dahlbom","Arlette"
250338,"Vitiello","Alejandra"
33167,"Worfolk","Saeko"
286465,"Billingsley","TRUE"
36253,"Isard","Troy"
201279,"Aloisi","Tsz"
424383,"Zultner","Steen"
83861,"Deverell","Mabry"
222996,"Reutenauer","Caolyn"
62493,"Binding","Mana"
279900,"Menhardt","Leon"
280664,"Falck","Florian"
261238,"Polajnar","Anneke"
247266,"Georg","Jordanka"
419446,"Vernadat","Kotesh"
286250,"Thorelli","Zsolt"
17208,"Melichar","Kiyokazu"
433157,"Serna","Tomofumi"
424512,"Borovoy","Werner"
70241,"Garigliano","Arumugam"
37551,"Boyle","Sajjad"
253247,"Kornyak","Lene"
218044,"Veevers","Maia"
100392,"Hitomi","Salvador"
11720,"Heusch","Abdulla"
247312,"Parfitt","Atreyi"
222211,"Hennebert","Gully"
12373,"Driscoll","Mooi"
411837,"Zuberek","Pohua"
203612,"Decaestecker","Shigenori"
75583,"Anguita","Kwangho"
229834,"Katzenelson","Florian"
34634,"Gire","Maja"
444617,"Couchot","Jaewoo"
405719,"McFarlin","Moto"
68292,"Asser","Hisao"
53992,"Chiodo","Yannik"
463715,"Simkin","Nevio"
293685,"Bain","Ishfaq"
269090,"Munck","Pramod"
447232,"Schaaf","Aleksander"
450937,"Ananiadou","Mahendra"
427010,"Frolund","Mingsen"
104573,"Cronau","Suebskul"
88334,"Decaestecker","Gererd"
269224,"Zwicker","Shahab"
227815,"Rijsenbrij","Alejandra"
28159,"Takanami","Chrisa"
65903,"Jakobus","Srinidhi"
20776,"Geffroy","Jiann"
62909,"Rissland","Lenore"
77310,"Erde","Tremaine"
227662,"Preusig","Gou"
278588,"Comyn","Radhakrishnan"
15674,"Journel","Sachio"
246278,"Pardalos","Yoshimitsu"
81351,"Nishimukai","Constantino"
258920,"Jiafu","Qiwen"
106551,"Einsfeld","Duro"
256666,"Strooper","Manton"
90663,"Montemayor","Pramod"
33816,"Irland","Nakhoon"
221504,"Furedi","Berto"
212584,"Penn","Chiradeep"
245077,"Marshall","Troy"
222367,"Linnainmaa","Stamatina"
267338,"Cappello","Rosita"
100746,"Rehfuss","Heather"
61401,"Lakshmanan","Tadahiro"
27640,"Thambidurai","Brendon"
458194,"Kugler","Ranan"
21240,"Schaaf","Vasilis"
435004,"Haldar","Elvis"
91795,"Cullers","Bojan"
428459,"Pietrzykowski","Khoa"
106870,"Birsak","Jackson"
50847,"Erdmenger","Souichi"
268812,"Srimani","Torsten"
42823,"Grabner","Mahendra"
65835,"Beetstra","Arra"
239554,"Melichar","Vasilii"
43741,"Oberman","Jianhao"
298370,"Douceur","Tsz"
288852,"Monarch","Hongzhu"
42236,"Felder","Poornachandra"
222218,"Matzat","Duangkaew"
101564,"Liedekerke","Gay"
277693,"Zobel","Shalesh"
107755,"Kitai","Yagil"
420144,"Bernini","Tzvetan"
231442,"DeMori","Parto"
232013,"Falby","Hidde"
90880,"Einsfeld","Prodip"
443341,"Kakkar","Heejo"
75987,"Narahara","Pradeep"
10468,"Shobatake","Yoshimitsu"
59434,"Smailagic","Saddek"
460890,"Azulay","Danny"
42551,"Pagter","Yakichi"
98270,"Kawashimo","Kinh"
40329,"Gewali","Berni"
434962,"Baez","Juyoung"
36953,"Butner","Lihong"
13179,"Janocha","Moty"
30132,"Ladret","Yuqun"
400086,"Muhlberg","Huican"
77576,"Chimia","Rosalie"
51537,"Smeets","Radhakrishnan"
260339,"Juneja","Marke"
294971,"Malinowski","Zine"
441195,"Egerstedt","Sajjan"
447002,"Callaway","Ishfaq"
41258,"Hutton","Shaw"
104010,"Fortenbacher","Adly"
274750,"Nollmann","Gita"
45307,"Comyn","Krassimir"
95483,"Underwood","Mario"
464463,"Flasterstein","Eberhardt"
454717,"Spinelli","Ymte"
243853,"Covnot","Erzsebet"
33068,"Garnick","TRUE"
459320,"Breugel","Zeydy"
214397,"Szemeredi","Taiji"
290994,"Isaak","Venkatesan"
16838,"Cronin","Martien"
83677,"Thibadeau","Sahrah"
446254,"Luit","Arve"
406069,"Honiden","Deborah"
445368,"Noriega","Bouchung"
407641,"Curless","Perla"
473068,"Puppo","Spyrose"
415243,"Riexinger","Neven"
18018,"Schrooten","Sasan"
31890,"Shiratori","Dekang"
29218,"Benantar","Khaled"
96488,"Lund","Feixiong"
222891,"Anido","Honglan"
264054,"Horswill","Gilbert"
65156,"VanScheik","Bikash"
64204,"Deville","Debaprosad"
205036,"Argence","Tadanori"
428646,"Radwan","Yefim"
453596,"Petersohn","Boutros"
224308,"Ranta","Yahiko"
38255,"Flexer","Zine"
58371,"Msuda","Vugranam"
410574,"Czap","Shuichi"
287094,"Caine","Doowon"
66099,"Grospietsch","Navid"
43749,"Hennebert","Jayson"
454258,"Bouloucos","Randy"
412948,"Lindqvist","Siddarth"
50870,"Chinin","Jouni"
85852,"Weedon","Florina"
410229,"Zultner","Holgard"
457605,"Kakkar","Miomir"
479817,"Aloia","Kiyokazu"
47288,"Ratnaker","Nishit"
437425,"Bardell","Ennio"
275980,"Ponthieu","Mostafa"
30831,"Kermarrec","Arno"
265979,"Sevcikova","Guoxiang"
46386,"Demir","Pantung"
403581,"Rosca","Adas"
261556,"Camurati","Mary"
91185,"Mahmud","Anneli"
16285,"McFarlan","Ghassan"
261075,"Esposito","Chandrasekaran"
59543,"Molenaar","Behnaam"
51272,"Nooteboom","Godehard"
22379,"Piazza","Kwangho"
108460,"Peroz","Roded"
38155,"Schwartzbauer","Anestis"
34372,"Fiutem","Sushant"
432558,"Dechter","Ronghao"
428755,"Schlegelmilch","Charmane"
423937,"Denos","Barton"
253266,"Luft","Perry"
475422,"Diderrich","Shahab"
25414,"Haraldson","Leandro"
218674,"Lipner","Toshiko"
68259,"Ginneken","Jungsoon"
212782,"Pollock","Oldrich"
34069,"Schiper","Mayuko"
462427,"Akaboshi","Sailaja"
48743,"Lichtner","Theirry"
424275,"Lamparter","Kamran"
290963,"Bultermann","Kristina"
226839,"Genther","Cristinel"
86877,"Jiafu","Mingdong"
285892,"Baaleh","Mayuko"
404036,"Cesareni","Pranas"
54495,"Kaltofen","Elliott"
102224,"Wilharm","Toshimi"
99950,"Schaap","Along"
96936,"Mitina","Eishiro"
24793,"Brizzi","Kristen"
60216,"Lichtner","Elrique"
213890,"Spinelli","Vatsa"
220234,"Viele","Nobuyoshi"
208336,"Ibel","Ranga"
207730,"Narahara","Kasturi"
454511,"Navazio","Yuping"
210806,"Borovoy","Rimli"
17283,"Staylopatis","Vishv"
427956,"Panienski","Pranay"
405869,"Mayerwieser","Mamdouh"
43182,"Collette","Prasadram"
291940,"Tiemann","Shakhar"
60784,"Claffy","Stella"
429028,"Seiwald","Ibibia"
29398,"Servi","Chandrasekaran"
20449,"Kakkad","Hercules"
282534,"Biros","Sasan"
433256,"Lorho","Odysseas"
23664,"Tomescu","Maren"
45313,"Schusler","DAIDA"
271474,"Polupanov","Pradeep"
267954,"Salvesen","Yannik"
452752,"Beausoleil","Jaroslava"
21804,"Scharstein","Karlis"
101362,"Maierhofer","Saddek"
457199,"Matteis","Cathie"
204923,"Raney","Subhada"
426426,"Ponthieu","Mong"
73481,"Hettesheimer","Khaled"
286090,"Sewelson","Shaw"
225716,"Zaccaria","Sadun"
233188,"Jenevein","Tayeb"
97459,"Vecchi","Paddy"
86577,"Wegerle","Shaz"
22624,"Sridhar","Serif"
69625,"Taneja","Remmert"
421172,"Danley","Heejo"
25614,"Kisuki","Danel"
405229,"Gecsel","Keung"
70459,"Lores","Hitofumi"
21898,"Driscoll","Mayuri"
436171,"Sidhu","Souichi"
405364,"Wixon","Cullen"
16014,"Zizka","Rance"
413076,"Vandervoorde","Sanjeeva"
25120,"Menyhert","Uma"
252428,"Greenaway","Erez"
17914,"Falco","Sanjeeva"
258495,"Makinen","Toshimi"
97559,"Mawatari","Zhaofang"
107830,"Ladret","Sungwon"
438299,"Ernst","Ronnie"
414418,"Vidya","Yongdong"
294750,"Dratva","LiMin"
260182,"Hiraishi","Nimmagadda"
98428,"Dalton","Tonny"
26922,"Emmerich","Sven"
462002,"Servieres","Chenxi"
282448,"Brobst","Jianwen"
257225,"Lanteri","Yuping"
40411,"Stifter","Ute"
224266,"Leaver","Insup"
18527,"Trelles","Rosli"
404194,"Perez","Mona"
402825,"Zyda","Djelloul"
29011,"Vilarrasa","Bernd"
25444,"Badr","Surveyors"
88354,"Jiafu","Lijia"
256570,"Lanzelotte","Turgut"
100965,"Bultermann","Lucian"
470572,"Melski","Randy"
214195,"Melichar","Collette"
453953,"Krone","Vatsa"
211658,"Sidje","Jianhui"
429178,"Servi","Fabrizio"
46331,"Birch","Mokhtar"
414987,"Setiz","Mohamadou"
476554,"Antonakopoulos","Reinhard"
262174,"Rouquie","Akeno"
253662,"Diderrich","Gilbert"
45141,"Lamba","Shan"
259366,"Pettey","Yinghua"
26764,"Tischendorf","Mitsuyuki"
426935,"Terwilliger","Gino"
69304,"Meszaros","Jaideep"
210417,"Fortenbacher","Phule"
423868,"Carrera","Mayuri"
60909,"Bail","Mani"
30601,"Cyne","Gilbert"
246248,"Junot","Jacopo"
209371,"Aloia","Karsten"
282298,"Lubachevsky","Kwok"
28281,"Oxenboll","Adhemar"
292926,"Krogh","Yuuichi"
61294,"Schwabacher","Uli"
480449,"Potthoff","Atreye"
293806,"Khamsi","Yinlin"
206138,"Skrikant","Gen"
253585,"Giaccio","Miomir"
231022,"Schrooten","Zongyan"
51118,"Mundy","Fumiko"
45710,"Kropatsch","Christ"
58231,"Pauthner","Marjo"
229911,"Jansen","Ingmar"
105766,"Callaway","Boutros"
433417,"Carrera","Surveyors"
19420,"Byoun","Howell"
203319,"Ramsay","Caolyn"
255254,"Vural","Jiafu"
291114,"Munawer","Zeydy"
254204,"Reinhart","Goo"
274991,"Gide","Xinyu"
254897,"Serot","KayLiang"
68941,"Verhoeff","Theron"
279104,"Gulla","Hongzue"
201455,"Conde","Yagil"
13238,"Foote","Ebru"
458623,"Manderick","Wuxu"
41582,"Grabner","Apostol"
35699,"Blokdijk","Divine"
283545,"Rotem","Claude"
478088,"Vanwelkenhuysen","Ung"
291219,"Munch","Guoxiang"
288846,"Krupka","Ramzi"
218212,"Cheshire","Navin"
421619,"Liesche","Gen"
271701,"Poehlman","Shooichi"
37751,"DuBourdieux","Jacopo"
89113,"Rosch","Takanari"
414608,"Undy","Pranjal"
226401,"Ohori","Fatemeh"
413668,"Vuskovic","Kwangyoen"
459689,"Badache","Krister"
421880,"Pelz","Fumino"
220459,"Bahk","Ekawit"
22278,"Kermarrec","Paris"
470388,"Chaudhuri","Chirstian"
469651,"Ananiadou","Gaetan"
32877,"Boudaillier","Qiwen"
58421,"Vickson","Sanjay"
200213,"Choobineh","Denis"
453942,"Fadgyas","Yonghong"
297676,"Kermarrec","Cedric"
30697,"Kruskal","Zengping"
476704,"Lindenbaum","Laurentiu"
79583,"Chelton","Serge"
283449,"Taubenfeld","Chikako"
422792,"Heemskerk","Tamiya"
400192,"Sessa","Gennadi"
17616,"Gecseg","Radhia"
24304,"Cyne","Xinan"
89931,"Sundgren","Vincent"
286718,"Bage","Weijing"
69842,"Pews","Jackson"
279326,"Prampolini","Kwok"
252058,"Shiratori","Fusako"
425647,"Colorni","Caolyn"
234841,"Guardalben","Erzsebet"
249474,"Gustavson","Steen"
96715,"Merle","Valeri"
24892,"Fasbender","Sham"
461363,"Rajcani","Achilleas"
93225,"Docker","Xiadong"
77251,"Michaels","Barry"
44564,"Liesche","Naraig"
23948,"Collette","Gay"
208949,"Waschkowski","Nimmagadda"
426545,"Erdi","Jiang"
92607,"Pulkowski","Haldun"
23223,"Loncour","Radoslaw"
286330,"Bottner","Kenton"
50061,"Crelier","Hatem"
229296,"Beznosov","Make"
14721,"Vanwelkenhuysen","Jordanka"
209733,"Hooghiemstra","Subhash"
89252,"Heuser","Kiyokazu"
76359,"Hartvigsen","Dannz"
467597,"Brlek","Mack"
436203,"Dalphin","Jaideep"
246959,"Lindenbaum","Tomoyuki"
427780,"Montresor","Khue"
208665,"Beznosov","Kayoko"
35935,"Covnot","Zhilian"
39439,"Domenig","Lidong"
94071,"Morrey","Etsuo"
37335,"Curless","Chandrasekaran"
426010,"Koblitz","Utpal"
417670,"Ventosa","Susanta"
470782,"Henders","Fen"
243003,"Jonsson","Toshiko"
403572,"Ginneken","Qunsheng"
297330,"Rikino","Gianluca"
202889,"Perz","Heather"
470727,"Nitsche","Shahid"
428559,"Felcyn","Kazuhide"
273580,"Munos","Chinhyun"
80785,"Eastman","Elrique"
266590,"Wissmann","Toshimi"
75229,"Bellone","Hironobu"
415850,"Schmiedel","Beshir"
453844,"Kirkerud","Geraldo"
424054,"Camarinopoulos","Halsur"
299722,"Begiun","Douadi"
47700,"Poulakidas","Rasiah"
457026,"Narahari","Fay"
50744,"Falby","Kaijung"
69717,"Gecsei","Boalin"
443873,"Ramsay","Vatsa"
204549,"Terkki","Hitomi"
22016,"Feldhoffer","Divine"
475920,"Matzke","Bogdan"
413429,"Haddadi","LiMin"
298787,"Parfitt","Marjo"
480622,"Munke","Hatem"
403987,"Diderrich","Sudhanshu"
218432,"Pettit","Eran"
81946,"Osgood","Panayotis"
467027,"Gewali","Stevo"
463471,"Gimbel","Wuxu"
443145,"Ambroszkiewicz","Weiwu"
27059,"Atrawala","Arumugam"
11329,"McConalogue","Limsoon"
241470,"Journel","Sangeeta"
447030,"Isaak","Hairong"
208323,"Coney","Bader"
444100,"Sundgren","Fei"
206959,"Sullins","Mandell"
400114,"Stasinski","George"
257997,"Polajnar","Karlis"
263934,"Kitai","Yonghong"
226387,"Eterovic","Inderjeet"
453342,"Matzel","Sashi"
272767,"Schwartzburd","Jongsuk"
246582,"Sifakis","Mabo"
231711,"Rissland","Pradeep"
49439,"Speek","Turgut"
16538,"Perng","Radhakrishnan"
423521,"Hutton","Kiam"
56513,"Hinsberger","Saddek"
435131,"Bhattacharjee","Ramalingam"
11149,"Imataki","Domenico"
438114,"Bednarek","Sachem"
283385,"Maccarone","Weiru"
280525,"Herbst","Kish"
50103,"Verspoor","Randy"
447090,"Peres","Shunichi"
286917,"Ambroszkiewicz","Shigehito"
218401,"Miyakawa","Shounak"
411593,"Zongker","Debaprosad"
421910,"Reeker","Fumiyo"
222499,"Gunderson","Yurij"
95204,"Lammel","Samphel"
99859,"Ulupinar","Eckart"
446332,"Bresenham","Guoxiang"
211023,"Plump","Kwun"
424968,"Gajiwala","Kazuhide"
88194,"Litzler","Luisa"
38031,"Heijenga","Haldun"
210714,"Ponthieu","Maja"
422860,"Quaggetto","Divier"
106630,"Maliniak","Vojin"
279540,"Aamodt","Luisa"
54718,"Garnier","Mihalis"
452418,"Bale","Jeong"
60709,"Dusink","Tsutomu"
288103,"Kropatsch","Yuguang"
241430,"Fioravanti","Nikolaus"
240816,"Heusch","Ymte"
206656,"Oehlmann","Jeane"
247007,"Matzov","Ugo"
472911,"Alameldin","Wonhee"
454647,"Honiden","Kayoko"
426749,"Perin","Tadanori"
408367,"Kieras","Shiv"
73982,"Poehlman","Kitty"
70925,"Birke","Guozhong"
64253,"Ghemri","Baziley"
231696,"Silva","Foong"
204757,"Vigier","Kensei"
225527,"Heuter","Shichao"
250015,"Coombs","DAIDA"
80078,"Chinal","Tamiya"
453402,"Karner","Fumiyo"
481799,"Maquelin","Sampalli"
223171,"Speckmann","Torsten"
73713,"Itzfeldt","Elvia"
427755,"Tsukuda","Yunming"
427197,"Varker","Collette"
42011,"Simkin","Heejo"
271835,"Rotem","Sandeepan"
30179,"Krzyzanowski","Shirish"
53848,"Gide","Khosrow"
207267,"Hooghiemstra","Danel"
52801,"Jiang","Tran"
474284,"Sessa","Chiradeep"
36410,"Steenbeek","Navin"
101282,"Klerer","Martial"
236057,"Cairo","Kristine"
89292,"Gniady","Maik"
230286,"Linnainmaa","Clyde"
245316,"Noriega","Filipp"
467307,"Kuszyk","Niclas"
229862,"Ghalwash","Luisa"
68296,"Benzmuller","Koichi"
469803,"Gire","Hideyuki"
232313,"Schiettecatte","Raimond"
230027,"Claffy","Thodoros"
55400,"Anger","Eckart"
475181,"Terwilliger","Ebbe"
255507,"Terlouw","Shuji"
43413,"Kawashimo","Jouni"
231740,"Gustavson","Kyoichi"
470219,"Schlumberger","Chikako"
424210,"Bodoff","Geraldo"
17170,"Birdsall","Brewster"
293460,"Conry","Kazuhito"
258632,"Slaats","Fei"
46567,"Kirkerud","Khatoun"
406390,"Terlouw","Stevo"
105296,"Peha","Conor"
446947,"Waeselynck","Irene"
463296,"Chorvat","Xiaoshan"
452842,"Liesche","Yurij"
17007,"Fujisawa","Muzhong"
108135,"Ishibashi","Heekeun"
292499,"Mayerwieser","Takahira"
402060,"Adachi","Sigeru"
297149,"Busillo","Alagu"
410933,"Baak","Garnet"
289818,"Boguraev","Ashish"
21021,"Nivat","Kankanahalli"
60312,"Waschkowski","Guther"
469125,"Barreiro","Tristan"
432998,"Kuhnemann","Sumali"
287293,"Rosch","Gao"
248516,"Heering","Mads"
293154,"Maliniak","Syozo"
200811,"Scallan","Tooru"
70995,"Muchinsky","Katsuyuki"
444914,"Domenig","JoAnna"
471964,"Leaver","Janche"
474346,"Maccarone","Hyuncheol"
64014,"Marrevee","Chaoyi"
210549,"Kermarrec","Macha"
418394,"Schoegge","Takanari"
55617,"Bage","Sanjeeva"
23040,"Genin","Sukumar"
96902,"Ozeki","Khalil"
210781,"Shigei","Yongdong"
214436,"Panangaden","Ashish"
479089,"Viele","Hatem"
49667,"Pashtan","Sakthirel"
282980,"Hoppenstand","Jingling"
67968,"Narahara","Christoper"
255675,"Poulakidas","Moheb"
85411,"Levasseur","Qiwen"
231624,"Eickenmeyer","JoAnne"
69030,"Pusterhofer","Taisook"
29527,"Oaver","Adamantios"
81935,"Glowinski","Weiyi"
235050,"Vesna","Aleksandar"
218591,"Hofting","Christfried"
77375,"Markovitch","Nalini"
424999,"Kulisch","Mizuhito"
290010,"Lodder","Fox"
289542,"Luft","Selwyn"
20848,"Shinomoto","Feixiong"
454219,"Schaft","Aral"
412545,"Felder","Minghong"
421315,"Panienski","Xiaopeng"
28548,"Vieri","Nimmagadda"
109438,"Luef","Zine"
277247,"Vickson","Christ"
424731,"Staudhammer","Huican"
109350,"Gihr","Uli"
80759,"Thorelli","Uli"
277140,"Oberman","Fei"
266550,"Rouquie","Yuriy"
280365,"Sambasivam","Xiaoshan"
273715,"Krogh","Radhakrishnan"
260324,"Aamodt","Salvador"
30740,"Plesums","Zhonghua"
296492,"Hofting","Thanasis"
16750,"Hinsberger","Alejandro"
70225,"Porotnikoff","JoAnne"
481056,"Kakkad","Sachem"
270108,"Servieres","Lidong"
419485,"Norsworthy","Bernardo"
84250,"Perna","Tetsushi"
46388,"Pluym","Valery"
464670,"Alpin","Ortrun"
291085,"Paludetto","Zhenbing"
443564,"Brandsma","Jouko"
412544,"Bhattacharjee","Haldun"
16808,"Katiyar","Kiyokazu"
284014,"Broomell","Mizuhito"
43889,"Navazio","Shai"
229547,"Schach","Moni"
432892,"Ozeki","Debatosh"
429754,"Undy","Alexius"
412233,"Fritzsche","Fumiko"
91261,"Munos","Adil"
84774,"Itzigehl","Aram"
408807,"Tanemo","Hsiangchu"
240898,"Ghalwash","Shaw"
205890,"Chenoweth","Georgi"
73107,"Xiaoshan","Lucian"
18892,"Matzat","Kamakshi"
262127,"Codenie","Golgen"
254370,"Schwartzburd","Khedija"
435553,"Moffat","Somnath"
201818,"Kulisch","Zhonghui"
35845,"Broder","Srinidhi"
466073,"Karner","Sigeru"
412494,"Reutenauer","Greger"
478231,"Sifakis","Tze"
290707,"Jeong","Tiina"
75741,"Birsak","Candido"
66877,"Rissland","Shaleah"
204910,"Middleton","Uwe"
77704,"Pagter","Weiyi"
252748,"Ramaiah","Kaijung"
46973,"Peron","Manibrata"
444562,"Manders","Barun"
210363,"Awdeh","Jaber"
468178,"Liedekerke","Duangkaew"
91237,"Murthy","Chinhyun"
66764,"Ranon","Haldun"
202465,"Journel","Hiroyasu"
212486,"Otillio","Lillian"
211732,"Karnin","Hitofumi"
27346,"Siksek","Huiqun"
95346,"Heering","Jouko"
91666,"Trystram","Lucian"
27217,"Takkinen","Kankanahalli"
297758,"Garnier","Yakichi"
422025,"Junet","Guttorm"
407927,"Brodal","Arumugam"
47023,"Anguita","Vishv"
243745,"Cincotta","Zongyan"
270465,"Ozeki","Kellie"
89226,"Jayawardene","Cullen"
298028,"Koblitz","Arra"
435754,"Zeilberger","Radhakrishnan"
298090,"Pelc","Otilia"
25204,"Gubsky","Yefim"
80622,"Velasco","Hongzhu"
407277,"Karcich","Barton"
274320,"Emmart","Erez"
427767,"Picci","Kien"
207427,"Haddadi","Subhrajyoti"
239569,"Muhling","Kwan"
237987,"Zucker","Parke"
85988,"Brlek","Aiichiro"
204220,"Bain","Xiaoshan"
451036,"Dulli","Chikako"
27622,"Middleton","Poornachandra"
82342,"Delaune","Subhada"
243808,"Douceur","Arumugam"
259826,"Rousseau","Manohar"
236819,"Preusig","Kwangyoen"
33042,"Piazza","Sanjoy"
248823,"Peha","Achilleas"
15646,"Azuma","Xuedong"
423628,"Baba","Candida"
419157,"Ruemmler","Visit"
239453,"Gurbaxani","Peternela"
258096,"Mitchem","Shirish"
243307,"Narlikar","Nathan"
47937,"Alblas","Gennadi"
410020,"Loncour","Srinidhi"
237058,"Jenevein","Ashish"
65121,"Hegner","Marsha"
90488,"Sadowski","Masako"
400900,"Rothenberg","Mari"
256639,"Soloway","Kiyotoshi"
31101,"Cochrane","Kankanahalli"
444829,"Redmiles","Shuji"
61570,"Ushiama","Wilmer"
217272,"Eldridge","Yuchang"
57040,"Lagarias","Arup"
429435,"Perin","Fay"
42138,"Leslie","Felicidad"
467856,"Karunanithi","Tesuya"
44576,"Neiman","Khatoun"
292608,"Buchter","Tonia"
28385,"Conia","Filipp"
412151,"Melter","Koichi"
446003,"Beznosov","Nirmal"
278405,"Bellmore","Saniya"
34109,"Mullainathan","Nagui"
63096,"Menhoudj","Hilary"
407761,"Birdsall","Odysseas"
272743,"Haraldson","Mona"
67054,"Maierhofer","Subhankar"
213581,"Champarnaud","Radoslaw"
65211,"Hofstetter","TRUE"
70868,"Demri","Eberhardt"
417510,"Ernst","Yonghong"
99966,"Ferretti","Masali"
432822,"Speek","Unal"
410106,"Mungall","Ger"
73269,"Shiratori","Haldun"
237542,"Hatcliff","Weicheng"
82160,"Buescher","Shem"
217445,"Conti","Aamer"
64276,"Farrag","Shaowen"
262329,"Kaelbling","Randi"
78092,"Hutter","Stein"
227604,"Lanteri","Freyja"
237014,"Kusalik","Danai"
420753,"Suppi","Sungwon"
55646,"Schmittgen","Jiakeng"
465344,"Suppi","Cullen"
107199,"Pauthner","Gadiel"
18426,"Denos","Zhiguo"
77689,"Swan","Abdelkader"
283504,"Jeong","Koldo"
78868,"Raoux","Nahla"
226112,"Gomatam","Susanna"
17328,"Moehrke","Badri"
476186,"Besselaar","Hidefumi"
296271,"Underwood","Heather"
267757,"Chorvat","Heather"
24895,"Gide","Hongzue"
59783,"Raczkowsky","Volkmar"
244601,"Kleiser","Moon"
241206,"Tanemo","Guadalupe"
292849,"Schurmann","Holgard"
466119,"Moehrke","Chikako"
427999,"Serdy","Steve"
64149,"Stavenow","Yucai"
98863,"Maliniak","Jouni"
473005,"Litvinov","Perla"
298200,"Lores","Neven"
27150,"Plump","Chenyi"
446714,"Vigier","IEEE"
211346,"Serna","Rutger"
248018,"Schmiedel","Brewster"
481233,"Zschoche","Khue"
99629,"Raney","Rasiah"
250116,"Hasenauer","Guenter"
40921,"Baar","Prodip"
418800,"Solovay","Bartek"
203709,"Koblick","Kotesh"
82696,"Luck","Cheong"
76990,"Cappelli","Sarita"
283190,"Murtha","Sreekrishna"
213905,"Motley","Sverrir"
32583,"Comte","Siamak"
469702,"Copas","Kiyokazu"
45973,"Bernatsky","Mokhtar"
409295,"Verspoor","Garnet"
52855,"Krone","Tsutomu"
263341,"Bolotov","Peternela"
47674,"Thambidurai","Jianwen"
101910,"Muntz","Tsvetan"
99997,"Morris","Mack"
292934,"Ducloy","Van"
80665,"Angot","Angel"
259214,"Beetstra","Bedir"
88269,"Kaelbling","Demin"
71671,"Tibblin","Hironobu"
249294,"Pietrzykowski","Breannda"
108024,"Harbusch","Tayeb"
477792,"Nishimukai","Ulises"
215603,"Wuwongse","Sumant"
108908,"Bondorf","Flemming"
47899,"Baig","Arra"
463265,"Gniady","Nevio"
31859,"Farrel","Giap"
60815,"Oxman","DAIDA"
266261,"Luon","Guenter"
232569,"Benzaken","Boalin"
31387,"Segond","Kazuyasu"
15776,"Simkin","Vasilii"
64792,"Thiria","Chaosheng"
400277,"Zielinski","Masoud"
243017,"Llado","Shim"
16594,"Azulay","Kazuhira"
211263,"Shumilov","Barna"
409074,"Fujisawa","Berto"
419838,"Ruther","Rance"
446249,"Thisen","Ottavia"
282609,"Oxman","Xiaoshan"
471187,"Goldhammer","Masoud"
466499,"Jiang","Arif"
63653,"Heering","Cristinel"
252838,"Wroclawski","Ronnie"
109016,"Vingron","Brendon"
248632,"Clemencon","Zijian"
12612,"Thimonier","Chandrasekaran"
294876,"Parveen","Shim"
273870,"Ruemmler","Duke"
79204,"Lund","Juyoung"
65912,"Gadepally","Genevieve"
34930,"Dayana","Odinaldo"
265969,"Byoun","Hiroyasu"
94332,"Sudbeck","Teiji"
248647,"Heuter","Stein"
25235,"Schaaf","Deborah"
66658,"Collette","Fei"
11495,"Barriga","Shin"
425476,"Negoita","Khoa"
288851,"Apsitis","Pragnesh"
222827,"Cappelletti","Takanari"
213121,"Koshiba","Angel"
230873,"Lupu","Margo"
43200,"Plessier","Geraldo"
29860,"Ritcey","Premsyl"
274861,"Ratnaker","Subhankar"
276697,"Luiz","Udi"
40328,"Mawatari","Janche"
430276,"Gulak","Fumiko"
288206,"Tiemann","Jouni"
219009,"Thombley","Zhanqiu"
253380,"Marakhovsky","Adas"
66560,"Lammel","Leaf"
59480,"Esteva","Giordano"
469049,"Onuegbe","Yunming"
249267,"Swick","Kankanahalli"
68404,"Flowers","Kerryn"
443689,"Panwar","Miomir"
436084,"Brodal","Eben"
288203,"Feldhoffer","Luigi"
426058,"Sifakis","Kristin"
73186,"Vural","Matk"
59830,"Thiria","Qunsheng"
17035,"Eiter","Eldridge"
260349,"Luon","Paris"
65339,"Cochrane","Jianhua"
401749,"Biron","Kiyotoshi"
14837,"Cappello","Perry"
480227,"Janocha","Sungwon"
41554,"Halloran","Rajmohan"
215288,"Anguita","Aran"
59600,"Pelc","Ute"
42066,"Stassinopoulos","Yishai"
429345,"Trystram","Zhonghui"
463957,"Emiris","Marjo"
208541,"Otillio","Uli"
224651,"Rosenbaum","Douadi"
249798,"Miculan","Vugranam"
36795,"Einsfeld","Nidapan"
80157,"Herber","Ingmar"
416083,"Sommen","Jeane"
241379,"Miyakawa","Takanari"
36877,"Ranst","Shahaf"
472147,"Kitai","Shir"
255847,"Mungall","Pramod"
88107,"Alpin","Valery"
99563,"Yetim","Boaz"
217209,"Shackell","Hugh"
446129,"Schmezko","Herb"
479291,"Nourani","Sedat"
45882,"Aingworth","Guoxiang"
42350,"Hofmeyr","Christoper"
40637,"Luiz","Marjo"
218159,"Chiodo","Shigehiro"
83636,"Whitcomb","Alejandro"
281265,"Perz","Iara"
472515,"Aloia","Danai"
463722,"Picel","Kendra"
220891,"Bharadwaj","Mats"
459803,"Krider","Mizuhito"
227310,"Matzke","Stevo"
19724,"Hasham","Visit"
297994,"Serre","Chrisa"
22910,"Cummings","Shawna"
227316,"Jakobus","Diederik"
87658,"Isaac","Kannan"
34003,"Zumaque","Mana"
61520,"Rindone","Jingling"
264934,"Rajcani","Alexius"
95443,"Kitai","Shigeo"
417287,"Laventhal","Chirstian"
298350,"Marrakchi","Ger"
423121,"Desikan","Kousuke"
220373,"Coorg","Kensyu"
420215,"Haumacher","Renee"
57467,"Sifakis","Spyrose"
465482,"Bail","Xinglin"
260910,"Shiratori","Emran"
418435,"Erev","Makato"
464409,"Seghrouchni","Chanjung"
473680,"Schrift","Lena"
93662,"Marwedel","Mong"
293056,"Hoogerwoord","Jagoda"
291900,"Stanfel","Richara"
264039,"Smeets","Oscar"
455461,"Angel","Adam"
295068,"Olivero","Shem"
214572,"Yavatkar","Yucel"
19725,"Matzke","Yurij"
404760,"Rajala","Howell"
412867,"Sridhar","Itzchak"
38684,"Krzyzanowski","Remmert"
279279,"Azevdeo","Aron"
94049,"Barinka","Dung"
230022,"Skogmar","Xuedong"
269415,"Gniady","Moni"
226701,"Sundgren","Kiyotoshi"
228106,"Chachaty","Saddek"
451203,"Eickenmeyer","Sigeru"
85754,"Driscoll","Fuqing"
260553,"Gill","Karlis"
261167,"Frezza","Jiakeng"
266146,"Chinen","Elrique"
223641,"Kusakari","Godehard"
56417,"Impagliazzo","Xudong"
273578,"Saoudi","Giao"
211615,"Kornyak","Ziyad"
211421,"Schahn","Zhenhua"
45335,"Rijsenbrij","Jinxi"
411202,"Condotta","Navin"
212718,"Zirintsis","Ult"
65736,"Hiltgen","Jeane"
28960,"Kenevan","Boaz"
80654,"Takkinen","Nahla"
62633,"Gulla","Zijian"
437762,"Yetto","Mototsugu"
94658,"Kaelbling","Basil"
90953,"Vanwelkenhuysen","Mani"
420593,"Toyoshima","Geoff"
429750,"Herbst","Miyeon"
420765,"Krider","Shawna"
414153,"Debuse","Fan"
280870,"Whitcomb","Valdiodio"
58534,"Jayawardene","Beshir"
73918,"Heuter","Zhongwei"
457016,"Ciolek","Amabile"
40791,"Benzmuller","Florian"
267620,"Terwilliger","Tua"
35602,"Vural","Volkmar"
441484,"Baak","Boaz"
96887,"Ferretti","Harngdar"
58709,"Szmurlo","Mang"
29118,"Zongker","Ult"
59793,"Tibblin","Jayson"
220647,"Luca","Naftali"
433212,"Bierman","Gererd"
63079,"Warwick","Nakhoon"
475894,"Swiler","Hilary"
480192,"Onuegbe","Dhritiman"
209975,"Pehl","Parto"
419392,"Schneeberger","Jessie"
33604,"Peek","Shuji"
430269,"Conde","Karlis"
469228,"Legleitner","Taisook"
16564,"Rusterholz","Xiaopeng"
89338,"Sury","Byong"
241933,"Gien","Lillian"
286600,"Zeleznik","Mariangiola"
54810,"Bojadziev","Dharmaraja"
284672,"Laurillard","Shawna"
20471,"Haumacher","Gino"
450192,"Ghalwash","Sachem"
33838,"Ranai","Adit"
243330,"Theuretzbacher","Ohad"
430199,"Kemmerer","Indrajit"
407055,"McAffer","Yunming"
452481,"Kavanagh","Kazunori"
435911,"Perez","Patricia"
281125,"Zweizig","Vojin"
278640,"Pokrovskii","Guttorm"
241622,"Grospietsch","Mara"
400675,"Tempesti","Mantis"
423142,"Ecklund","Pranay"
226501,"Eastman","Yolla"
279792,"Yeung","Subhada"
246569,"Ferretti","Przemyslawa"
448362,"Erol","Denis"
62498,"Norsworthy","Prodip"
260200,"Henseler","Danco"
94680,"Baja","Teruyuki"
281667,"Bahk","Baocai"
63437,"Lowrie","Boalin"
62313,"Ecklund","Stamatina"
212616,"Smeets","Kazuhisa"
480542,"Clemencon","Marko"
402854,"Llado","Tze"
36057,"Koblick","Alexius"
53536,"Nastansky","Khun"
427530,"Chvatal","Gay"
471333,"Katiyar","Khedija"
432405,"Barbanera","Dipayan"
70782,"Ebeling","Abdulah"
286821,"Felcyn","Marie"
213589,"Cappello","Yuchang"
296100,"Shackell","Berto"
208592,"Christianini","Srinidhi"
103990,"Polajnar","Hilary"
35724,"Sevcikova","Martien"
458197,"Perin","Conal"
106130,"Sifakis","Erzsebet"
86912,"Debuse","Yakkov"
241184,"Walstra","Hidde"
13747,"Capobianchi","Masaru"
288190,"Snedden","Branimir"
248742,"Vuskovic","Marl"
92685,"Atchley","Mang"
414645,"Boguraev","Mingzeng"
275190,"Lanphier","Phuoc"
59380,"Berendt","Zvonko"
476845,"Basawa","Zhonghua"
469597,"Kornatzky","Arra"
245464,"Hennings","Rayond"
480805,"Deyuan","Sachio"
274454,"Renear","Howell"
33423,"Koblick","Jinpo"
480370,"Bael","Gretta"
47902,"Orlowska","Visit"
262919,"Gist","Naftali"
56280,"Irland","Satosi"
253848,"Einsfeld","Seongbae"
233444,"Rebaine","Chanjung"
59345,"Irland","Udi"
459339,"Henseler","Khalil"
429386,"Masaki","Aleksander"
481272,"Baalen","Chrisa"
271676,"Herath","Ottavia"
61482,"Syrzycki","Toshiki"
253752,"Murillo","Fumitaka"
38295,"Perfilyeva","JoAnne"
432008,"Masada","Golgen"
104802,"Leslie","Sasan"
417625,"Masand","Yongmin"
243592,"Frolund","Radhia"
61279,"Ritcey","Domenick"
439675,"Atchley","Yuuichi"
52881,"Rosenbaum","JoAnna"
423902,"Loncour","Utpal"
34726,"Emmart","Shridhar"
243908,"Chaudhury","Shakhar"
416764,"Meszaros","Mitchel"
431527,"Baak","Abdelaziz"
200427,"Openshaw","Tsutomu"
288389,"Pietracaprina","Guther"
68400,"Waschkowski","Sorina"
221138,"Rouquie","Jianhao"
58337,"Baek","Tooru"
229247,"Marshall","Fabrizio"
85078,"Chinal","Steen"
18714,"Azumi","Uinam"
451944,"Swiss","Kerhong"
222547,"Jahnichen","Tremaine"
225007,"Auria","Conrado"
92244,"Gadepally","Vojin"
33209,"Hambrick","Vasilis"
478251,"Bisiani","Pranav"
57601,"Brobst","Kazuyasu"
444779,"Feinberg","Francesca"
271327,"Sluis","Slavian"
427255,"Servi","Temple"
239495,"Stemann","Saeed"
228476,"Mapelli","Yuuichi"
200233,"Zultner","Atreyi"
64633,"Schauser","Oscar"
14468,"Ertl","Unal"
106883,"Jayawardene","Gil"
91549,"Kornatzky","Temple"
28900,"Karner","Houman"
95998,"Prenel","Qiwen"
260219,"Hofmeyr","Moti"
26023,"Dratva","Yonghoan"
40653,"Demian","Theron"
471657,"Zobel","Shigeaki"
465321,"Slobodova","Fumitaka"
438505,"Anick","Bluma"
44925,"Kawashima","Martien"
259992,"Gulik","Jinxi"
256707,"Bain","Breannda"
228247,"Backhouse","Duri"
412613,"Feldmann","Mabo"
277741,"Piazza","Toshimori"
480789,"Mahmud","Masami"
417129,"Edelhoff","Kousuke"
81340,"Poehlman","Baocai"
69050,"Anily","Nidapan"
273786,"Pramanik","Stafford"
267092,"Chleq","Constantino"
421033,"Randt","Garnik"
464471,"Narwekar","Chaoyi"
458048,"Onuegbe","Hugo"
212514,"Tchuente","Babette"
239971,"Baalen","Arunachalam"
15598,"Kemmerer","Kristinn"
461175,"Albarhamtoshy","Hitofumi"
428573,"Gulik","Vasilis"
48208,"Heydon","Lech"
455956,"Reghbati","Shimshon"
440735,"Chachaty","Gopalakrishnan"
298691,"Talmor","Tonny"
103601,"Pulkowski","Fusako"
471553,"Iacovou","Takushi"
250752,"Barbanera","Sajjad"
285894,"Woycyznski","Tamiya"
53742,"Narahara","Chinya"
23760,"Einsfeld","Moie"
82161,"Flasterstein","JoAnne"
416185,"Gils","Mary"
13264,"Hofting","Oguz"
447683,"Gente","Hidefumi"
444340,"Tsukune","Mahendra"
235614,"Irland","Palash"
104707,"Rousseau","Kiyomitsu"
273680,"Rusterholz","Holgard"
256724,"Fioravanti","Arco"
107082,"Wolniewicz","Karlis"
43482,"Pauthner","Jiann"
254758,"Bergere","Premsyl"
204370,"Hitomi","Rosli"
413939,"Rissanen","Gill"
223697,"Ozery","Kazuhide"
262469,"Schlumberger","Jacqueline"
28374,"Delgrossi","Yonghoan"
232197,"Jansch","Vitaly"
240250,"Krychniak","Kwangjo"
266854,"Simmen","Theron"
442783,"Chaudhury","Hilary"
201518,"Choobineh","Jeanne"
21588,"Masamoto","Licheng"
273988,"Pagter","Yongmin"
52402,"Rettelbach","Basant"
477598,"Kopetz","Shrikanth"
255529,"Murillo","Anneli"
248630,"Huxford","Jackson"
63360,"Ghazalie","Georgy"
290853,"Perly","Saeko"
13372,"Staudhammer","Valeri"
108313,"Ramamoorthy","Khun"
52398,"Molenaar","Sandeepan"
30518,"Mandelberg","Eran"
299457,"Wrigley","Pramod"
206748,"Fabrizio","Yucai"
282347,"Radivojevic","Shuky"
265560,"Schieder","Noritoshi"
443704,"Buescher","Prodip"
222981,"Schlumberger","Annemarie"
89067,"Zolotykh","Satoru"
75550,"Rodham","Trygve"
413440,"Wendorf","Marl"
276654,"Zeidenstein","Yoshimitsu"
83195,"Thebaut","Douadi"
90448,"Malabarba","Zsolt"
225806,"Stanfel","Narain"
262377,"Foote","Haldon"
106678,"Oppitz","Vishwani"
412628,"Gelosh","Sadun"
461958,"Slobodova","Mohit"
476772,"Zastre","Kish"
36092,"Diderrich","Kamran"
441873,"Perri","Georg"
268686,"Yetim","Elgin"
287123,"Benaini","Marko"
201042,"Mitchem","Somnath"
58470,"Ladret","Qiwen"
412297,"Sudkamp","Waiman"
239410,"Feldhoffer","Fumitaka"
231093,"Erev","Utpal"
440642,"Kalsbeek","Snehasis"
31661,"Journel","Aiman"
43233,"Fujisawa","Youssef"
439722,"Kaltofen","Weicheng"
52632,"Winter","Gita"
19528,"Nooteboom","Pohua"
442812,"Rodiger","Hugo"
101098,"Norsworthy","Maya"
271105,"Rodiger","Duangkaew"
251929,"Levasseur","Gurbir"
449760,"Champarnaud","Mototsugu"
274903,"Crooks","Fusako"
209505,"Glowinski","Yuriy"
79880,"Tsukune","Hein"
294379,"Zhiwei","Moie"
279653,"Berztiss","Kensei"
201057,"Kermarrec","Weiwu"
239250,"Paludetto","Kazuhide"
204684,"Cullers","Fox"
264501,"Sethi","Kankanahalli"
41213,"Ponthieu","Urs"
252929,"Emden","Khatoun"
448702,"Fujisaki","Fayez"
282750,"Verspoor","Mokhtar"
281313,"Seiwald","Yakkov"
261142,"Cochrane","Stein"
46109,"Kragelund","Kiyotoshi"
460824,"Usdin","Xiaoheng"
103406,"Brookman","Gino"
240316,"Assaf","Chikara"
59739,"Velardi","Jessie"
34159,"Ramsay","Lunjin"
450227,"Decaestecker","Paddy"
92096,"Gist","Brigham"
220092,"Nitsch","Hirochika"
209463,"Masand","Arun"
231881,"Conti","Huei"
440300,"Thummel","Aloys"
49661,"Hertweck","Augustine"
20118,"Schneeberger","Mohammed"
431248,"Perri","Reuven"
34265,"Tsunoo","Mihalis"
460049,"Coullard","Shiv"
411526,"Einsfeld","Christoph"
275852,"Gulak","Kensyu"
281383,"Provine","Duro"
82119,"Dayana","Christ"
77972,"Dalphin","Bernardo"
429665,"Piazza","Snehasis"
47266,"Brattka","Luigi"
29959,"Pashtan","Phuoc"
251221,"Fujisaki","Wojceich"
448034,"Kumaresan","Juyoung"
208782,"Kornatzky","Iara"
441572,"Kakkad","Geoffrey"
50554,"Denti","Ramya"
243051,"Thimonier","Horward"
279634,"Randi","Josyula"
83797,"Fontan","Kazuhisa"
477900,"Condotta","Zeljko"
91431,"Lunt","Slavian"
44081,"Matheson","JoAnna"
227712,"Baek","Khosrow"
211636,"Lueh","Lucien"
296011,"Luders","Sasan"
253747,"Plotkin","Mohan"
230490,"Picco","Berna"
206767,"Vesna","Uwe"
256720,"Mattern","Arumugam"
438944,"Anick","Florian"
47209,"Kamber","Almudena"
437140,"Kornyak","Mansur"
456627,"Cangellaris","Susumu"
29733,"Ranze","Piyawadee"
251728,"Sabnani","Kasturi"
22067,"Socorro","Hatem"
423329,"Dulin","Kwangjo"
45454,"Zeleznik","Yolla"
227173,"Peternell","Jasminko"
30351,"Blokdijk","Djenana"
17011,"Granlund","Nagui"
439469,"Crabtree","Hugo"
79964,"Garrabrants","Shuky"
474784,"DasSarma","Remko"
86108,"Ressouche","Miyeon"
222589,"Hemaspaandra","Kamakshi"
445735,"Schiettecatte","Mingdong"
215031,"Menyhert","Shem"
462131,"Nittel","Takushi"
234428,"Perin","Bodh"
420469,"Schoegge","Marko"
10277,"Schwartzbauer","Isaac"
264282,"Lindqvist","Shahab"
208983,"Seuren","Marit"
25599,"Pillow","Masoud"
460528,"Orlowski","Shahab"
248153,"Coney","Shim"
426106,"Dichev","Sanjoy"
477472,"Cools","Vitali"
404043,"Joslin","Pranav"
277096,"Encarnacion","Akhilish"
41559,"Fontan","Gully"
428018,"Rosti","Vasilii"
250149,"Taubman","Muneo"
407766,"Schmittgen","Yoshinari"
69828,"Erva","Jessie"
236702,"Montemayor","Mandell"
64220,"Basart","Berhard"
478899,"Flowers","Zito"
99671,"Leppanen","Tsuneo"
280851,"Schwartzbauer","Freyja"
65792,"Ciolek","Youpyo"
27695,"Clemencon","Werner"
475196,"McAffer","Tetsushi"
466567,"Janetzko","Kazuyasu"
289946,"Swen","Zhonghui"
267003,"Brattka","Wuxu"
209991,"Nitsche","Jaewon"
267694,"Cronau","Nadjib"
477288,"Itzigehl","Gurbir"
444484,"Templeman","Niranjan"
55435,"Suri","Xiaocheng"
400915,"Gien","Sigeru"
206922,"Wilfing","Hugh"
75858,"Lunt","Etsuo"
453493,"Birrer","Khue"
272685,"Trachtenberg","Emdad"
297299,"Brodie","Xiaobin"
282816,"Rosch","Yuguang"
216800,"Peha","Sreekrishna"
434058,"Eterovic","Masami"
83680,"Antonakopoulos","Jaques"
449713,"Zeidenstein","Cristinel"
41873,"Lorys","Bokyung"
436814,"Rando","Renny"
214607,"Hanabata","Takanari"
275232,"Ertl","Margo"
82597,"Chandrasekhar","Armond"
411603,"Benaini","Fumitake"
24634,"Butterworth","Martina"
256033,"Vandervoorde","Lucien"
216656,"Srimani","Babette"
95074,"Foong","Leszek"
291919,"Cannata","Morrie"
473510,"Klerer","Lunjin"
434183,"Brizzi","Radhika"
29081,"Nitsche","Heeju"
27789,"Boyle","Fumitake"
53269,"Lipner","Ioana"
14684,"Przulj","Jayesh"
461700,"Anger","Dekang"
82254,"Lorcy","Lein"
26614,"Swist","Munir"
93618,"Uludag","Volkmar"
41040,"Katalagarianos","Bezalel"
35563,"Frijda","Ghassan"
203437,"Vesel","Aemilian"
240338,"Badache","Tokuyasu"
104666,"Krupka","Ibibia"
475935,"Hegner","Fan"
104791,"Dayana","Alejandra"
107395,"Stenning","Xiping"
429870,"Peltason","Ziva"
14105,"Orlowski","Ramachenga"
47022,"Terlouw","Mostafa"
418843,"Heyers","Vugranam"
94286,"Besselaar","Hongzue"
263755,"Bottner","Nechama"
204704,"Francisci","Yuuichi"
62126,"Baja","Cheong"
31712,"Dulay","Jiang"
87037,"Picaronny","Ohad"
479325,"Czap","Marit"
400199,"Verspoor","Pohua"
26506,"Cangellaris","Mabry"
400680,"Gerteisen","Ewing"
71166,"Lanzelotte","Rosalie"
426433,"Welham","Danny"
28816,"Einsfeld","Jenwei"
425537,"Kitai","Subhash"
47991,"Grospietsch","Oldrich"
247298,"Haddadi","Boaz"
445910,"Fritzsche","Patricia"
38095,"Beetstra","Soenke"
261773,"Stifter","Sanjiv"
40451,"Hettesheimer","Percy"
16399,"Collette","Apostol"
235094,"Ambroszkiewicz","Bikash"
214018,"Vakili","Adit"
40041,"Gimarc","Lijia"
104427,"Krupka","Nathan"
480204,"Bressoud","Valeri"
422395,"Bach","Marek"
82428,"Kalafatis","Geoffrey"
255672,"Kamble","Huiqun"
108734,"Kemmerer","Jahangir"
471525,"Schlenzig","Premsyl"
447863,"Lichtman","Falguni"
421164,"Turnbull","Adhemar"
72386,"Pollacia","Manohar"
25001,"Schaap","Maris"
465061,"Undy","Xinyu"
443253,"Tchuente","Abdulla"
292032,"Siprelle","Herb"
204205,"Mamelak","JoAnna"
32881,"Sanella","Guoxiang"
428106,"Potthoff","Shaleah"
439887,"Dusink","Fuqing"
80873,"Nishimukai","Marsal"
424266,"Sevcikova","Hercules"
224075,"Trelles","Sanjiv"
277321,"Markovitch","Odoardo"
247840,"Barbanera","Yaghout"
81144,"Heinisuo","Ashish"
247309,"Gajiwala","Tsuneo"
445869,"Vasanthakumar","Keung"
77805,"Heydon","Tristan"
457620,"DuBourdieux","Saddek"
434518,"Kushnir","Fei"
244463,"Giarratana","Shigehito"
78125,"Atchley","Filipe"
443955,"Litzler","Bodo"
412243,"Gammage","Sarita"
417958,"Pauthner","Reinhard"
293801,"Penz","Fumitaka"
213932,"Schieder","Parto"
248301,"Etalle","Gaetan"
42721,"Polajnar","Shuky"
96596,"Zallocco","Sven"
426204,"Berztiss","Zhongwei"
10539,"Reinhard","Yucel"
294675,"Basart","Mohan"
77970,"Luan","Tetsurou"
438811,"Baba","Doohun"
404618,"Back","Yakichi"
43717,"Beetstra","Gio"
71250,"Fujisaki","Yucai"
470165,"Asrin","Masamitsu"
275165,"Muchinsky","Nathan"
443525,"Kushnir","Howell"
210428,"Khamsi","Froduald"
54109,"Penz","Margo"
46838,"Marzano","Yakichi"
14221,"Maginnis","Zhiwei"
448762,"Lakshmanan","Hirochika"
44125,"Conia","Douadi"
288110,"Qiwen","Claude"
269079,"Anily","Roddy"
95490,"Conia","Przemyslawa"
249557,"Luon","Shaw"
244967,"Irland","Jianwen"
232898,"Luan","Vishv"
401784,"Janocha","Mohammed"
297102,"Renear","Garnet"
251530,"Jording","Xuejia"
29333,"Fritzsche","Gretta"
265416,"Setiz","Sham"
90519,"Rodite","Syozo"
53333,"Luon","Mingsen"
430850,"Siegrist","Mohamadou"
444747,"Kaltofen","Shigeaki"
213775,"Glinert","Giap"
481525,"Angelopoulos","Stabislas"
40598,"Mahmud","Berry"
73373,"Moehrke","Feixiong"
49815,"Pulkowski","Demos"
253683,"Egerstedt","Shaunak"
264800,"Collavizza","Ymte"
234852,"Wissmann","Kitty"
53350,"Marzano","Jaroslava"
242552,"Sherertz","Charmane"
268651,"Kitai","Masoud"
295091,"Alvarado","Kiyokazu"
209778,"Walstra","Przemyslawa"
475342,"Gelosh","Arif"
57381,"Ginesta","Kousuke"
297112,"Cappelletti","Mads"
459792,"Muhling","Percy"
259854,"Khamsi","Berni"
45260,"Nergos","Shuji"
478015,"Lortz","Barry"
280144,"Dichev","Kristine"
475985,"Murthy","Arve"
37440,"Yoshizawa","Jayesh"
408958,"Niizuma","Wanqing"
451068,"Collavizza","Howell"
10053,"Zschoche","Sanjiv"
282529,"Guenter","Dmitri"
251395,"Kieras","Qingxiang"
208310,"Schrooten","Aria"
226831,"Pulkowski","Yuichiro"
421151,"Ossenbruggen","Masaru"
445780,"McClure","Fei"
106059,"Staelin","Janche"
412684,"Candan","Erez"
255940,"Matzov","Kamakshi"
99795,"Keohane","Sungwon"
457126,"Warwick","Hongzue"
239295,"Orlowska","Pragnesh"
468006,"Gewali","Sajjan"
461616,"Middleton","Shin"
201869,"Mansanne","Aluzio"
18238,"Maliniak","KayLiang"
440843,"Weedon","Sergi"
223372,"Eiter","Terresa"
33641,"Cmelik","Make"
236097,"Serot","Hatim"
25329,"Brodie","Berto"
245643,"Hooghiemstra","Sastry"
87526,"Lanphier","Turgut"
447899,"Schaar","Nadjib"
74892,"Chepyzhov","Sanjoy"
437500,"Gecseg","Aiichiro"
248805,"Jervis","Jasminko"
35150,"Roisin","Deborah"
252500,"Sadowsky","Shaz"
35680,"Demizu","Sanjai"
200523,"Shumilov","Woody"
52935,"Babb","Ung"
219596,"Cyne","Xiaoqiang"
479969,"Quadeer","Emran"
90362,"Schwartzburd","Tooru"
405936,"Provine","Suebskul"
236834,"Katzenelson","Rosalie"
477832,"Benzmuller","Baoqiu"
459433,"Nollmann","Shichao"
253251,"Ranai","Kayoko"
287087,"Zultner","Takahira"
451943,"Deverell","Vivian"
458118,"Fetvedt","Woody"
457843,"Stafford","Mats"
77084,"Siegrist","Gao"
282747,"Quaggetto","Supot"
299008,"Veeraraghavan","Xiping"
78531,"Trachtenberg","Yefim"
451607,"Lanteri","Falguni"
272408,"Bridgland","Uriel"
41477,"Zirintsis","Dietrich"
281293,"Bednarek","Chikara"
475627,"Facello","Zhonghua"
261509,"Babb","Shugo"
235969,"Laventhal","Szabolcs"
226499,"Perelgut","Annemarie"
240207,"Aamodt","Jiann"
454637,"Steenbeek","Wilmer"
473242,"Kropp","Yuriy"
424467,"Hockney","Udo"
254440,"Veevers","Achilleas"
63934,"Hedayat","Uinam"
266298,"Koshiba","Charlene"
45339,"Piazza","Chikako"
229658,"Dayang","Karsten"
87912,"Delgrande","Aamod"
55385,"Brobst","Nobuyoshi"
58460,"Wixon","Mart"
234970,"Kusakabe","Waiman"
430368,"Pelz","Mark"
265733,"Pelc","Adly"
25712,"Marsiglia","Srinidhi"
419239,"Heemskerk","Brendon"
249672,"Uehara","Bezalel"
452861,"Haraldson","Oscal"
102598,"Talmor","Heeju"
462803,"Unni","Seshu"
416230,"Uhrig","Carrsten"
480741,"Bail","Sastry"
45766,"Tanemo","Elrique"
422631,"Lorin","Richara"
467773,"Guenter","Xuejia"
273309,"Kobara","Georgy"
45488,"Shackel","Shigehiro"
288848,"Hennebert","Vivian"
201853,"Pfau","Marjo"
53246,"Menyhert","Huiqun"
108885,"Mitina","Gadiel"
72693,"Gadepally","Zhaofang"
481071,"Hoogerwoord","Janalee"
410744,"Papsdorf","Murthy"
235914,"Ossenbruggen","Suvo"
19683,"Aseltine","Subhrajyoti"
96749,"Lunt","Khun"
415826,"Reghbati","Rasikan"
37977,"Scallan","Nahid"
278706,"Otillio","Rance"
95030,"Yetto","Gianluca"
421609,"Roohalamini","Masasuke"
41760,"Berztiss","Heon"
11515,"Basawa","Ulf"
423248,"Stafford","Ronnie"
58277,"Gecsel","Georgi"
462453,"Molenaar","Jayesh"
425389,"Fiutem","Zhaofang"
222250,"Henseler","Ebbe"
200171,"Gyorkos","Hilari"
41341,"Henders","Sukumar"
451949,"Conte","Billie"
404987,"Linares","Juichirou"
474515,"Hiltgen","Denis"
30918,"Christ","Panayotis"
71918,"Christ","Ung"
215830,"Comyn","King"
277646,"Pettit","Oscar"
430024,"Emmerich","Utpal"
19533,"Grospietsch","Jacqueline"
226855,"Lukaszewicz","Aloke"
458000,"Syang","Nakhoon"
432785,"Baalen","Elvia"
91437,"Kragelund","Zhiwei"
449456,"Binding","Cullen"
108363,"Luef","Aloke"
54844,"Barriga","Jiang"
15130,"Puppo","Mohua"
227783,"Constantine","Xiping"
429608,"Przulj","Jianwen"
83675,"Luiz","Billie"
62190,"Riexinger","Mana"
432516,"Karcich","Arlette"
468010,"Brobst","Shir"
440208,"Katiyar","Piyawadee"
445927,"Nastansky","Dekang"
216512,"Knightly","Pranjal"
477070,"Staelin","Karoline"
77446,"Irland","Tsuneo"
415018,"Marquardt","Waiman"
29485,"Shobatake","Ortrun"
448391,"Kusalik","Berthier"
286380,"Mondadori","Shakhar"
34556,"Huxford","Shigehito"
271030,"Crabtree","Adam"
91699,"Camurati","Bogdan"
212529,"Piancastelli","Denis"
248965,"Spinelli","Mack"
469684,"Olano","Arie"
272755,"Butterworth","Shrikanth"
89482,"Birrer","Yechezkel"
254796,"Carrera","Rosli"
82761,"Underwood","Mabry"
30570,"Khalid","Kristian"
249355,"Kalafatis","Manu"
34834,"Gronowski","Pranav"
248054,"Rosis","Sorina"
72896,"Munoz","Zine"
218211,"Peres","Gil"
20611,"Demizu","Rayond"
99279,"Herbst","Jouni"
257521,"Michaeli","Moie"
291918,"Pulkowski","Zejun"
247887,"Preusig","Ashish"
92291,"Schnelling","Gor"
36820,"Aingworth","Navin"
424277,"Schahn","Hatem"
466914,"Fairtlough","Mingdong"
96040,"Rosti","Maia"
405995,"Zeleznik","Sorina"
411596,"Cairo","Richara"
471526,"Meriste","Selwyn"
400092,"Bennet","Neven"
14343,"Rotem","Pranav"
70666,"Veeraraghavan","Ronghao"
240662,"Keustermans","Zsolt"
227655,"Emiris","Billie"
404859,"Gelosh","Koldo"
218150,"Zielinski","Florina"
420687,"Schmittgen","Shuzo"
231258,"Kakkad","Bilhanan"
71015,"Shihab","Gianluca"
32687,"Hagimont","Rayond"
296604,"Valiente","Vishv"
285423,"Weiland","Guttorm"
256681,"Itzfeldt","Zongyan"
268216,"Merel","Feixiong"
257689,"Kalorkoti","Toshiki"
99341,"Muchinsky","Weiwu"
207723,"Kohling","Junsik"
289466,"Highland","Sanjay"
460796,"Granlund","Aloys"
419088,"Bergere","Abdulah"
464304,"Angelov","Guadalupe"
295356,"Setia","Nikolaus"
421870,"Lunt","Lech"
11334,"Vural","Yurij"
472998,"Braunmuhl","Kensei"
480285,"Molenaar","Berhard"
292093,"Papsdorf","Yurij"
288528,"Birdsall","Jiafu"
210351,"Stavenow","Stamatina"
473091,"Zambonelli","Luigi"
244159,"Caine","Nathalie"
265450,"Olano","Susanna"
205064,"Baak","Kensei"
416940,"Hoppenstand","Weiyi"
58358,"Denos","Gurbir"
18760,"Vidal","Shigeu"
69378,"Gurbaxani","Subbu"
463038,"Janetzko","Houman"
74022,"Journel","Arra"
260180,"Bresenham","Nikolaus"
88013,"Vasanthakumar","Frederique"
453855,"Stentiford","Yuichiro"
80815,"Moffat","Jouni"
401916,"Itzigehl","Chinhyun"
290210,"Seiwald","Ayonca"
266775,"Peternell","Filipe"
473299,"Penn","Khaled"
87203,"Makrucki","Kazuhisa"
434588,"Azadmanesh","Arno"
293367,"Langford","TRUE"
108782,"Stentiford","Georg"
298052,"Alpin","Aleksander"
56382,"Bardell","Valery"
284094,"Versino","Siamak"
233110,"Hainaut","Cedric"
37146,"Schiper","Yinghua"
30044,"Rusmann","Achilleas"
472487,"Vendrig","Moriyoshi"
228224,"Viele","Shahab"
460207,"Hellwagner","Laurentiu"
102422,"Matteis","Wojceich"
291426,"Cooman","Geraldo"
104685,"Heuter","Ult"
43905,"Fadgyas","Gadiel"
106008,"Jervis","Joydip"
471659,"Hmelo","Subir"
243135,"Bisiani","Sudharsan"
205054,"Bail","Utpal"
80588,"Scallan","Taisook"
245790,"Alblas","Yongmao"
224916,"Walstra","Mats"
250273,"Cesareni","Rosalie"
472692,"Danecki","IEEE"
24130,"Seiwald","Elrique"
61068,"Ambroszkiewicz","Dinkar"
101568,"Vingron","Jinxi"
274166,"Silva","Fayez"
72336,"Wissmann","Sadun"
408270,"Gelosh","Zita"
449342,"Gips","Aluzio"
468433,"Siprelle","Krassimir"
294424,"Lorie","Niclas"
403035,"Dratva","Billur"
436141,"Decleir","Guoxiang"
214540,"Butner","Boaz"
221820,"Jiang","Vitali"
280896,"McAffer","Stella"
260585,"Gopalakrishnan","Zhiguo"
284296,"Riesenhuber","Becky"
293934,"Heusch","Kerryn"
464857,"Magliocco","Limsoon"
202110,"Moehrke","Hyuckchul"
423907,"Akaboshi","Sanjit"
416136,"Reinhard","Yonghoan"
292055,"Randt","Giordano"
405566,"Terkki","Youpyo"
259076,"Montemayor","Huiqun"
411208,"Skrikant","Rosine"
12067,"Kalsbeek","Doowon"
215176,"Yetim","Syozo"
58204,"Sullins","Xinyu"
431268,"Merlo","Rafols"
55368,"Heinisuo","Rosine"
234019,"Beeson","Venkatesan"
257061,"Vingron","Gaurav"
36274,"Gihr","Younwoo"
270936,"Fendler","Susanne"
85171,"Landherr","Froduald"
64238,"Suppi","Bezalel"
289766,"Jarecki","Maja"
449410,"Hinsberger","Kannan"
217293,"Engberts","Pragnesh"
259660,"Melter","Kristinn"
234170,"Bala","Prasadram"
453591,"Cullers","Odoardo"
408637,"Guardalben","Radhika"
288482,"Gurbaxani","Khoa"
51174,"Erol","Shugo"
66006,"Curless","Paddy"
401483,"Kisuki","Bedrich"
279777,"Yetim","Dzung"
417807,"Doering","Uinam"
285706,"Parveen","Dung"
58807,"Koshino","Murthy"
222489,"Stentiford","Menkae"
293297,"Adachi","Shen"
30912,"Fujisawa","Caolyn"
86965,"Luit","Feixiong"
434546,"Whitcomb","Mahmut"
264138,"Garrabrants","Mara"
82669,"Welham","Froduald"
105047,"Kornatzky","Junichi"
422656,"Selenyi","Gio"
14086,"Syrotiuk","Willard"
452437,"Ghemri","Sudharsan"
49154,"Heiserman","Shem"
48601,"Hanabata","Ramachenga"
274734,"Sury","Changho"
37051,"Eppinger","Xuejun"
297012,"Perin","Krisda"
84312,"Brizzi","Georg"
458525,"Angiulli","Amstein"
26344,"Sabnani","Duke"
414064,"Brandsma","Lalit"
64707,"Chachaty","Brigham"
247443,"Suomi","Ramya"
77498,"Birnbaum","Yongmin"
73216,"Masada","Urs"
43594,"Hoogerwoord","Moni"
29242,"Snyers","Muzhong"
98531,"Munoz","Valter"
71655,"Barreiro","Kish"
277994,"Kandlur","Hyuckchul"
411156,"Auria","Kasidit"
289109,"Hoogerwoord","Sumant"
209665,"Stentiford","Takanari"
15264,"Remmers","Christfried"
479780,"Mayerwieser","Shietung"
289301,"Atchley","Danae"
269358,"Steenbeek","Arif"
38699,"Kakkad","Sudharsan"
59623,"Staudhammer","Pantung"
98503,"Valtorta","Valeska"
81131,"Bojadziev","Cordelia"
245058,"Wiegley","Shaowei"
58033,"Etalle","Maren"
438331,"Butner","Moheb"
409653,"Muchinsky","Kwangsub"
417771,"Peir","Yishay"
479820,"Schieder","Valeska"
294627,"Papadias","Vishu"
416890,"Garigliano","Claude"
103679,"Azuma","Vasilii"
260473,"Garnick","Kankanahalli"
424440,"Babu","Ashish"
296728,"Nicolson","Emran"
447777,"Bonifati","Yongmao"
404302,"Baar","Miomir"
242820,"Norsworthy","Alois"
294003,"Perri","Chikara"
481036,"Eickenmeyer","Eben"
245023,"Mersereau","Mari"
444551,"Gien","Ipke"
455383,"Foong","Behnaam"
42098,"Radhakrishnan","Bodo"
68760,"Marchegay","Gully"
55865,"Bach","Kensei"
33235,"Krider","Eberhardt"
227587,"Whitcomb","Bedir"
440012,"Dengi","Rasikan"
295919,"Saoudi","Florina"
251581,"Gubsky","Idoia"
265007,"Leaver","Hilari"
470506,"Buescher","Zita"
71738,"Zobel","Munenori"
255350,"Atrawala","Bilhanan"
210884,"Biran","Khatoun"
474327,"Dehkordi","Fumitake"
413868,"Callaway","Kristinn"
439307,"Parveen","Paloma"
19869,"Seghrouchni","Fusako"
431566,"Vandervoorde","Kazuhiro"
243843,"Thorensen","Prasadram"
57161,"Gaughan","Khedija"
279887,"Cunliffe","Shietung"
228245,"Erde","Jacqueline"
22628,"Verhoeff","Mohit"
278105,"Pargaonkar","Falguni"
92484,"Rotem","Phuoc"
218259,"Oxman","Abdelkader"
35316,"Baek","Kayoko"
463921,"Bahr","Lalit"
291720,"Ranst","Shaibal"
200350,"Nations","Adly"
241342,"Naumovich","Jaewoo"
20612,"Kavvadias","Stabislas"
200750,"Kusakabe","Jeane"
449615,"Kilgour","Vishv"
83102,"Reutenauer","Dmitri"
81603,"Zuberek","Suzette"
238735,"Leslie","Kwan"
212803,"Boreale","Leaf"
299154,"Hitomi","Hideo"
89051,"Ritzmann","Demos"
467078,"Bolsens","Mechthild"
40140,"Pesch","Sachin"
434197,"Preusig","Satosi"
238649,"Walstra","Candido"
223086,"Litzkow","Hercules"
90313,"Pettis","Susanta"
408775,"Majewski","Dayanand"
424109,"Halevi","Iara"
296484,"Thebaut","Reinhold"
96914,"Hambrick","Anoosh"
408308,"Quadeer","Demos"
105715,"Roccetti","Xianlong"
32826,"Byoun","Suzette"
73757,"Pell","Jeong"
65101,"Bakhtari","Aloke"
251948,"Gimarc","Sangeeta"
22798,"Decaestecker","Bingning"
256162,"Vickson","Berthier"
251203,"Rosti","Bangqing"
109613,"Emiris","Radhia"
96378,"Gimbel","Hyuckchul"
239363,"Garigliano","Miomir"
214205,"Rehfuss","Perla"
106834,"Gips","Nalini"
105079,"Janocha","Shimshon"
28244,"Lunt","Gopalakrishnan"
452021,"Kobuchi","Karoline"
453632,"Ushiama","Mohit"
436974,"Gilg","Kellie"
26243,"Birge","Jiong"
414536,"Kadhim","Mack"
425366,"Kawashima","Hyuckchul"
96770,"Solovay","Shirish"
26488,"Perly","Zdislav"
12617,"Rusterholz","Shawna"
400721,"Demri","Kwangsub"
208550,"Gammage","Muneo"
55152,"Lores","Temple"
24548,"Hoogerwoord","Jiong"
454991,"Koblick","Haldon"
105518,"Kusakabe","Fusako"
25568,"Michaels","Adam"
36630,"Danlos","Lobel"
276818,"Remmers","Mats"
248192,"Srimani","Erez"
40972,"Moffat","Marlo"
408435,"Vilarrasa","Bikash"
81307,"Fandrianto","Jianhui"
95100,"Binding","Ennio"
471289,"Atrawala","Abdulah"
49012,"Bakhtari","Marla"
215784,"Brickell","Sergi"
235272,"Vesel","Arco"
410968,"Esteva","Chenxi"
293365,"Vidal","Shay"
209630,"Kabayashi","Dayanand"
441707,"Hegner","Kwun"
103907,"Jakobus","Tokuyasu"
91637,"Menhoudj","Gino"
431294,"Ossenbruggen","Oguz"
284591,"Peng","Hsiangchu"
248859,"Baar","Arvind"
427310,"Benveniste","Tommaso"
463819,"Fadgyas","Mayuri"
211929,"Jiang","Lobel"
86761,"Ossenbruggen","Theirry"
299333,"Schaad","Bouchung"
250844,"Morrey","Hercules"
416216,"Langford","Dayanand"
440021,"Ramras","Pintsang"
435834,"Etalle","Shaw"
29196,"Chinin","Werner"
473502,"Fontet","Satyanarayana"
270847,"Jeong","Shahid"
436606,"Versino","Gennadi"
259194,"Merli","Sandeepan"
44750,"Coors","Bernice"
249679,"Streng","Khue"
400131,"Pappas","Masoud"
430986,"Bahr","Hein"
91512,"Fiebach","Shim"
420717,"Masaki","Zorica"
223801,"Kornyak","Genki"
448640,"Seiwald","Steve"
440399,"Backhouse","Franziska"
478412,"Schreiter","Serap"
88641,"Guardalben","Jayesh"
287600,"Vieth","Rajmohan"
437598,"Ratnaker","Younwoo"
70407,"Lores","Gro"
94459,"Unni","Uta"
414831,"Randi","Mario"
239864,"Basawa","Geoffry"
73563,"Snyers","Heekeun"
260935,"Yoshimura","Sachin"
101381,"Menhoudj","Munehiko"
406138,"Penn","Zejun"
257065,"Merey","Subhash"
406691,"Bratten","Bluma"
250217,"Junot","Jasminko"
43987,"Kermarrec","Kwun"
241979,"Taneja","Shaowei"
231334,"Waterhouse","Debatosh"
262135,"Lupu","Kshitij"
257486,"Businaro","Shaunak"
292904,"Uhrik","Gopalakrishnan"
255929,"Bisiani","Feixiong"
240004,"Veevers","Danel"
423949,"Ghalwash","Chanjung"
40950,"Herber","Isaac"
246001,"Wallrath","Nevio"
55603,"Valette","Otmar"
250195,"Mapelli","Yucel"
34045,"Ressouche","Shem"
100571,"Peek","Lech"
471971,"Daescu","Tooru"
50832,"Hanabata","Parto"
472770,"Kisuki","Rayond"
17687,"Undy","Lucian"
265541,"Litvinov","Eberhardt"
291383,"Swick","Zeydy"
425581,"Ramsey","Achilleas"
31690,"Back","Tremaine"
223070,"Krichel","Susanta"
218304,"Lanteri","Rosalie"
213785,"Sgarro","Lijia"
217492,"Luck","Maja"
439513,"Shihab","Kousuke"
416690,"Mahmud","Ulf"
268184,"Malabarba","Chikara"
15539,"Spieker","Shigeichiro"
429123,"Gewali","Sanjoy"
220885,"Setiz","Carrsten"
59295,"Ducloy","Subbu"
413455,"Luca","Gita"
211063,"Mahmud","Rafols"
246196,"Falster","Hercules"
293834,"Thummel","Kotesh"
205827,"Gecsel","Jiann"
295827,"Skafidas","Toshimori"
58348,"Furedi","Geraldo"
50494,"Warwick","Thodoros"
49782,"Milicia","Barna"
440352,"Ghalwash","Tianruo"
477290,"Lanphier","Karlis"
49927,"Kragelund","Ziya"
235297,"Segond","Jeanna"
101714,"Tyugu","Teruyuki"
206844,"Coney","Sudhanshu"
204801,"Irland","Guangming"
219251,"Braunschweig","Gian"
430905,"Beutelspacher","Xiaoheng"
299049,"Hennings","Alois"
295144,"Plesums","Masako"
223805,"Michaels","Bader"
469090,"Setlzner","Jamaludin"
437475,"Cairo","Hidekazu"
65955,"Meriste","Hauke"
455063,"Ravishankar","Ravishankar"
94238,"Herber","Lunjin"
72960,"Fiutem","Niteen"
412426,"Herber","Kiyotoshi"
465484,"Barriga","Udo"
422358,"Zykh","Muneo"
76247,"Azuma","Mads"
474942,"Lieblein","Atreyi"
204520,"Angelov","Kwee"
15382,"Siegrist","Alassane"
273251,"Gladwell","Perry"
225377,"Vasanthakumar","Heejo"
105772,"Esteva","Younwoo"
407332,"Goldhammer","Tomokazu"
49874,"Birke","Masali"
266526,"Chenoweth","Weijing"
297970,"Erdmenger","Waiman"
30074,"Rissanen","Angus"
432492,"Lovengreen","Moty"
450549,"Sudbeck","Hyuckchul"
98731,"Lundstrom","Martina"
74090,"Lagarias","George"
473101,"Peyn","Terresa"
230949,"Biron","Masami"
299912,"Zhang","Dinkar"
238807,"Schicker","Juyoung"
237559,"Sambasivam","Shaleah"
41135,"Garnier","Mori"
458734,"Gajiwala","Boriana"
456897,"Conti","Debaprosad"
287692,"Yeung","Szabolcs"
411620,"Kinley","Brigham"
210899,"Plesums","Marsal"
254927,"Bashian","Kazuhide"
439797,"Casley","Lijia"
98382,"Yoshizawa","Manu"
36650,"Percebois","Amabile"
472198,"Olano","Alain"
293812,"Tempesti","Lalit"
225181,"Rusterholz","Patricia"
109321,"Norsworthy","Fusako"
109620,"Cannata","Mani"
95878,"Schueller","Zejun"
446680,"Nations","Mohd"
23308,"Henders","Adib"
11155,"Yetto","Moon"
416904,"Koblick","Hauke"
283758,"Murthy","Conal"
86389,"Takkinen","Francesca"
67481,"Lambe","Shao"
246820,"Sudkamp","Jacopo"
68304,"Seghrouchni","Xianlong"
283338,"Mattern","Kwun"
210575,"Lung","Oscar"
83062,"Valiente","Lidong"
69937,"Candan","Arto"
443877,"Melter","Arvin"
288747,"Monkewich","Tamiya"
224887,"Setlzner","Ortrun"
31385,"Daescu","Barry"
244426,"Zedlitz","Navin"
285201,"Alameldin","Bernd"
472206,"Decaestecker","Syozo"
416477,"Rohrbach","Claudi"
473089,"Serdy","Samphel"
438370,"Neiman","Kasturi"
236353,"Larfeldt","Subhash"
235407,"Fioravanti","Joydip"
35041,"Sundgren","Berry"
223864,"Lueh","Gina"
453395,"Vidya","Kristian"
35529,"Aingworth","Pragnesh"
203053,"Luke","Shrikanth"
217348,"Ariola","Remko"
23211,"Pehl","Subir"
12915,"Ligten","Arco"
34848,"Ranze","Mrinalini"
88544,"Gilg","Yannik"
275051,"Schaaf","Duri"
223703,"Bottner","Kokou"
479408,"Merel","Dinkar"
441807,"Gruenwald","Seshu"
448543,"Rusmann","Jenwei"
221424,"Polajnar","Kwangho"
421676,"Mayerwieser","Kitty"
411414,"Ghazalie","Leni"
273307,"Improta","Vasiliy"
231149,"Leslie","Valery"
251738,"Swist","Bingning"
62815,"Lorch","Jenwei"
423745,"Hutter","Dung"
85079,"Wossner","Shan"
63890,"Maginnis","Zorica"
38677,"Trumbly","Teiji"
438507,"Terwilliger","Val"
36540,"Verspoor","Djenana"
223344,"Eiter","Perla"
269697,"Weisert","Candido"
91506,"Isaac","Lillian"
470175,"Ishibashi","Jacqueline"
210042,"Hitomi","Alejandra"
55599,"Cooman","Kwok"
51001,"Pauthner","Doowon"
20396,"Baumann","Kerhong"
44780,"Goodrum","Miyeon"
216599,"Pettey","Marsja"
241595,"Muhling","Oddvar"
102046,"Castellani","Jaroslava"
45356,"Zallocco","Subhrajyoti"
296716,"Collette","Dinkar"
401635,"Barinka","Nikolaos"
297010,"Vecchio","Francesca"
255300,"Lodder","Ayonca"
23450,"Falck","Arve"
464550,"Lamparter","Xuedong"
439542,"Albarhamtoshy","Roselyn"
280574,"Orlowska","Shih"
265134,"Ventosa","Ulf"
46234,"Rosch","Shahaf"
422105,"Zykh","Yongdong"
33398,"Bratten","Sudharsan"
438681,"Yeung","Roddy"
11389,"Provine","Ronnie"
250991,"Morrey","Jiakeng"
471324,"Kugler","Sorina"
223019,"Zuberek","Giordano"
216106,"Domenig","Adil"
426028,"Fasbender","Nimmagadda"
291776,"Itzfeldt","Tsutomu"
201109,"Hertweck","Gita"
53686,"Bellone","Murthy"
415152,"Danecki","Jongsuk"
65779,"Litecky","Lansing"
203298,"Perri","Sumant"
275011,"Wallrath","Leen"
405317,"Muntz","Ziyad"
235162,"Openshaw","Piyawadee"
200676,"Mandell","Emran"
64665,"Miake","Adit"
63571,"Sifakis","Wilmer"
42089,"Perko","Abdelghani"
424349,"Rodham","Gonzalo"
59564,"Zockler","Basim"
52987,"Erez","Ronghao"
83533,"Peak","Eishiro"
287054,"Matzat","Shaleah"
35137,"Collavizza","Tonny"
88415,"Perly","Mabhin"
20692,"Stemann","Sudharsan"
49327,"Bultermann","Arup"
247575,"Muhlberg","Hiroyasu"
109517,"Valtorta","Trygve"
247583,"Bahk","Mong"
88561,"Homond","Honglan"
439975,"Emiris","Harngdar"
21293,"Peir","Mohammad"
437099,"Ulupinar","Pranjal"
261546,"Chenney","Sungwon"
88525,"Rajala","Mabhin"
438950,"Boissier","Sungwon"
86582,"Wroclawski","Mohit"
290595,"Rosenbaum","Baziley"
80731,"Eldridge","Shaowen"
412597,"Zastre","Hatim"
277185,"Iacovou","Owen"
456207,"Cummings","Hausi"
239436,"Janetzko","Luigi"
261211,"Doering","Shaowei"
241664,"Nergos","Huei"
225019,"Fandrianto","Toney"
89496,"Mungall","Brewster"
72246,"Birta","Satoru"
28633,"Siprelle","Bartek"
107527,"Ranka","Freyja"
264480,"Munawer","Pranjal"
474753,"Luce","Stafford"
60006,"Encarnacion","Itzchak"
461790,"Luke","Breannda"
258310,"Kolvik","Naftaly"
270419,"Unni","Marsja"
41996,"Berztiss","Guadalupe"
283557,"Teitelbaum","Hironobu"
292675,"Ranze","Munehiko"
58791,"Nooteboom","Yongqiao"
289545,"Alvarado","Quingbo"
218296,"Rande","Arup"
425461,"Kalsbeek","Alain"
266243,"Borovoy","Lech"
244986,"Khamsi","Kiyotoshi"
207107,"Shinomoto","Shaunak"
95317,"Rosis","Srinidhi"
475883,"Lorcy","Tomofumi"
277426,"Beetstra","Huican"
40500,"Brattka","Aiman"
34590,"Glowinski","Ranga"
41187,"Maquelin","Jacqueline"
293144,"Huhdanpaa","Junichi"
461265,"Figueira","Anwar"
256019,"Marchegay","Duro"
84838,"Binkley","Jiafu"
453168,"Kavanagh","Cedric"
407105,"Melter","Kwan"
23459,"Varker","Gretta"
14513,"Barreiro","Samphel"
23814,"Garnham","Jovan"
457867,"Nitta","Masami"
402641,"Vitiello","Khalid"
414602,"Feldmann","Valeska"
21731,"Shihab","Nahid"
429731,"Puoti","Gad"
22656,"Ranai","Takanari"
444191,"Terlouw","Mong"
46733,"Pluym","Mooi"
427835,"Tsukune","Chaoyi"
429474,"Slobodova","Radoslaw"
477234,"Kandlur","Shimshon"
406752,"Antonakopoulos","Masaru"
428597,"Schreiter","Leni"
408927,"Hartvigsen","Djenana"
77702,"Jiang","Barna"
19226,"Rouquie","Jaques"
248905,"Bakhtari","Sandeepan"
211427,"Bala","Yechiam"
447739,"Pouyioutas","Masamitsu"
200100,"Akaboshi","Kazuhito"
476402,"Prochazka","Piyawadee"
287582,"Gopalakrishnan","Paris"
420093,"Thummel","Shem"
443741,"Snedden","Eirik"
201922,"Sundgren","Gurbir"
204390,"Wilharm","Mitchel"
236189,"Binkley","Sigeru"
84873,"Ramamoorthy","Alenka"
107443,"Yurov","Yahiko"
454724,"Bamford","Gina"
221714,"Tagansky","Zeydy"
208395,"Lorcy","Lidong"
33717,"Esposito","Uli"
457681,"DuBourdieux","Peer"
433784,"Luce","Martine"
227320,"Munke","Yolla"
237565,"Merel","Margareta"
223515,"Baer","Teruyuki"
295644,"Nations","Subhankar"
435844,"Hoogerwoord","Rayond"
33727,"Highland","Uno"
433223,"Bail","Guoxiang"
456311,"Pesch","Jouko"
279851,"Hellwagner","Weicheng"
48483,"Munch","Alejandra"
48611,"Haldar","Akeno"
417880,"Soicher","Mandell"
48162,"Krone","Baoqiu"
441938,"Fadgyas","Toong"
70517,"Porotnikoff","Jaber"
276688,"Plavsic","Augustine"
268204,"Vakili","Nahid"
28128,"Slaats","Huican"
265737,"Barvinok","Chirstian"
233509,"Vural","Sukumar"
66256,"Schiettecatte","Atilio"
55338,"Pesch","Chinhyun"
413326,"Bouloucos","Yannis"
408081,"Hasenauer","Zhilian"
289889,"Vendrig","Florina"
260880,"Genin","JoAnne"
235070,"Cheshire","Radoslaw"
253353,"Orsini","Lansing"
35825,"Bratten","Geoff"
290851,"Gladwell","Nikolaos"
63494,"Fujisawa","Gully"
287117,"Kamble","Adas"
72363,"Ernst","Jinxi"
461753,"Mawatari","Hidde"
79714,"Avouris","Kiam"
226896,"Akaboshi","Yurij"
230139,"Boguraev","Tze"
231868,"Holburn","Owen"
44111,"Streit","Sugwoo"
443794,"Kroll","Takahira"
28293,"Ladret","Dipankar"
261007,"Jayawardene","Yakkov"
87407,"Passafiume","Mircea"
41236,"Cunliffe","Kaijung"
42109,"Speer","Shigeu"
71111,"Rijckaert","Denis"
478219,"Matzel","Arlette"
203214,"Kilgour","Paraskevi"
238223,"Mapelli","Noritoshi"
234001,"Mamelak","Lijia"
270609,"Zumaque","Manton"
212740,"Narahara","Nechama"
203888,"Miculan","Hausi"
203577,"Glowinski","Niteen"
412653,"Rajcani","Nobuyoshi"
89763,"Ghelli","Jamaludin"
449436,"Paciorek","Hitofumi"
430256,"Sankaranarayanan","Lucian"
449039,"Pietracaprina","Demos"
57501,"Chiodo","Keiichiro"
77557,"Khalid","Taisook"
76169,"Ghalwash","Paris"
462805,"Savasere","Marin"
109192,"Barbanera","Baruch"
103642,"Picaronny","Dipayan"
94548,"Dayana","Roddy"
13308,"Melter","Demin"
204029,"Litzkow","Shaowen"
422055,"Picci","Moti"
92987,"Emden","Kiyotoshi"
226342,"Flexer","Saeed"
23249,"Hutter","Gita"
19013,"Zultner","Katsuyuki"
45932,"Wolniewicz","Martial"
416160,"Bazzichi","Stella"
96500,"Sadowsky","Chikako"
79115,"Narlikar","Adin"
469821,"Andreotta","Aluzio"
82324,"Knightly","Ashish"
247324,"Zaccaria","Kristen"
203690,"Soloway","Zeljko"
269018,"Uehara","Edwin"
468711,"Molenaar","Jianhui"
105154,"Montemayor","Lenore"
252487,"Aloia","Gennady"
48644,"Azuma","Khalil"
258487,"Vingron","Vidya"
405626,"Holburn","Arun"
27616,"Benner","Xuedong"
61710,"Rajcani","Padma"
35042,"Servieres","Nahid"
278453,"Suermann","Mizuhito"
88754,"Thorensen","Garnet"
293535,"Rodier","Shimshon"
244169,"Ruemmler","Deniz"
34241,"Ariola","Remco"
471948,"Perng","Debaprosad"
231456,"Sooriamurthi","Tsvetan"
468426,"Kumaresan","Ghassan"
413377,"Hedayat","Rafail"
460746,"Nitto","Reinhard"
58090,"Spelt","Dmitri"
43709,"Munck","Mohua"
230136,"Iisaka","Lorien"
202877,"Nitta","Rafols"
405065,"Barriga","Sadok"
288619,"Zyda","Dulce"
280031,"Gyorkos","Valter"
36517,"Ghalwash","Herb"
15466,"Dichev","Younwoo"
274487,"Azumi","Mohit"
73399,"Ozeki","Berto"
463177,"Leaver","Bernice"
88402,"Hiraishi","Yongdong"
60625,"Weedman","Ronghao"
77579,"Mandelberg","Shooichi"
472425,"Tzvieli","Elgin"
290552,"Debuse","Mototsugu"
237075,"Bierbaum","Subhada"
101802,"Boguraev","Spyrose"
29086,"Smeets","Vasilis"
297151,"Vidal","Yurij"
219652,"Wissmann","Jingling"
215786,"Heusch","Katsuo"
47219,"Senzako","Kyoichi"
296534,"Hofting","Khosrow"
429814,"Tischendorf","Georg"
400146,"Uhrig","Bowen"
45262,"Gien","Chanjung"
13345,"Basart","Hatsukazu"
284830,"Luff","Stafford"
23731,"Stille","Kien"
210274,"Aumann","Otilia"
101513,"Brodie","Paris"
92806,"Curless","Goo"
213200,"Veccia","Claude"
462663,"Schaar","Mong"
290951,"Barreiro","Tru"
262793,"Gulak","Bilhanan"
283177,"Cappelli","Alassane"
200755,"Delgrande","Nevio"
414829,"Dayang","Bernardo"
251601,"Vural","Jessie"
406593,"Sambasivam","Uli"
274692,"McFarlin","Irene"
431350,"Peha","Mototsugu"
451523,"Scallan","Jacopo"
268811,"Peyn","Luigi"
82764,"Strehl","Fumiko"
202787,"Rattan","Zhiguo"
55247,"Karlin","Ymte"
10400,"Nitto","Ortrud"
55046,"Kleiser","Heping"
286285,"Demir","Adly"
280891,"Baba","Arno"
261275,"Hanratty","Irene"
54637,"Trogemann","Vojin"
58746,"Kaltofen","Reinhard"
427555,"Georgatos","Sajjad"
259448,"Conti","Mari"
94933,"Castellani","Jongsuk"
265286,"Mahmud","Inderjeet"
96590,"Varker","Serenella"
86154,"Lund","Heon"
443512,"Heydon","Eben"
32236,"Perez","Fumiya"
403478,"Matzat","Arch"
443711,"Cooke","Subhankar"
86792,"Falco","Vivian"
276526,"Jeong","Guiseppe"
253721,"Peris","Hyuncheol"
218807,"Goldhammer","Jasminko"
68071,"Luef","Denny"
42451,"Chepyzhov","Thodoros"
35217,"Ducloy","Stamatina"
480583,"Peir","Guiseppe"
17823,"Acton","Uriel"
295611,"Bhattacharjee","Kien"
102802,"Speek","Mechthild"
61937,"Baranowski","Fox"
291549,"Angel","Kazuhito"
94673,"Takanami","Kankanahalli"
447651,"Ranst","Adit"
209085,"Yamaashi","Rafols"
87848,"Atrawala","Christophe"
427066,"Alencar","Chandrasekaran"
208135,"Wissmann","Wanqing"
291717,"Hiroyama","Masanao"
207824,"Clouatre","Rosella"
222236,"Wixon","Xuejun"
433687,"Giveon","Conrado"
91330,"Kopetz","Franziska"
35708,"Gill","Clyde"
400777,"Murthy","Rasikan"
275212,"Narahari","Dannz"
228148,"Yetto","Gro"
206464,"Heinisuo","Masaru"
241764,"Neimat","Kazuyasu"
454247,"Perfilyeva","Xinan"
228201,"Grabner","Ziyad"
74586,"Narahara","Tzu"
266249,"Nishimukai","Sumant"
32066,"Stentiford","Faiza"
471530,"Lukaszewicz","Masoud"
224244,"Barriga","Gina"
44646,"Sundgren","Juyoung"
35080,"Setlzner","Denny"
297974,"Fontan","Maja"
99362,"Eiter","Radhika"
443603,"Poupard","Christfried"
239582,"Whitcomb","Bikash"
107684,"Chandrasekhar","Uma"
70787,"Masaki","Reinhard"
56517,"Merel","Dinkar"
99275,"Eickenmeyer","Guozhong"
471631,"Ibel","Mingsen"
53663,"Segond","Mamdouh"
478615,"Gajiwala","Arve"
263085,"Peng","Martijn"
223098,"Nitta","Jeong"
16500,"Servieres","Elvis"
224833,"Piveteau","Leon"
415314,"Milicic","Marl"
68049,"Narwekar","Chenxi"
481505,"Munoz","Odysseas"
262068,"Angot","Divine"
101525,"Chaudhuri","Manibrata"
25624,"Murtha","Krister"
266147,"Krichel","Lalit"
200374,"Sgarro","Selwyn"
60330,"Kamber","Amstein"
435137,"Dulin","Ronghao"
77980,"Sidje","Yongmin"
286827,"Merey","Yunming"
464242,"Androutsos","Gen"
92491,"Speckmann","Utpal"
470743,"Cairo","Tesuro"
208699,"Isaak","Sachio"
481663,"Nollmann","Ingemar"
286949,"Milicic","Prodip"
30010,"Marrakchi","Pramod"
283422,"Schwabacher","Arumugam"
98998,"Chenney","Jouni"
40991,"Bage","Anneli"
227717,"Lunn","Fumiyo"
222619,"Malabarba","Arve"
108506,"Mawatari","Hidefumi"
41934,"Bratten","Lansing"
82027,"Ellozy","Henk"
43438,"Zultner","Sampalli"
31578,"Suessmith","Shem"
404239,"Malinowski","Weidon"
465836,"Klerer","Shahid"
249511,"Laventhal","Jianhui"
414804,"Verspoor","Torsten"
65448,"Benzaken","Menkae"
275414,"Peron","Almudena"
94425,"Nergos","Kersti"
67420,"Nyrup","Gritta"
10248,"Tempesti","Frederique"
423125,"Gubsky","Mari"
411090,"Collavizza","Manton"
263913,"Berstel","Sampalli"
55763,"Picht","Hongzue"
93384,"Bridgland","Radhakrishnan"
297727,"Improta","Tremaine"
252835,"Schahn","Youngkon"
200029,"Anguita","Boutros"
464544,"Koshiba","Duke"
246461,"Pintelas","Ziya"
299560,"Peternell","Ishfaq"
252993,"Piazza","Sushant"
282875,"Taneja","Eric"
461621,"Passino","Jordanka"
415767,"Matzke","Kenton"
82205,"Fiutem","Barun"
410735,"Siksek","Aloke"
262720,"Giarratana","Masaru"
226095,"Kalsbeek","Unal"
240907,"Kilgour","Kristine"
224600,"Dusink","Khosrow"
223692,"Middleton","Djelloul"
285746,"Munke","Jenwei"
279212,"Auyong","Alagu"
41862,"Itzigehl","Ramalingam"
450613,"Reinhard","Maik"
60721,"Olano","Macha"
53871,"Hebert","Xudong"
480044,"Jording","Sudhanshu"
260877,"Cooke","Munenori"
235096,"Gyimothy","Sverrir"
427791,"Laurillard","Xiaopeng"
252216,"Lichtman","Adamantios"
241135,"Krupka","Heping"
258955,"Pollock","Serenella"
427024,"Niizuma","Munenori"
444729,"VanScheik","Menkae"
416932,"Erie","Katsuo"
434249,"Bonifati","Malu"
468375,"Trumbly","Niclas"
61542,"Dahlbom","Theron"
294961,"Demizu","Honesty"
11546,"Vuskovic","Duro"
481630,"Czaja","Khosrow"
466801,"Kusalik","Anwar"
94140,"Perri","Tiina"
425134,"Nittel","Hausi"
295389,"Coorg","Leandro"
239391,"Merli","Mandell"
60991,"Murthy","Ung"
451550,"Terkki","Bodh"
405019,"Pavlopoulou","Giri"
31107,"Facello","Fai"
223457,"Bernick","Remmert"
283785,"Sessa","Haldun"
92125,"Pettey","Toshimi"
107306,"Segond","Shridhar"
91667,"Waterhouse","Ghassan"
10955,"Danley","Urs"
294731,"Zastre","Odysseas"
218271,"Luft","Leandro"
459463,"Denis","Akeel"
221192,"Danley","Xiaoshan"
267594,"Rijsenbrij","Eirik"
57552,"Gargeya","Pranav"
277078,"Rodite","Yongdong"
412710,"Kamber","Oscar"
87230,"Mitina","Krister"
68237,"Thiran","Candida"
450330,"Leslie","Ulises"
401920,"Stranks","Hiroyasu"
296557,"Roccetti","Constantine"
226939,"Sullins","Yongmao"
92706,"Azulay","Mamdouh"
30681,"Baak","Bernice"
467718,"Pews","Fatemeh"
276663,"Luby","DeForest"
48436,"Lanteri","Yakkov"
467084,"Janocha","Nobuyoshi"
293930,"Deville","Branimir"
108330,"Jiafu","JoAnne"
100142,"Isard","Terresa"
69839,"Dichev","Subir"
414956,"Besselaar","Yunming"
409928,"Horswill","Guoxiang"
401293,"Braccini","Sibyl"
257222,"Ciolek","Dung"
63066,"Levergood","Constantijn"
36548,"Ghelli","Val"
273424,"Fetvedt","Genta"
103411,"Conte","Sham"
106734,"Isard","Shmuel"
65852,"Vanwelkenhuysen","Falguni"
434895,"Backhouse","Dipankar"
251358,"Gniady","Jiafu"
469905,"Lamparter","Marc"
467893,"Cannard","Lena"
51825,"Cools","Xudong"
288836,"Dengi","Mamdouh"
65321,"Pulkowski","Almudena"
426181,"Scharstein","Morrie"
12097,"Serdy","Mostafa"
294996,"Vigier","Tomoyuki"
48868,"Casperson","Tran"
85247,"Piancastelli","Supot"
429878,"Falby","Sachem"
450423,"Madeira","Tsutomu"
443011,"Lanteri","Gregory"
73133,"Attimonelli","Tremaine"
13786,"Berendt","Takushi"
420367,"Barriga","Akeno"
214932,"Kawashimo","Giordano"
100737,"Kobuchi","Suvo"
88991,"Braunmuhl","Naftaly"
245969,"Kushner","Akhilish"
468100,"Lambe","Guoxiang"
437097,"Clemencon","Salvador"
203127,"Gils","Mats"
107700,"Steenbeek","Weidon"
223302,"Feldmann","Inderjeet"
100347,"Gajiwala","Otmar"
32822,"Muhling","Pramod"
475174,"Picco","Zhiguo"
276087,"Schieder","Baziley"
56070,"Jansen","Vasilis"
39733,"Perz","Nigel"
69009,"Debuse","Byong"
265818,"Serra","Froduald"
94042,"Bruckman","Yonghoan"
35144,"Tagansky","Constantino"
256952,"Hebert","Goh"
55743,"Docker","Kasturi"
287411,"Birjandi","Dipankar"
238024,"Highland","Keiichiro"
469664,"Basawa","Leandro"
61372,"Monkewich","Kazunori"
227515,"Hardjono","LiMin"
109500,"Luef","Dzung"
210358,"Panwar","Phuoc"
229430,"Bridgland","Marko"
66017,"Rouquie","Ohad"
57455,"Wossner","Moni"
286946,"Hebden","Debaprosad"
289260,"Kroon","Emran"
251365,"Eugenio","Phillip"
425342,"Ferretti","Deborah"
462993,"Brobst","Krister"
449545,"Mandell","Tru"
276315,"Cooke","Hirochika"
447043,"Lubachevsky","Barry"
277135,"Hebert","Aron"
226041,"Kropp","Sachem"
462702,"Tyugu","Harjit"
279732,"Imataki","Sedat"
480159,"Buescher","Kazuhiko"
33715,"Wynblatt","Armond"
265827,"Delaune","Kenton"
237538,"Reeken","Gonzalo"
402386,"Soicher","Saniya"
85605,"Emiris","Zongyan"
439920,"Stiles","Ute"
430691,"Valette","Akeno"
415858,"Dahlbom","Tesuro"
230294,"Cairo","Arne"
89971,"Brender","Toong"
19014,"Danecki","Jiafu"
471113,"Lichtner","Bernd"
437412,"Shinomoto","Shahab"
414330,"Hooghiemstra","Saeko"
102317,"Greibach","Chenxi"
438241,"Schwaller","Zsolt"
416662,"Veldwijk","Odysseas"
269237,"Naudin","Maik"
273860,"Snyers","Stamatina"
218206,"Bain","Ramalingam"
54420,"Rajcani","Youngkon"
51869,"Portugali","Odoardo"
90120,"Kambil","Lidong"
450340,"Himler","Chiranjit"
441570,"Knightly","Sangeeta"
249752,"Perl","Ibibia"
103154,"Heiserman","Godehard"
430046,"Ishibashi","Limsoon"
271516,"Thorensen","Fei"
210797,"Orsini","Sastry"
17279,"Braccini","Pramod"
477629,"Gaughan","JiYoung"
431030,"Nilsson","Doowon"
421812,"Gornas","Marco"
240049,"Improta","Hercules"
76361,"Murtagh","Doowon"
462994,"Haldar","Horward"
276000,"Jullig","Almudena"
34671,"Gils","Salvador"
13081,"Bahi","Mandell"
297843,"Breugel","Kazunori"
248946,"Plump","Hidekazu"
417528,"Welham","Eirik"
443641,"Naudin","Lillian"
401174,"Fiutem","Mana"
432449,"Vanwelkenhuysen","Serap"
291976,"Grandbois","Feixiong"
287652,"Parhami","Kousuke"
98018,"Pileggi","Yongdong"
453766,"Begiun","Vatsa"
213150,"Stentiford","KayLiang"
417004,"Decleir","Shakhar"
72256,"Litecky","Tonny"
31468,"Frolund","Chiranjit"
297607,"Miyakawa","Kazuhira"
253126,"Birta","Alejandro"
480591,"Kumaresan","Mary"
431698,"Dahlbom","Amabile"
462039,"Yavatkar","Mary"
49680,"Isaak","Marin"
47256,"DuBourdieux","Takahiro"
294893,"Marwedel","Hironoby"
44999,"Assaf","Chiradeep"
66036,"Erbe","Fox"
48408,"Madeira","Tzu"
102494,"Rosiles","Heping"
251329,"Conta","Kwangho"
224222,"Thorensen","Sumant"
297461,"Vickson","Tayeb"
260975,"Rullman","Tetsushi"
85201,"Berstel","Taiji"
60813,"Garnham","Shaowen"
12582,"Herath","Saniya"
479641,"Rousseau","Marin"
438626,"Roohalamini","Shaunak"
100954,"Hellwagner","Uzi"
473562,"Dehkordi","Zhenbing"
450855,"Demizu","Fei"
57315,"Krybus","Hideyuki"
209748,"Varker","Masami"
101753,"Biron","Mary"
24988,"Improta","Martijn"
473278,"Garigliano","Kien"
409301,"Harllee","Florian"
209696,"Markovitch","Gopalakrishnan"
55457,"Rusterholz","Xiahua"
35629,"Barbanera","Shooichi"
278485,"Vandervoorde","Jeane"
52752,"Rajcani","Barna"
73524,"Krohn","Moie"
466632,"Burnard","Sumant"
290058,"Peak","Prodip"
275745,"Condotta","Kiyokazu"
239805,"Papadias","Almudena"
57611,"Bojadziev","Arun"
66431,"Biros","Qunsheng"
32349,"DiGiano","Hairong"
294775,"Eickenmeyer","Vitali"
242190,"Piveteau","Salvador"
430147,"Jayawardene","Tran"
228734,"Ermel","Palash"
84323,"Hartvigsen","Nahla"
39722,"Rosenbaum","Stella"
249136,"Borovoy","George"
64342,"Lambe","Guozhong"
262360,"Lyonns","Charlene"
64085,"Giarratana","Jaewoo"
418390,"Kalafatis","Tzvetan"
252249,"Azumi","Sasan"
33845,"Neimat","Danai"
58330,"Huxford","Rildo"
207310,"Delgrande","Arnould"
68317,"Lyonns","Giordano"
40676,"Khasidashvili","Hatsukazu"
455086,"Bernini","Vasilii"
286933,"Baaleh","Tommaso"
58495,"Noriega","Amalendu"
11022,"Pintelas","Apostol"
481784,"dAstous","Mizuhito"
218727,"Kermarrec","Shigeo"
407654,"Ghemri","Shaowei"
11214,"Ibel","Elgin"
252234,"Hasenauer","Haldon"
246016,"Rajcani","Tsuneo"
63536,"Anido","Persi"
282096,"Zobel","Zvonko"
222249,"Schnabel","Gererd"
466475,"Piveteau","Zijian"
285771,"Garnick","Chaoyi"
58122,"Peris","Hein"
51794,"Oaver","Mizuhito"
39250,"Schlumberger","Somnath"
85123,"Karcich","Itzchak"
422716,"Albarhamtoshy","Arvind"
465193,"Falster","Dannz"
10596,"Coors","Sanjit"
230723,"Portugali","Shimshon"
225107,"Fadgyas","Changho"
74985,"Bazzichi","Kristine"
258952,"Hammerschmidt","Yechezkel"
216756,"Sgarro","Munir"
296431,"Goldhammer","Basil"
282551,"Cherinka","Salvador"
435973,"Luks","Ramalingam"
401049,"Tiemann","Niteen"
400369,"Asrin","Khatoun"
102255,"dAstous","Shichao"
217717,"Erdmenger","Danae"
88494,"Ritzmann","Aksel"
24597,"Bakhtari","Tsuneo"
13037,"Schaad","Alagu"
474943,"Pileggi","Kazuhiko"
20875,"Streng","Yinghua"
445509,"Templeman","Hein"
35561,"Picel","Changho"
104972,"Trachtenberg","Maya"
445340,"Hanratty","Moie"
478073,"Bisiani","Masaru"
299341,"Baig","Georgy"
285636,"McClurg","Wonhee"
427718,"Heijenga","Mark"
18274,"Karnin","Yefim"
28286,"Kuzuoka","Mohan"
229793,"Papsdorf","Olivera"
233492,"Breugel","Zhensheng"
23592,"Templeman","Marek"
282449,"Sherertz","Khalid"
464860,"Leuchs","Tse"
415219,"Beutelspacher","Shiv"
422363,"Pramanik","Tetsurou"
481810,"Parveen","Hyuncheol"
281181,"Iisaku","Gil"
425793,"Gire","Xiaocheng"
229294,"Babu","Subhada"
77915,"Schnelling","Shimshon"
452383,"Sadowski","Tzvetan"
54181,"Benveniste","Neven"
424156,"Eterovic","Premsyl"
286367,"Chinal","Zhonghui"
424952,"Cromarty","Xiaoqiang"
297552,"Buchter","Claudi"
207875,"Slaats","Poornachandra"
58075,"Rosiles","Niteen"
219172,"Fetvedt","DAIDA"
86850,"Erdmenger","Thodoros"
230410,"Furudate","Vincent"
29607,"Gluchowski","Rayond"
109434,"Msuda","Beshir"
262663,"Riexinger","Fumino"
32238,"Lindenbaum","Saddek"
420843,"Gecseg","Lech"
283903,"Prochazka","Gretta"
90158,"Cappelli","JiYoung"
461023,"Anguita","Foong"
107897,"Ravishankar","Moss"
287408,"Chaudhuri","Gladys"
86578,"Poujol","Evgueni"
454722,"Hofting","Stein"
273895,"Ullian","Masami"
456221,"Feldhoffer","Dhritiman"
467349,"Hegner","Gao"
419582,"Orlowski","Rutger"
30658,"Benaini","Shimshon"
275988,"Kamber","Teiji"
80554,"Lortz","Janalee"
11586,"Orsini","Shridhar"
475972,"Zambonelli","Huican"
71421,"Hebert","Anneke"
424295,"Picel","Sugwoo"
13236,"Axelband","Flemming"
451367,"Berendt","Nitsan"
281480,"Bahl","Divine"
245093,"Zlotek","Jixiang"
99565,"Bahk","Lijie"
71134,"Fiutem","Premsyl"
72099,"Thambidurai","Anestis"
410482,"Peron","Aleksander"
42107,"Dalton","Tianruo"
20154,"Parascandalo","Makato"
266301,"Mateescu","Patricio"
48299,"Krychniak","Abdelaziz"
52513,"Mungall","Elvis"
475587,"Kusakabe","Shan"
409881,"Gecsel","Xiadong"
253544,"Jenevein","Hailing"
37323,"Sanella","Mohan"
409315,"Versino","Shay"
231000,"Krzyzanowski","Surveyors"
271405,"Comyn","Souichi"
479974,"Mandell","Turgut"
32428,"Senzako","Subhada"
471298,"Segond","Tomofumi"
437369,"Biran","Kazuhide"
298760,"Benaini","Gad"
28503,"Maginnis","Satyanarayana"
401011,"Cooman","Hideo"
227877,"Tsukune","Leszek"
47165,"Picel","Vasilii"
74238,"Sadowsky","Sven"
450004,"Atchley","Wayne"
108923,"Shrader","Rosalyn"
282133,"Brickell","Marek"
24056,"Shrader","Gladys"
11660,"Stenning","Gill"
458481,"Valiente","Kannan"
200480,"Harnett","Xianlong"
260541,"Scharstein","Ute"
28748,"Wursthorn","Muzhong"
299729,"Cheshire","Basant"
416747,"Syang","Wonhee"
262781,"Fontet","Weiru"
290443,"Schoegge","Ger"
101880,"Potthoff","Val"
47121,"Hiyoshi","Mong"
429759,"Hoppenstand","Frederique"
249111,"Shumilov","Rimon"
13691,"Schnelling","Sandeepan"
219998,"Lindqvist","Lijia"
19096,"Trelles","Zhiwei"
203323,"Slutz","Sachio"
84621,"Ducloy","Weiye"
419106,"Kushnir","Kersti"
412610,"Flanders","Moti"
225199,"Picaronny","Mechthild"
102750,"Ushiama","Weiru"
102166,"Zschoche","Feiyu"
64931,"Luef","Rosli"
295666,"Hellwagner","Takahito"
472817,"Greenaway","Jessie"
426400,"Huttel","Poorav"
425451,"Limongiello","Ekawit"
471581,"Rohrbach","Zijian"
280962,"Slutz","Morrie"
88553,"Matheson","Aamer"
33824,"Peltason","Bedir"
242331,"Warwick","Theron"
88547,"Sadowski","Mihalis"
291936,"Albarhamtoshy","Mario"
234932,"Brodie","TRUE"
241829,"Mitsuhashi","Bouchung"
105104,"Melton","Lena"
96030,"Schaft","Mohit"
50755,"Parhami","Radoslaw"
413774,"Butterworth","Jacqueline"
450185,"Thambidurai","Lunjin"
212881,"Koblitz","Weiyi"
285483,"Mansanne","Sreenivas"
240977,"Rikino","Roddy"
200668,"Whitcomb","Jaana"
33315,"Geffroy","Chikako"
251180,"Marrakchi","Udo"
409844,"Keirsey","Christoper"
21763,"Beznosov","Nigel"
404820,"Awdeh","Arfst"
250676,"Hiltgen","Shuky"
44358,"Munck","Tzvetan"
245822,"Kropf","Suebskul"
220602,"Falster","Shahar"
470451,"Saoudi","Zhensheng"
85599,"Angelov","Charmane"
419117,"Lorcy","Martine"
77499,"Baby","Guozhong"
224922,"Schlenzig","Thanasis"
276389,"Hofman","Van"
106186,"Sewelson","Gonzalo"
466720,"Bolotov","Shakhar"
422651,"Cyre","Jiakeng"
44049,"Cochrane","Sergi"
108144,"Isard","Ult"
212460,"Mandell","Tua"
85276,"Sullins","Manu"
44697,"Kossowski","Niteen"
271113,"Kenevan","Barun"
25537,"Ibel","Akeel"
461795,"Fraisse","Hairong"
449223,"Peak","Gad"
274457,"Smailagic","Shmuel"
473092,"Prenel","Ishfaq"
435971,"Kisuki","Christfried"
260482,"Fordan","Prodip"
64403,"Angiulli","Yuichiro"
407367,"Lindqvist","Jackson"
45928,"Thiran","Somnath"
55130,"Serra","Duri"
423177,"Eldridge","Basem"
239286,"Spinelli","Nikolaus"
235024,"VanScheik","Sariel"
211002,"Mungall","Rance"
208174,"Rosca","Mokhtar"
459035,"Back","Huan"
435706,"Roison","Heng"
248274,"Deville","Zhenbing"
26317,"Weedman","Valdiodio"
214565,"Michaels","Brigham"
466461,"Kampfer","Maria"
71059,"Waschkowski","Aram"
11430,"Klassen","Georgi"
443881,"Delgrande","Vishwani"
453182,"Itzigehl","Mohammad"
440793,"Pauthner","Claudi"
82727,"Ratzlaff","Sigeru"
456697,"Luff","Spyrose"
268478,"Erie","Yoshinari"
103087,"Miculan","Ayakannu"
298803,"Avouris","Miomir"
284875,"Emmart","Yechezkel"
233864,"Schaft","Dekang"
103470,"Maksimenko","Zissis"
65199,"Spataro","Ipke"
433690,"Fordan","Djelloul"
287915,"Murrill","Paloma"
475000,"Bellmore","Chinhyun"
227711,"Ananiadou","Along"
273015,"Blokdijk","Parviz"
444765,"Felcyn","Vivian"
45465,"Cronan","Yaghout"
71777,"Uehara","Koldo"
58058,"Oxenboll","Hugh"
42497,"Talmor","Eran"
442438,"Huttel","Muneo"
226861,"Bahi","Amalendu"
80518,"Vasanthakumar","Arto"
416957,"Pollock","Magy"
39660,"Hammerschmidt","Goo"
56500,"Makrucki","Toney"
418021,"Caine","Basant"
13477,"Karlin","Reuven"
253733,"Rissland","Jiang"
299105,"Minakawa","Mayuri"
459820,"Nyanchama","Pranay"
10087,"Eugenio","Xinglin"
30843,"Leppanen","Monique"
467348,"Sankaranarayanan","Sachio"
219086,"Glowinski","Persi"
466242,"Gonthier","Weijing"
258553,"Kowalchuk","Abdulah"
252947,"Naumovich","Danny"
74625,"Matzen","Shugo"
289661,"Daescu","Zdislav"
243404,"Heiserman","Boaz"
211399,"Grabner","Tadahiko"
206198,"Jiafu","Vidya"
428887,"Marzano","Yefim"
410897,"Buchter","Bluma"
229620,"Shackell","Arun"
240491,"Eiter","Nakhoon"
271024,"Cairo","Byong"
103517,"Haraldson","Olivera"
261864,"Maginnis","Froduald"
47925,"Kamble","Angel"
458291,"Rabejac","Zissis"
255986,"Scallan","Nalini"
225500,"Hiltgen","Bedir"
213899,"Uehara","Tsvetan"
220066,"Monarch","Laurentiu"
250473,"Raoux","Miomir"
405395,"Orlowski","Fusako"
293368,"Henders","Ortrun"
211566,"Trachtenberg","Bokyung"
411947,"Baranowski","Hinrich"
413783,"Ermel","Hidefumi"
285353,"Radivojevic","Mark"
68065,"Maierhofer","Filipe"
475784,"Emden","Ayakannu"
461049,"Serdy","Feiyu"
455373,"Eiter","Shimshon"
35581,"Straney","Randi"
21320,"Merlo","Gina"
445225,"Kroha","Kwan"
89671,"Jiafu","Jahangir"
254463,"Pappas","Douadi"
94659,"Baranowski","Basil"
403197,"Reeken","Ronnie"
83612,"Veevers","Branimir"
266560,"Esteva","Sivanarayana"
224172,"Vingron","Fei"
201306,"Landherr","Mani"
72156,"Stassinopoulos","Izaskun"
403208,"Benner","Unal"
245593,"Perez","Shigeu"
444660,"Denny","Xuedong"
25132,"Heping","Indrajit"
428485,"Doering","Munir"
71826,"Brickell","Chandrasekaran"
404519,"Ecklund","Jaewon"
480562,"Szilard","Wojceich"
224512,"Miculan","Kamran"
471670,"Kading","Josyula"
52536,"Huhdanpaa","Hilari"
442651,"Debuse","Bedrich"
64745,"Murrill","Stella"
453568,"Boissier","Akemi"
15507,"Luff","Mikhail"
454570,"Staelin","Vasilii"
59455,"Constantine","Gennady"
67090,"Hofmeyr","Aiichiro"
104212,"Driscoll","Bedrich"
425361,"Junot","Shrikanth"
295503,"Lund","Tayeb"
83979,"Gerlach","Tadanori"
466208,"Bashian","Jeane"
12708,"Syang","Hatem"
211789,"Kugler","Shimshon"
402353,"Heydon","Munehiko"
229901,"Hofman","Percy"
70944,"Siksek","Berhard"
479829,"Nicolson","Becky"
37150,"Menyhert","Nevio"
477846,"Mateescu","Byong"
407070,"Feldmann","Kokou"
403327,"Bernini","Qiwen"
466755,"Gill","Zhongwei"
454441,"Niizuma","Monique"
269252,"Schwartzbauer","Behnaam"
205603,"Openshaw","Aris"
473213,"Reinhard","Franziska"
222892,"Ranai","Shuichi"
86724,"Tibblin","Shirish"
465800,"Schwaller","Kerryn"
70390,"Reinhart","Kirk"
425132,"Perry","Christoper"
204827,"Cusworth","Lijia"
96617,"Peak","Shirish"
79251,"Taubenfeld","Gennady"
239811,"Lichtman","Chirstian"
46484,"Rabehasaina","Neelam"
35901,"Garnier","Nikolaos"
429058,"Badr","Guenter"
417582,"Usdin","Yucai"
79390,"Shigei","Bernt"
99023,"Kusakabe","Gill"
258882,"Nittel","Teunis"
37903,"Alencar","Sibyl"
238840,"Waschkowski","Tuval"
477315,"Randt","Shuzo"
280255,"Roccetti","Richara"
473476,"Luit","Mariusz"
274711,"Baig","Akemi"
409787,"Hofstetter","Zhigen"
209408,"Sanella","Nevin"
91033,"Clouatre","Rosli"
32074,"Unni","Bezalel"
99792,"Calkin","Kensyu"
54196,"Bahl","Jiafu"
470533,"Comellas","Sakthirel"
420622,"Katzenelson","Susanna"
296416,"Markovitch","Demin"
475500,"Bage","Mads"
419491,"Schauser","Shaleah"
426445,"Turnbull","Anwar"
463553,"Passino","Fumiya"
223191,"Ramamoorthy","Zijian"
108607,"Lakshmanan","Francesca"
47077,"Munawer","Qingxiang"
285087,"Badache","Masako"
26796,"Skafidas","Ohad"
105872,"Schade","Shin"
31565,"Nourani","Duro"
288073,"Kroha","Adam"
69927,"Chandrasekhar","Kensyu"
272537,"Bamford","Zongyan"
108549,"Kieras","Masasuke"
220278,"Reghbati","Xiaoheng"
294715,"Solovay","Premsyl"
22323,"Perelgut","Malu"
436090,"Calkin","Barna"
409402,"Gaughan","Prodip"
467784,"Rosti","Feipei"
406587,"Anick","Xuejia"
17951,"Merks","Ferdinand"
421980,"Halloran","Mingzeng"
58362,"Randi","Raimond"
42881,"Wendorf","Stamatina"
404679,"Vandervoorde","Atilio"
68407,"Peternell","Jahangir"
228726,"Schaaf","Yechiam"
49173,"Lanteri","Chikara"
288907,"Menhoudj","Terresa"
247748,"Piancastelli","Ranan"
439193,"Polajnar","Duke"
407597,"Rodiger","Minghong"
237210,"Murtha","Kristina"
434215,"Clouatre","Ramalingam"
99509,"Luft","Eldridge"
37990,"Matzov","Bernt"
26432,"Krichel","Honesty"
280866,"Hofmeyr","Masadi"
66500,"Avouris","Chinya"
426931,"Rossi","Indrajit"
293653,"Ulupinar","Remzi"
107399,"Ramamoorthy","Yuqun"
210921,"Birsak","Parke"
48310,"Bierman","Yechiam"
261711,"Loncour","Claudi"
72825,"Bennet","Angus"
410305,"Kavanagh","Ebru"
449296,"Doering","Kensei"
275556,"Grandbois","Jiakeng"
415398,"Schmezko","Yahiko"
232982,"Etalle","Supot"
471781,"Swab","Alper"
284860,"Barreiro","Uriel"
53103,"Molenkamp","Nechama"
482000,"Cannata","Zvonko"
215595,"Bruckman","Tze"
82398,"Heinisuo","Gladys"
478791,"Herber","Yuriy"
476950,"Flasterstein","Gou"
272922,"Baca","Basim"
246324,"Rissland","Perla"
218030,"Biran","Emdad"
209342,"Avouris","Khalid"
104817,"Savasere","Achilleas"
456971,"Baig","Jeanne"
38967,"Peak","Mitsuyuki"
440304,"Luders","Niranjan"
77350,"Kermarrec","Sangeeta"
33078,"Compeau","Lena"
254454,"Ponthieu","Uinam"
246716,"Luders","Dante"
213841,"Maierhofer","Cullen"
261634,"Naumovich","Torsten"
265141,"Polupanov","Heekeun"
25565,"Levergood","Guangming"
299048,"Pettis","Denis"
291734,"Heinisuo","Serge"
442612,"Peron","Huiqun"
236746,"Mattern","Maja"
475673,"Lagarias","Mariusz"
265269,"Tetzlaff","Wanqing"
291502,"Zielinski","Wuxu"
45517,"Bratsberg","Xinglin"
89470,"Suri","Marlo"
462874,"Mandell","Pranay"
468139,"Solovay","Hisao"
54079,"Pezzoli","Chuanti"
462208,"Hopewell","Stafford"
260376,"Selvestrel","Gino"
40505,"Syrzycki","Mona"
212558,"Pollock","Yaghout"
275613,"Waeselynck","Pasqua"
224611,"Champarnaud","Fei"
435008,"Baik","Alenka"
78528,"Panangaden","Fai"
64291,"Speckmann","Boaz"
47112,"Sullins","Randi"
427885,"Slutz","Arch"
57303,"Oskamp","Kiyotoshi"
480687,"Marzano","Susanna"
467923,"Setiz","Nathan"
264683,"Nannarelli","JoAnna"
250194,"Crabtree","Roded"
234651,"Dratva","Xuedong"
252141,"Pillow","Djelloul"
245404,"Staylopatis","Goetz"
217915,"Munch","Aran"
98017,"Gils","Sachio"
69213,"Bernini","Olivera"
26930,"Hennings","Younwoo"
435738,"Kitai","Susuma"
88677,"Zuberek","Marke"
226018,"Puppe","Rosalie"
70148,"Passino","Suvo"
440557,"Stifter","Dharmaraja"
38619,"Pena","Avishai"
25600,"McClurg","Jinpo"
10965,"Braunschweig","Eckart"
234249,"Geffroy","Muneo"
402406,"Larfeldt","Mats"
82698,"Lipner","Shaz"
103545,"Isaac","Shir"
14553,"Selvestrel","Uri"
32273,"Pashtan","Theirry"
240640,"Marwedel","Sumali"
234918,"Khalil","Kannan"
218617,"Gimbel","Randi"
294073,"Rouquie","Chaitali"
427870,"Gammage","Lijia"
266275,"Rosch","Greger"
102151,"Staylopatis","Atreyi"
427459,"Weedman","Yuqun"
88222,"Geffroy","Karsten"
421135,"Henders","Debatosh"
107097,"Badache","Kitty"
82289,"Francisci","Sachar"
224052,"Muntz","Aleksander"
68646,"Radhakrishnan","Arunas"
423055,"Hainaut","Luise"
24502,"Ratnakar","Takahiro"
289419,"Ozeri","Kenroku"
299314,"Dayang","Shietung"
286219,"Rehfuss","Gita"
19580,"Tagansky","Stein"
261666,"Schmiedel","Woody"
403653,"Assaf","Shan"
275536,"Murtagh","Jacopo"
104178,"Azadmanesh","Vojin"
77621,"Lanteri","Maik"
436622,"Redmiles","Gaetan"
445792,"Peron","Owen"
202003,"Nivat","Baoqiu"
76075,"Erol","Elvia"
107207,"Gammage","Danil"
73956,"Bach","Randi"
254798,"Famili","Takanari"
58959,"Gecseg","Younwoo"
61163,"Kalloufi","Goo"
102125,"Verhoeff","Dmitri"
285517,"Swab","Naftaly"
104207,"Coombs","Shmuel"
36241,"Bahk","Miomir"
443933,"Brookman","Heejo"
436624,"Meriste","Atilio"
43335,"Osgood","Yahiko"
250882,"Masand","Chenyi"
446150,"Bugrara","Huan"
20827,"Leslie","Wonhee"
278808,"Fendler","Baocai"
94642,"Pleszkun","Kokou"
36522,"Swen","Heping"
11621,"Baaleh","Ottavia"
251170,"Dechter","Akeno"
223522,"Vasanthakumar","Boguslaw"
411818,"Muhlberg","Selwyn"
90235,"Flasterstein","Sumant"
415437,"Delgrange","Jaana"
56290,"Yurov","Werner"
417133,"Benantar","Troy"
423608,"Mawatari","Christoper"
297740,"Masamoto","Dhritiman"
260009,"Fontet","Shaunak"
39718,"Zedlitz","Aron"
21994,"Babb","Lech"
228196,"Desikan","LiMin"
83561,"Luon","Lalit"
440990,"Nishimukai","Vincent"
39856,"Barinka","Goo"
449454,"Hiroyama","Jiafu"
245181,"Holburn","Kokou"
72052,"Cangellaris","Mack"
253167,"Geffroy","Weiye"
273138,"Rebaine","Mizuhito"
100771,"Schmittgen","Fusako"
422540,"Etalle","Turgut"
246292,"Denna","Tamiya"
478299,"Puppe","Pranav"
402011,"Hatcliff","Bodo"
453786,"Cannata","Yagil"
274196,"Demizu","Ghassan"
59190,"Lukaszewicz","Dmitri"
33410,"Picht","Ghassan"
461228,"Rassart","Sven"
107530,"McAlpine","Shakhar"
292680,"Anick","Tran"
235786,"Schlumberger","Przemyslawa"
427203,"Aloisi","Xuedong"
402281,"Eiron","Boguslaw"
259005,"Heuter","Emran"
94234,"Cherinka","Kristin"
401759,"Ramsay","Kinh"
97156,"Ashish","Kitty"
477820,"Pettit","Bangqing"
258664,"Stroustrup","Kagan"
265304,"Seuren","Larisa"
256728,"Huxford","Sajjan"
36073,"Gire","Shirish"
54565,"Hebden","Masoud"
403355,"Gist","Mads"
288819,"Lagarias","Ortrud"
63425,"Businaro","Dmitry"
293741,"Setiz","Takahira"
460076,"Swift","Chinhyun"
231698,"Yurov","Zhanqiu"
34700,"Syrzycki","Raimond"
100937,"Ratzlaff","Limsoon"
91658,"Vernadat","Toshimi"
439852,"Butterworth","Boriana"
243926,"Picaronny","Valeska"
206407,"Angelopoulos","Miyeon"
62622,"Kushner","Yishai"
271584,"Kobara","Heon"
452019,"Staylopatis","Uma"
408683,"Thummel","Jacqueline"
466663,"Limongiello","Lokesh"
449125,"Buescher","Elrique"
100249,"Mawatari","Aloke"
50680,"Lienhardt","Vasilii"
244561,"Chleq","Augustine"
86766,"Androutsos","Mong"
205335,"Janetzko","Gina"
440057,"Yetim","Gro"
201852,"Luce","Ramya"
105004,"Schoegge","Hiroyasu"
409386,"Mattern","Jackson"
469889,"Smailagic","Sajjan"
285675,"Orsini","Deborah"
213415,"Mahmud","Baziley"
59114,"Vieri","Xumin"
265684,"Sabnani","Luigi"
29578,"Kusalik","Idoia"
477110,"Collette","JiYoung"
442645,"Apsitis","Elvis"
401534,"Woycyznski","Feipei"
253451,"Poulakidas","Remco"
87591,"Kowalchuk","Arnd"
415265,"Birge","Alain"
282222,"Hiltgen","Byong"
419618,"Perfilyeva","Rosine"
46290,"Erie","Yinghua"
233723,"Engberts","Fusako"
37068,"Delgrande","Xiaoqiang"
204412,"Luan","Jessie"
65883,"Pepe","Patricia"
452343,"Sadowski","Tua"
426052,"Morrow","Manohar"
74376,"Miyakawa","Lunjin"
239257,"Nyanchama","Chikako"
236279,"Nitsch","Souichi"
24102,"Thorelli","Elvis"
16834,"Peng","Jiafu"
438029,"Leaver","Feiyu"
210373,"Improta","Kazuyasu"
422059,"Peak","Mayuko"
270613,"Kusakari","Isamu"
111133,"Zhang","Hauke"
224067,"Ruther","Lene"
458696,"Sherertz","Taisook"
430079,"England","Mikhail"
294197,"Greenaway","Mori"
288684,"Papastamatiou","Gou"
282204,"Schneeberger","Ulises"
230047,"Jullig","Yucai"
419466,"Itzigehl","Evgueni"
211239,"Heering","Ute"
281140,"Prochazka","Yefim"
470827,"Ouhyoung","Shigehito"
474554,"Felcyn","Foong"
24161,"Decaestecker","Jasminko"
221970,"Sudbeck","Luise"
88486,"Peltason","Tru"
31676,"Suessmith","Maik"
72359,"Bolotov","Geoffrey"
201960,"Minakawa","Gina"
456373,"Mitsuhashi","Subir"
282526,"Dalphin","Giap"
239225,"Conia","Shuzo"
99016,"Narlikar","Jagoda"
52973,"Smailagic","Tetsurou"
436632,"Dredge","Xianlong"
98155,"Juneja","Ioana"
21278,"Botman","Katsuo"
406824,"Polupanov","Xinglin"
242608,"Demizu","Luise"
465636,"Boudaillier","Kauko"
416551,"Pell","Anneli"
31060,"Hashii","Saeko"
401683,"Rajala","Uriel"
234682,"Rossi","Bedir"
295935,"Nitsch","Doohun"
202807,"Rousseau","Georgy"
84411,"Chvatal","Sadun"
78577,"Heystek","Guadalupe"
462721,"Taubenfeld","Leif"
66780,"Rodier","Vesna"
455574,"Luan","Gaetan"
34950,"Neiman","Angel"
442285,"Benzaken","Weicheng"
221789,"Heuser","Snehasis"
462751,"Manderick","Xiadong"
254869,"Thummel","Shaz"
238148,"Apsitis","Debatosh"
218348,"Rodham","Pascal"
33804,"Nooteboom","Kiyomitsu"
429094,"Syrzycki","Udi"
218237,"Lubachevsky","Mechthild"
457360,"Rosar","Fumitaka"
245828,"Lalonde","King"
97057,"Dulay","Piyush"
223480,"Vieri","Rosella"
238311,"Bahk","Mari"
103501,"Krupka","Elgin"
476936,"Kitsuregawa","Chikara"
413147,"Pearson","Kwok"
299594,"Dredge","Claudi"
264821,"Atrawala","Ingemar"
293461,"Ullian","Tamiya"
478141,"Godskesen","Guangming"
279148,"Mandell","Jaber"
268940,"Terekhov","Marin"
470184,"Lundstrom","Ranan"
410529,"Shihab","Aloys"
88040,"Prenel","Franziska"
20796,"Braunmuhl","Kristin"
78107,"Trumbly","Mikhail"
446777,"Rabehasaina","Younwoo"
297385,"Thorelli","Hailing"
81540,"Manderick","Emran"
212865,"Gilg","Shigenori"
200573,"Parveen","Hugo"
230759,"Gihr","Saeko"
72767,"Chiola","Premal"
98169,"Luft","Bedrich"
208246,"Figueira","Jaideep"
95941,"Erev","Gil"
438123,"Marsiglia","Isamu"
239900,"Brattka","Saddek"
255449,"Kaminger","Jaideep"
426223,"Verspoor","Nalini"
65703,"Genther","Taegyun"
461243,"Vuskovic","Martins"
20278,"Hartvigsen","Zhiwei"
407527,"Chiodo","Leah"
109255,"Crabtree","Claudi"
404724,"Michaeli","Danae"
108671,"Bugrara","Aris"
64016,"Pell","Tadanori"
32167,"Sury","Christophe"
477720,"Gruenwald","Mantis"
290757,"Legleitner","Eishiro"
77216,"Zlotek","Abdelkader"
277101,"Rando","Froduald"
212359,"Underwood","Ulf"
235017,"Dratva","Irena"
17829,"Whittlesey","Przemyslawa"
17255,"Krybus","Guozhong"
457075,"Szilard","Ronnie"
267069,"Luders","Sachin"
92413,"Schlumberger","Joydip"
442883,"Vendrig","Yinlin"
272930,"Hoogerwoord","Sasan"
202300,"Peir","Shuzo"
12962,"Beerel","Paraskevi"
415867,"Erev","Shuji"
82292,"Chorvat","Moie"
400168,"Kaminger","Taegyun"
78565,"Barriga","Amabile"
401862,"Glinert","Weidon"
456354,"Engberts","Moty"
453085,"Molenaar","Shushma"
204713,"Gewali","Navin"
202755,"Stifter","Piyush"
82077,"Hutter","Ayonca"
441445,"Morris","Anestis"
428224,"Pollacia","Michaela"
247619,"Farrag","Kauko"
246750,"Kroll","Martijn"
60093,"Felder","Zhensheng"
288239,"Camarinopoulos","Jasminko"
23120,"Vuskovic","Jenwei"
243279,"Kaelbling","Clyde"
298737,"Savasere","Aksel"
406785,"Meszaros","Becky"
206984,"Huttel","Kwangsub"
40049,"Porenta","Patricia"
243735,"Ullian","Phuoc"
201427,"Rattan","Gao"
93666,"Rosen","Sven"
480386,"Sidou","Takahira"
409033,"Pileggi","Rajmohan"
93270,"Halloran","Stepehn"
436206,"Valtorta","Lucian"
97808,"Bolotov","Dharmaraja"
291749,"Swiss","Mara"
223310,"Erdi","Jolita"
54900,"Stemann","Khalil"
10959,"Vigier","Kerryn"
431054,"Setiz","Pohua"
295981,"Sidhu","Mani"
292640,"Arlazarov","Mori"
447410,"Vingron","Jolita"
257012,"Lakshmanan","Cathie"
234090,"Lupu","Ger"
449308,"Gecseg","Jixiang"
464040,"Kavraki","Hyuncheol"
28688,"Pargaonkar","Tesuya"
465446,"Soicher","Jaihie"
464911,"Pezzoli","Parviz"
449581,"Stamatiou","Chuanti"
293204,"Serna","Sreenivas"
74635,"Stanger","Yishai"
56224,"Solares","Jasminko"
468778,"Emiris","Brigham"
13845,"Ritcey","Alejandro"
415773,"Hartvigsen","Martien"
269323,"Conte","Shunichi"
219111,"McFarlin","Huei"
80752,"Adachi","Zhenhua"
249742,"Heuter","Uzi"
234349,"Garigliano","Dinah"
10060,"Billingsley","Breannda"
255927,"Bugrara","Mamdouh"
56523,"Asrin","Yannis"
51776,"Potthoff","Bilhanan"
221222,"Schwartzbauer","Arunachalam"
239082,"Vickson","Martijn"
21822,"Sabnani","Uma"
250266,"Marletta","Krisda"
427057,"Marshall","Mara"
237086,"Jansen","Ipke"
67956,"Klyachko","Irene"
50233,"Dulay","Feiyu"
459201,"Riexinger","Basant"
449901,"Pezzoli","Rayond"
74035,"Hardjono","Boalin"
91897,"Claffy","Gal"
54488,"Smeets","Padma"
454612,"Pell","Gor"
264682,"Feinberg","Georgy"
201458,"Tempesti","Leandro"
444469,"Breugel","Sushant"
450101,"Pavlopoulou","Yahiko"
280982,"Kermarrec","Shem"
74346,"Panangaden","Ymte"
99594,"Zschoche","Nikolaus"
438076,"Staylopatis","Parke"
298305,"Thimonier","Khalid"
463764,"Rodiger","TRUE"
256241,"Uludag","Brigham"
94132,"Karlin","Venkatesan"
205364,"Chimia","Nikolaus"
411060,"Furedi","Karoline"
428121,"Zolotykh","Arup"
50399,"Usdin","Kwun"
256726,"Mandelberg","Kristen"
205446,"Braccini","Soenke"
38347,"Woycyznski","Tzu"
437542,"Czaja","Radhakrishnan"
478843,"Tempesti","Gregory"
36511,"Chappelet","Hailing"
277904,"Azuma","Val"
268647,"Broomell","Achilleas"
70775,"Staudhammer","Lorien"
294543,"Veeraraghavan","Wonhee"
66135,"Liesche","Weiyi"
50409,"Ranft","Fox"
268126,"Champarnaud","Shuzo"
466526,"Petereit","Chenye"
23118,"Tiemann","Wonhee"
242083,"Lagarias","Arve"
212819,"Kalsbeek","Feipei"
475609,"Birjandi","Goncalo"
431051,"Yoshimura","Subhrajyoti"
295351,"Barinka","Niranjan"
107079,"Riexinger","Fumitaka"
74303,"Ramaiah","Shawna"
285415,"Setlzner","Chikako"
274057,"Hooghiemstra","Yonghoan"
282081,"Soicher","Uinam"
259323,"Farris","Xuejia"
260942,"Irland","Valdiodio"
97566,"Parascandalo","Phule"
68524,"Erde","Alenka"
243332,"Bahr","Fen"
90011,"Raoux","Hideyuki"
73412,"Zucker","Sreekrishna"
467140,"Brlek","Lobel"
439372,"Pellegrinelli","Sergi"
252020,"Schaaf","Idoia"
28152,"Heusch","Palash"
231703,"Meszaros","Kwangjo"
28558,"Raczkowsky","Leni"
240128,"Kawashimo","Paloma"
212931,"Driscoll","Fayez"
417708,"Zedlitz","Kazuhiko"
267495,"Heering","Sanjai"
62356,"Mandell","IEEE"
203702,"Glowinski","Abdulla"
448423,"Azumi","Yonghong"
294455,"Pehl","Anestis"
220560,"Roison","Idoia"
440323,"Radwan","Ravishankar"
206481,"dAstous","Goncalo"
65107,"Perry","Arch"
243734,"Frolund","Kokou"
238239,"Thorensen","Luerbio"
440861,"Mitzlaff","Valeska"
265080,"Cronan","Hideo"
201777,"Perl","Wonhee"
78087,"Nastansky","Baoqiu"
417970,"Rosay","Aluzio"
406358,"Chaudhuri","Selwyn"
246649,"Laventhal","Krister"
210261,"Rouquie","Marsja"
447802,"Haraldson","Garnik"
254811,"Vecchi","Eishiro"
211141,"Caine","Snehasis"
61686,"Plump","Mohamadou"
432151,"Kitai","Zongyan"
22364,"Poehlman","Becky"
204455,"McFarlin","Shao"
257705,"Jumpertz","Takushi"
31199,"Zuberek","Abdelwaheb"
446591,"Copas","Shao"
69216,"Bonifati","Yagil"
81866,"Luby","Kazuhito"
33864,"Pusterhofer","Eric"
52655,"Hebden","Yuguang"
249432,"Junet","Georgy"
202124,"Farrow","Idoia"
47530,"Heyers","Xiaoshan"
460081,"Desikan","Kristof"
107094,"Aamodt","Baoqiu"
297510,"Restivo","Gift"
95871,"Adachi","Billur"
445811,"Basawa","Genevieve"
431937,"Michaeli","Sanjiv"
465126,"Eugenio","Szabolcs"
403063,"Eugenio","Sugwoo"
61515,"Curless","Mats"
100658,"Antonakopoulos","Uma"
11030,"Hellwagner","Kwan"
470148,"Porenta","George"
202259,"Perfilyeva","Masanao"
448200,"Detkin","Takahito"
67127,"Bernardeschi","Torsten"
481325,"Pollock","Duke"
71486,"Perfilyeva","Guangming"
244519,"Peral","Greger"
418600,"Kropp","Guangming"
296674,"Schicker","Nechama"
107933,"Oaver","Weiye"
56172,"Anily","Mariangiola"
444088,"Usdin","Fay"
297895,"Hebden","Fen"
246407,"Slaats","Goetz"
418558,"Perry","Fumiko"
435078,"Parfitt","Hatsukazu"
67007,"Yavatkar","Neven"
469699,"Rothe","Xuejia"
100187,"Iwayama","Marjo"
87995,"Lamma","Saeed"
67400,"Luft","Miyeon"
105160,"Bernini","Feipei"
290206,"Mitsuhashi","Valery"
63836,"Petersohn","Hitofumi"
262687,"Stanger","Kamakshi"
17942,"Velardi","Masaru"
476883,"Iivonen","Suvo"
34898,"Spinelli","Valeska"
24543,"Eiron","Mani"
51966,"Luiz","Adil"
222969,"McConalogue","Shuji"
38378,"Mansanne","Kristinn"
405316,"Kulisch","Gila"
264614,"Pleszkun","Jacopo"
272614,"Genther","Oscal"
22815,"Hettesheimer","Xiaoheng"
62571,"Scharstein","Khaled"
30121,"Rosch","Barry"
84300,"Nyrup","Kristine"
63353,"Suomi","Huan"
401984,"Sethi","Turgut"
229113,"Hasenauer","Aiichiro"
215897,"Emmart","Hsiangchu"
257311,"Cooke","Bernardo"
73418,"McAlpine","Marjo"
411337,"Binding","Apostol"
259618,"Pelz","Sibyl"
105320,"Halloran","Mohammed"
13764,"Usery","Demin"
44210,"Heering","Marke"
447448,"Reinhart","Ioana"
401310,"Rosar","Jingling"
479556,"Eugenio","Youjian"
297315,"Irland","Georgi"
65132,"Benantar","Berni"
437779,"Adachi","Tooru"
81358,"Quadeer","Premal"
73320,"Biran","Bowen"
19781,"Sudkamp","Oldrich"
428565,"Mondadori","Huican"
200442,"Murthy","Syozo"
95769,"Gulla","Hairong"
32237,"Range","Yucai"
56602,"Ananiadou","Mack"
288915,"Berztiss","Chandrasekaran"
230874,"Marshall","Kazuhiro"
90884,"Jansen","Peer"
57107,"Serre","Shigenori"
257399,"Haldar","Ult"
27415,"Ramamoorthy","Ramachenga"
410938,"Borstler","Kensyu"
404530,"DiGiano","Seshu"
464861,"Anick","Ashish"
461555,"Caine","Jordanka"
36388,"Tramer","Kensei"
288688,"Condotta","Tse"
21237,"Matzen","Padma"
17256,"Matteis","Shigeaki"
27557,"Oxman","Teunis"
36587,"Hempstead","Hausi"
282756,"Sinicrope","Udo"
71658,"Plump","Shounak"
241429,"Peron","Yurii"
204582,"Miyakawa","Frederique"
467549,"Selenyi","Barun"
200286,"Naudin","Alagu"
32088,"Papadias","Mohit"
209999,"Honglei","Tetsushi"
88099,"Falck","Fumino"
410208,"Beausoleil","Rildo"
269074,"Radhakrishnan","Sanjiv"
480982,"Serra","Saeed"
284019,"Czap","Mountaz"
209624,"Cyne","Mohammad"
268380,"Masada","Youssef"
229459,"Melichar","Huan"
457305,"Lakshmanan","Sorina"
291253,"Rassart","Salvador"
36997,"Spell","Narain"
271271,"Seghrouchni","Yurii"
12076,"Siprelle","Karlis"
412301,"Schaar","Yinghua"
261488,"Engelmann","Vasiliy"
472850,"Pusterhofer","Mona"
286925,"Gladwell","Tsz"
46051,"Toyoshima","Lalit"
205869,"Dalphin","Uno"
102458,"Flanders","Valdiodio"
90812,"Thibadeau","Marie"
212148,"Ranum","Deborah"
296375,"Tzvieli","Maren"
211627,"Berendt","Alexius"
72548,"Danley","Zhilian"
401128,"Ermel","Armond"
105015,"Staudhammer","Georgy"
30065,"Scallan","Arfst"
98295,"Mukaidono","Suzette"
59275,"Luff","Kwangjo"
217350,"Bauknecht","Bernardo"
66410,"Jakobus","George"
42959,"Garrabrants","Arlette"
220491,"Chenney","Ramzi"
35022,"Tibblin","Neelam"
75422,"Motley","Tsutomu"
452274,"Scallan","Arun"
481191,"Suwa","Goh"
418922,"Ventosa","Shunichi"
470557,"Miculan","Rafael"
249032,"Levergood","Weicheng"
298058,"Erol","Gererd"
402083,"Casperson","Sanjiv"
404896,"Impagliazzo","Moheb"
46597,"Yoshimura","Falguni"
272673,"Ghalwash","Vitali"
439327,"Schreiter","Rosli"
477679,"Bach","Chenye"
420638,"Schnabel","Vivian"
216031,"Camarinopoulos","Parto"
51013,"Lorch","Brigham"
106383,"Denny","Yechezkel"
439376,"Fandrianto","Jinya"
429175,"Detkin","Itzchak"
264702,"Schaap","Stamatina"
437371,"Preusig","Arve"
292739,"Danlos","Kiyomitsu"
54251,"Nitsche","Maha"
290035,"Lieberherr","Zine"
230847,"Couchot","Mountaz"
229997,"Zwicker","Fai"
415982,"Iwayama","Gretta"
412427,"Androutsos","Kristen"
97991,"Linares","Munir"
284380,"Harnett","Pranay"
239448,"Pettis","Giri"
19272,"Rusterholz","Kauko"
201426,"Sudkamp","Garnet"
413040,"Pero","Gil"
68677,"Bahl","Eberhardt"
10374,"Rosin","Willard"
87979,"Luders","IEEE"
434380,"Prochazka","Otmar"
280205,"Peres","Uinam"
36034,"Riefers","Minghong"
436305,"Shackell","Shaowei"
216237,"Nergos","Collette"
273868,"Farrag","Shan"
255420,"Plump","Irene"
429904,"Gopalakrishnan","Yakichi"
459540,"Hambrick","Stepehn"
213063,"Maccarone","Shunichi"
255368,"Attimonelli","Sanjai"
276235,"Trelles","Huan"
400403,"Krybus","Niranjan"
200295,"Lammel","Kirk"
54894,"Pews","Palash"
80042,"Farrar","Debatosh"
295795,"Budinsky","Tomofumi"
61588,"Byoun","Doohun"
463642,"Rosch","Nathan"
462471,"Dehkordi","Tianruo"
60201,"Aingworth","Gregory"
244376,"Spinelli","Nahla"
88392,"Legleitner","Radoslaw"
106853,"Gyimothy","Aris"
405736,"Birdsall","Zhigen"
283298,"Pietrzykowski","Tesuya"
456126,"Munawer","Takanari"
46975,"Cherinka","Basil"
427473,"Reinhart","Boguslaw"
240399,"Iwayama","Jenwei"
74552,"Parascandalo","Pranjal"
52111,"Dulli","Przemyslawa"
433273,"Peron","Sampalli"
248847,"Rotem","Abdelghani"
452935,"Masaki","Doowon"
210462,"Varker","Heping"
201649,"McAffer","Shunichi"
275386,"Lortz","Parke"
471684,"Decleir","Bouchung"
107476,"Klyachko","Yongdong"
20088,"Panienski","Hugh"
296930,"Grandbois","Hsiangchu"
273633,"Gladwell","Doowon"
16461,"Schahn","Remmert"
253655,"Fiutem","Kazuhiko"
280483,"Jeong","Naraig"
212503,"Impagliazzo","Yefim"
100745,"Leuchs","Idoia"
36957,"Karcich","Mayumi"
72981,"Imataki","Chanjung"
248876,"Baek","Martial"
21433,"Ibel","Chenxi"
249933,"Pfau","Khoa"
237501,"Furudate","Ottavia"
280281,"Krohn","Rimon"
245224,"Heuser","Chaitali"
91735,"Dredge","Radhakrishnan"
67047,"Restivo","Wanqing"
82012,"Undy","Mandell"
42345,"Avouris","Hiroyasu"
239748,"Dusink","Bilhanan"
60611,"Baba","Feixiong"
60413,"Assaf","Renny"
38994,"Apsitis","Yucai"
240896,"Thebaut","Duke"
88637,"Gomatam","Shugo"
433133,"Brodie","Feipei"
217157,"Kalorkoti","Shuho"
481921,"Taubman","Lena"
92172,"Hasenauer","Youssef"
405021,"Kalafatis","Hausi"
87151,"Janetzko","Macha"
429134,"Heering","Khalil"
223880,"Biron","Alois"
246783,"Garigliano","Sariel"
43235,"Liesche","Remco"
457698,"Kowalchuk","Mrinalini"
452028,"Angiulli","Khalid"
410508,"Bahr","Khoa"
262506,"Fordan","Masamitsu"
24381,"Boissier","Gaurav"
477566,"Gelosh","Anwar"
431293,"Schlenzig","Tetsurou"
60643,"Tzvieli","Sudharsan"
420332,"Castellani","Spyrose"
207731,"Cannane","Geoffrey"
222347,"Servieres","Indrajit"
477016,"Spelt","Fen"
44330,"Wilharm","Adam"
425643,"Schaft","King"
285882,"Rouquie","Hongzue"
60217,"Doering","Limsoon"
297260,"Peha","Florian"
250463,"Brattka","Anwar"
11168,"Tetzlaff","Shmuel"
439836,"Hasenauer","Jiong"
242227,"Dahlbom","Jouni"
100794,"Bouloucos","Elliott"
465123,"Chappelet","Suzette"
86847,"Bennet","Reinhard"
285129,"Nitto","Zhonghua"
273207,"Trachtenberg","Genki"
438633,"Merks","Chinhyun"
457474,"Clouatre","Ung"
24394,"Conta","Zhonghui"
401690,"Valiente","Fei"
100230,"Egerstedt","Honesty"
79652,"Vendrig","Guoxiang"
105789,"Fordan","Qingxiang"
467583,"Jonsson","Huei"
446755,"Clemencon","Theron"
56872,"Varman","Bojan"
251883,"Barreiro","Trygve"
90618,"Narwekar","Qingxiang"
93880,"Kaelbling","Limsoon"
454028,"Gide","Szabolcs"
42115,"Pezzoli","Xiping"
259078,"Swen","Tsuneo"
11908,"Iisaku","Candida"
445403,"Demos","Vitaly"
414039,"Lundstrom","Juichirou"
82004,"Baar","Sukumar"
274508,"Vickson","Rosli"
478669,"Rajala","Ekawit"
481842,"Zeleznik","Zissis"
287761,"Pargaonkar","Patricia"
425844,"Syrzycki","Sangeeta"
414537,"Businaro","Chikara"
277996,"Straney","Naftaly"
107132,"Morrin","Kwangyoen"
45022,"Rullman","Parke"
283255,"Gunderson","Nirmal"
406581,"Broomell","Slavian"
481475,"Danley","Jessie"
430529,"Sgarro","Yannik"
462960,"Rissland","Morris"
411369,"Koblitz","Chikako"
425033,"Waleschkowski","Ekawit"
243916,"Luft","Constantine"
481920,"Heystek","Filipp"
424123,"Bugaenko","Arto"
20077,"Benveniste","Kristen"
274279,"Grandbois","Spyrose"
434195,"Mellouli","Mabhin"
55978,"Sanella","Sumali"
281431,"Zobel","Barna"
470393,"Botman","Khatoun"
58932,"Seuren","Horward"
451461,"Matzel","Peternela"
91920,"Perko","Kerryn"
474718,"Senzako","Weijing"
400566,"Gecsei","Munir"
285697,"Matheson","Bangqing"
409944,"Lorie","Sudharsan"
214757,"Riesenhuber","Morris"
443753,"Snyers","Dekang"
105276,"Oskamp","Roddy"
227517,"Rathonyi","Aria"
30801,"Peac","Mihalis"
455066,"Comte","Tru"
29120,"Bergere","Parto"
91389,"Rande","Zhaofang"
64463,"Muhling","Mikhail"
78262,"Linnainmaa","Alain"
71118,"Tasistro","Chirstian"
412359,"Foong","Anyuan"
411908,"Fadgyas","Leaf"
60703,"Strandh","Murthy"
218258,"Randt","Gunilla"
33527,"Leppanen","Paloma"
404101,"Taubman","Pantung"
209729,"Jiafu","Gadiel"
92933,"Alpay","Kamakshi"
200513,"Uehara","Tsz"
93303,"Matzen","Michaela"
452002,"Hoogerwoord","Mart"
63030,"Zhiwei","Achilleas"
201591,"DiGiano","Parviz"
298448,"Giveon","Snehasis"
84824,"Birrer","Danco"
12593,"Melter","Lubomir"
247589,"Swick","Uzi"
225314,"Bauknecht","Munir"
104759,"Gulak","Ekawit"
204711,"Kragelund","Sungwon"
101687,"Milicic","Jayson"
449429,"Makrucki","Marc"
241629,"Nyanchama","Vugranam"
452482,"Taneja","Atreyi"
449871,"Stanger","Jiong"
224064,"Piancastelli","Tesuya"
215818,"Alpin","Krisda"
256781,"Pezzoli","Taizo"
201590,"Mandell","Aamod"
79560,"Gadepally","Hinrich"
73643,"Hegner","Kazuhito"
292279,"Llado","Berry"
21135,"Alpay","KayLiang"
259736,"Wissmann","Yagil"
237857,"Merkl","Larisa"
454275,"Thambidurai","Satyanarayana"
90420,"Koblick","Fumino"
416032,"Schicker","Patricio"
231294,"Brender","Sven"
467628,"Shigei","Kitty"
432140,"Chiola","Danai"
10299,"Stentiford","Ipke"
401409,"Yoshimura","Baziley"
462837,"Manders","Mandell"
210710,"Farrar","Nevio"
19628,"Berstel","Sanjai"
231870,"Suwa","Wayne"
463420,"Beutelspacher","Maik"
278923,"Michaeli","Toshiki"
72441,"Bain","Christoph"
295313,"Swist","Kamran"
278555,"Spelt","JoAnna"
259802,"Penn","Aemilian"
70175,"Dulay","Kenroku"
62148,"Deyuan","Edwin"
250058,"Llado","Pranjal"
216818,"Portugali","Morris"
285084,"Ullian","Guther"
264427,"Munro","TRUE"
271429,"Gustavson","Mostafa"
231504,"Pollacia","Szabolcs"
446300,"Lung","Guozhong"
249960,"Spelt","Niclas"
60556,"Remmers","Nechama"
227245,"Varley","Ebru"
62018,"Toyoshima","Juyoung"
66854,"Glinert","Uno"
247725,"Trumbly","Vidar"
225840,"Rodier","Moti"
47070,"McDermid","Frederique"
248956,"Bain","Rimli"
458543,"Ebeling","Mantis"
89640,"Muhling","Sreekrishna"
220422,"Sundgren","Marjo"
412452,"Lubachevsky","Candido"
242282,"Gurbaxani","Billie"
270445,"Vingron","Moto"
434923,"Riefers","Heather"
421654,"Ciolek","Claude"
73542,"Acton","Shigehito"
268098,"Erde","Guadalupe"
282219,"Birge","Xuejun"
88782,"Simmen","Martina"
428797,"Compeau","Zongyan"
292299,"Luck","Uri"
219981,"Petersohn","Akeel"
236699,"Vrecion","Valdiodio"
24000,"Bade","Bingning"
51762,"Moehrke","Kousuke"
47921,"Suomi","Nidapan"
402282,"Bruckman","Lunjin"
299179,"Luit","Oldrich"
444294,"Matzat","Nikolaus"
276248,"Murtagh","Fabrizio"
433780,"Massonet","Suebskul"
278941,"Karcich","Yakkov"
439941,"Rathonyi","Weiyi"
60370,"Suessmith","Lidong"
269977,"Rijsenbrij","Malu"
73242,"Curless","Domenick"
54149,"Pietracaprina","Arumugam"
212005,"Benzmuller","Rosalie"
204372,"Woycyznski","Jasminko"
460086,"Zolotykh","Christoper"
413538,"Kaelbling","Torsten"
271353,"Waterhouse","Gor"
290763,"Zlotek","Pantung"
103080,"Veccia","Marit"
294607,"Heyers","Leszek"
475999,"Isaac","Toney"
420109,"Waymire","Vishwani"
77272,"Hambrick","Xinglin"
263311,"Bazzichi","Rasiah"
202481,"Gaughan","Cathie"
246366,"Cummings","Lijia"
57840,"Jullig","Panayotis"
284135,"Felder","Zito"
225263,"Dulin","Hongzhu"
406725,"Standera","Yonghoan"
97150,"Lipner","Thodoros"
214441,"Sgarro","Padma"
258496,"Zultner","Serap"
57782,"Michaeli","Ramachenga"
242630,"Keohane","Shunichi"
204855,"Lieblein","Keiichiro"
102692,"Lindenbaum","Saniya"
73675,"Bael","Lech"
211587,"Rajala","Tzu"
225208,"Kuzuoka","Aamer"
409336,"Khalil","Arch"
270398,"Perez","Kayoko"
432428,"Zambonelli","Zita"
423478,"Merle","KayLiang"
293270,"Lambe","Vivian"
206476,"Schicker","Leni"
48100,"Junet","Krassimir"
222285,"Saoudi","Ibibia"
467669,"Foong","Godehard"
401451,"Hasenauer","Conal"
423044,"Denny","Chiranjit"
228882,"Guting","Xiong"
41073,"Zaccaria","Arup"
29133,"Peck","Rafael"
481961,"Zumaque","Arne"
283120,"Suwa","Berni"
220490,"Pettis","Nahid"
459608,"Randi","Matk"
462109,"Yeung","Danil"
271000,"Chinen","Sadegh"
418947,"Validov","Eishiro"
30321,"Aingworth","Shunichi"
99133,"Peternell","Jaideep"
471844,"Holburn","Erzsebet"
409322,"Khasidashvili","Shahaf"
101746,"Parfitt","Tze"
65271,"Kropf","Jinya"
31200,"Leslie","Dannz"
266357,"Fraisse","Radhakrishnan"
274613,"Gulak","Sarita"
233050,"Straney","Sandeepan"
411544,"Legleitner","Byong"
104740,"Ghalwash","Vishwani"
99643,"Babu","Beshir"
294613,"Carrere","Palash"
434865,"Shobatake","Lokesh"
61865,"Alblas","Jouni"
271025,"Hartvigsen","Martine"
284265,"Lubachevsky","Christoph"
286072,"Luit","Christophe"
451883,"Rosti","Shooichi"
79425,"Cannard","Lijie"
467639,"Rullman","Tiina"
251070,"Theuretzbacher","Genevieve"
449983,"Rouquie","Arnould"
14864,"Hebert","Yannis"
263449,"Thorensen","Maha"
242741,"Schaft","JiYoung"
438612,"Couchot","Shakhar"
99048,"Pintelas","Kinh"
26521,"Suermann","Marke"
12699,"Setia","Izaskun"
235387,"Zschoche","Adhemar"
299624,"Murrill","Khun"
288812,"Deverell","Cristinel"
464422,"Kirkerud","Utpal"
45102,"McAlpine","Sugwoo"
472504,"Riefers","Nobuyoshi"
284289,"Lunt","Sajjad"
90748,"Giveon","Monique"
23471,"Montemayor","Miomir"
221893,"Cheshire","Ipke"
255062,"Zeidenstein","Yuriy"
46228,"Pena","Ghassan"
34380,"Showalter","Aloys"
63186,"Cusworth","Moon"
245007,"DuBourdieux","Venkatesan"
70651,"Mitchem","Yahiko"
39938,"Karner","Ronnie"
296563,"Marciano","Hideo"
274176,"Gronowski","Kristof"
89275,"Jonsson","Menkae"
417360,"Fiebach","Youssef"
78448,"Haumacher","Laurentiu"
450517,"Matzat","Mayuko"
462768,"Rouquie","Parke"
226505,"Feinberg","Ulises"
214399,"Bade","Aria"
283977,"Cappello","Erzsebet"
259265,"Setlzner","Nobuyoshi"
225599,"Olivero","Odysseas"
422675,"Piancastelli","Dannz"
51936,"Merro","Xianlong"
63955,"Bierman","Cheong"
290238,"Bharadwaj","Zhensheng"
55796,"Milicia","Qiwen"
29095,"Murthy","Djenana"
466903,"Cullers","Marsal"
480667,"Breugel","Eishiro"
218051,"Czap","Seongbin"
44661,"Perfilyeva","Ghassan"
66480,"Tempesti","Subhrajyoti"
33032,"Hasham","Heping"
464026,"Melichar","Persi"
279392,"Gecseg","Weiye"
42007,"Pokrovskii","Tsz"
479934,"Docker","Sastry"
204813,"Lally","Arco"
488860,"Skrikant","Sukumar"
489256,"Baumann","Isaac"
494896,"Koyama","Ibibia"
495340,"Fontet","Badri"
498733,"Spelt","Yongmin"
483643,"Luiz","Ghassan"
485894,"Vecchi","Kersti"
499847,"Smeets","Morris"
495690,"Porenta","Jamaludin"
483821,"Fujisaki","Arunachalam"
483455,"Cmelik","Hideyuki"
491952,"Kleiser","Karoline"
496546,"Peris","Ashish"
482288,"Akazan","Billur"
489645,"Schonegge","Kristin"
484105,"Portugali","Hercules"
493918,"Parascandalo","Shushma"
498682,"Bierbaum","Odinaldo"
493527,"Domenig","Barun"
485720,"Swiler","Eberhardt"
494549,"Rosti","Kasidit"
495103,"Yoshizawa","Martial"
483282,"Thisen","Masoud"
491737,"Beznosov","Alassane"
495520,"Deville","Stafford"
483354,"Speel","Ekawit"
498381,"Lichtman","Constantino"
487689,"Pietracaprina","Cedric"
495784,"Grospietsch","Yefim"
484208,"Ebeling","Lidong"
497571,"Schrooten","Geraldo"
494849,"Pillow","Jouni"
498248,"Suwa","Munir"
494821,"Chiodo","Gay"
495673,"Kaelbling","Mana"
489961,"Krider","Snehasis"
498927,"Tsunoo","Arno"
493725,"Jeansoulin","Anneke"
495479,"Guting","Odinaldo"
492371,"Biros","Gay"
490364,"Chepyzhov","Pragnesh"
494347,"Pehl","Suzette"
497312,"Sigstam","Marit"
483960,"Zastre","Divier"
495691,"Barbanera","Parto"
499314,"Nyrup","Satosi"
496051,"Schonegge","Mohamadou"
488462,"Demizu","Subhrajyoti"
497315,"Hemaspaandra","Mariangiola"
483974,"Thebaut","Jeane"
499181,"Basart","Vitali"
495674,"Lamparter","Surveyors"
484590,"Rathonyi","Gilbert"
496039,"Bellone","Masamitsu"
499389,"Ferretti","Katsuo"
488463,"Hettesheimer","Yuichiro"
490675,"Famili","Murthy"
493787,"McAffer","Guadalupe"
485808,"Holburn","Tran"
487203,"Atchley","Hairong"
496508,"Shanbhogue","Jolita"
498266,"Axelband","Kenroku"
494267,"Simmen","Yaghout"
492281,"Hooghiemstra","Radhakrishnan"
485010,"Nannarelli","Idoia"
483389,"Schwaller","Adin"
498635,"Pezzoli","Florian"
486401,"Pardalos","Vitali"
498460,"Morrin","Miyeon"
496649,"England","Caolyn"
494602,"Beeson","Mayuko"
487930,"Henders","Bartek"
486350,"Ramsay","Jaana"
490417,"Seghrouchni","Ayonca"
482686,"Penz","Gianluca"
496874,"Zaiane","Kwun"
490508,"Schnelling","Lijie"
492703,"Tsukune","Nahid"
493433,"Kuszyk","Ziva"
484082,"Fadgyas","Percy"
495189,"Beeson","Domenico"
495415,"Lammel","Tadanori"
494487,"Alpay","Luerbio"
497757,"Waeselynck","Hein"
497847,"Remmers","Claude"
487153,"Goodrum","Huican"
494411,"Karnin","Faiza"
494442,"Boreale","Satosi"
494510,"DuCasse","Fumiyo"
486856,"Broomell","Zhigen"
490146,"Gonthier","Reinhard"
484421,"Hanratty","Serge"
486571,"Teitelbaum","Shooichi"
486936,"Wolniewicz","Chaoyi"
491569,"Hemaspaandra","Lidong"
494343,"Shokrollahi","Along"
483544,"Burnard","Tetsushi"
493720,"Sridhar","Juyoung"
491080,"Jullig","Szabolcs"
482073,"Validov","Froduald"
486437,"Puppo","Chiradeep"
493749,"Schwabacher","Itzchak"
498396,"Lindenbaum","Sachem"
495248,"Weisert","Baocai"
489799,"Birrer","Hugh"
485328,"Dichev","Basant"
493008,"Lanphier","Yagil"
495854,"Stavenow","Hideo"
486684,"McClurg","Owen"
483088,"Erdmenger","Christoper"
482598,"Hutter","Saddek"
496593,"Valtorta","Arvin"
491026,"Pietracaprina","Khalid"
496054,"Ecklund","Hugh"
497297,"Morrey","Abdelwaheb"
495810,"Lorch","Kolar"
492337,"Junet","Greger"
488653,"Osgood","Parto"
485668,"Ciolek","Muneo"
486600,"Butterworth","Alois"
496313,"Shobatake","Tetsushi"
492432,"Sluis","Masanao"
499231,"Hofmeyr","Padma"
495085,"Murrill","Shaw"
482863,"Spieker","Xiaobin"
497442,"Bage","Sedat"
498109,"Gerteisen","Harjit"
488886,"Janetzko","Kauko"
499284,"Crooks","Shuho"
491213,"Angot","Shaowei"
493395,"Yurek","Tzu"
499418,"Waeselynck","Carrsten"
496817,"Serov","Arnd"
497272,"Kakkad","Harngdar"
498040,"Claffy","Filipe"
486749,"Henders","Sigeru"
486345,"Brodie","Marsal"
490215,"Bennis","Dannz"
486359,"Frezza","Murthy"
493605,"Giveon","Sailaja"
483684,"Jonsson","Eckart"
495628,"Stentiford","Herb"
494733,"Suppi","Udi"
488928,"Bazelow","Adel"
493024,"Guerreiro","Mahmut"
483048,"Schnelling","Saddek"
499380,"Selenyi","Wonhee"
492635,"Mansanne","Steen"
490199,"Menhoudj","Satyanarayana"
494105,"Himler","Mabhin"
484868,"Lindenbaum","Arch"
493828,"Merle","Marla"
483148,"Zolotykh","Basem"
495874,"Chenney","Youngkon"
499787,"Wroclawski","Michaela"
494346,"Escriba","JoAnne"
496068,"Haraldson","Anneke"
494455,"Fasbender","Hein"
487497,"Bouloucos","Arvind"
483537,"Asmuth","Martial"
494843,"Thimonier","Brewster"
489319,"Theuretzbacher","Yuichiro"
490542,"Hofstetter","Adel"
484218,"Streng","Collette"
498333,"Rosenbaum","Suvo"
493392,"Zlotek","Gilbert"
484033,"Aloia","Sanjeeva"
496041,"Stifter","Abdulla"
483966,"Braunschweig","Randy"
498935,"Viele","Saddek"
483738,"Boreale","Siamak"
487543,"Menhoudj","Xiping"
490971,"Foote","Torsten"
483165,"Backhouse","Aluzio"
485068,"Spieker","Niranjan"
484785,"Kranzdorf","Divier"
497661,"Landherr","Nahum"
494466,"Bednarek","Jaber"
482448,"Gustavson","Mitchel"
496596,"Hinsberger","Fumino"
483121,"Sanella","Phuoc"
492833,"Piancastelli","Foong"
485634,"Gecsel","JiYoung"
499820,"Baez","Akeel"
487525,"Buescher","Irena"
499123,"Highland","Tzvetan"
484514,"Madeira","Malu"
490242,"Jeansoulin","Padma"
483712,"Pillow","Eran"
494683,"Waschkowski","Leucio"
498128,"Flexer","Junichi"
496001,"Unni","Guozhong"
499660,"Schade","Valery"
491586,"Birrer","Kazuhito"
492361,"Jansen","Bangqing"
483144,"Morton","Janalee"
483201,"Khalil","Frazer"
492670,"Giaccio","Kotesh"
484183,"Cronin","Udi"
489880,"Pearson","Nevio"
498098,"Zaccaria","Gaurav"
493053,"Etalle","Utz"
485669,"Knightly","Hironobu"
493528,"Sullins","Sverrir"
498316,"Schnabel","Huei"
485520,"Streng","Marjo"
496011,"Lorho","Lein"
482136,"Tibblin","Jayson"
493668,"Gente","Gro"
484784,"Schmezko","Nidapan"
495490,"Poulakidas","Ennio"
490956,"Zirintsis","Gian"
498889,"Parveen","Arch"
488725,"Magliocco","Toshiki"
496532,"Melton","Shietung"
484866,"Alpay","Hatem"
494449,"Tchuente","Ronnie"
490713,"Strandh","Reuven"
490240,"Orlowska","Kazunori"
482559,"Gimarc","Saniya"
483366,"Zaumen","Huan"
496643,"Junot","Flemming"
483211,"Leslie","Lobel"
482215,"Nations","Arto"
487798,"Cappelletti","Bingning"
499257,"Serna","Morrie"
498792,"Rabejac","Luigi"
491007,"Benner","Shaibal"
482209,"Vanwelkenhuysen","Suvo"
491845,"Rabehasaina","Zhiwei"
487469,"Uludag","Mong"
484439,"Papastamatiou","Gully"
499902,"Wuwongse","Aloke"
496882,"Vural","Abdelghani"
486470,"Suwa","Dante"
498874,"Kuszyk","Premsyl"
484301,"Undy","Neelam"
493578,"Sgarro","Zhiguo"
493027,"Hammerschmidt","Yoshinari"
495065,"Lamparter","Arve"
484763,"Cronin","Erez"
495946,"Perng","Krassimir"
495857,"Sgarro","Hugh"
489701,"Swab","Prasadram"
498567,"Brookner","Nimmagadda"
498251,"Murtagh","Serenella"
482199,"Coors","Yishai"
483067,"Varley","Uriel"
499066,"Jarecki","Sumali"
499960,"Veldwijk","Gaetan"
492195,"Cusworth","Gil"
499584,"Macedo","Christ"
487035,"Salinas","Theron"
488768,"Cromarty","Maia"
482045,"Beetstra","Gao"
498848,"Kawashima","Macha"
497817,"Ramsey","Khatoun"
496150,"Marrakchi","Dmitry"
482137,"Cesareni","Maya"
494037,"Binkley","Shay"
491708,"Muhling","Parke"
490855,"Ranon","Yinghua"
482051,"Tsukuda","Shalesh"
485017,"Magalhaes","Mircea"
488562,"Lukaszewicz","Shigehiro"
486830,"Unni","Marsal"
482683,"Thombley","George"
495787,"Erdi","Kazuyasu"
485243,"Ressouche","Uri"
496247,"Spinelli","Gil"
498411,"Reutenauer","Khatoun"
490019,"Roisin","Geoffry"
495966,"Lindqvist","Danil"
488789,"Salinas","Edwin"
494425,"Heping","Mong"
499919,"Angiulli","Masako"
490252,"Aloisi","Kristof"
491993,"Rassart","Odysseas"
482479,"Journel","Wojceich"
486612,"Glowinski","Holgard"
494423,"Guenter","Izaskun"
487945,"Mamelak","Arne"
495380,"Raczkowsky","Katsuo"
497218,"Gecsei","Yishai"
494935,"Peron","Zvonko"
496235,"Copas","Yishai"
499681,"Heemskerk","Kazuhito"
483501,"Jeansoulin","Sumant"
497470,"Irland","Bernd"
488019,"Chappelet","Kazuhito"
495896,"Hemaspaandra","Udaiprakash"
489091,"Levergood","Frederique"
482754,"Randi","Vishu"
488723,"Czaja","Mara"
484376,"Peres","Pranay"
493425,"Pulkowski","Idoia"
496341,"Rosay","Oddvar"
493755,"Wossner","Shaowei"
483827,"Camurati","Xiaoshan"
488558,"Marrevee","Yuqun"
491099,"Iacovou","Jovan"
482642,"Mahnke","Vugranam"
483833,"Ladret","Licheng"
496242,"Comyn","Angel"
489767,"Menyhert","Kristina"
495852,"Picci","Shakhar"
482579,"Bale","Basant"
497900,"Kakkar","Hauke"
492831,"Liesche","Yonghong"
495727,"Beeson","Kolar"
493001,"Zlotek","Nimmagadda"
489068,"Parhami","Nectarios"
485638,"Syrotiuk","Faiza"
484604,"Einsfeld","Menkae"
485124,"Nanard","Prasadram"
482796,"Uehara","Yucel"
489854,"Chachaty","Reinhard"
487613,"Brobst","Clyde"
490205,"Chorvat","Lansing"
489123,"Ciolek","Sanjoy"
493384,"McFarlan","Xiaoshan"
496052,"Cunliffe","Luigi"
498916,"Danner","Xiahua"
497638,"Chachaty","Kinh"
485962,"Kilgour","Lansing"
499120,"Fiutem","Anneli"
486139,"Rothenberg","Sahrah"
489946,"Lindqvist","Jiakeng"
489585,"Callaway","Janalee"
496863,"Rubsam","Phule"
488922,"Greenaway","Visit"
495524,"Gyorkos","Somnath"
487626,"Krogh","Chaoyi"
494405,"Syrotiuk","Angus"
484475,"Cheshire","Hiroyasu"
496418,"Fortenbacher","Nevio"
488659,"Schaar","Masaru"
492224,"Waymire","Younwoo"
488453,"Vigier","Mrinalini"
494762,"Olano","Sanjai"
496350,"Ramsay","Mohd"
494995,"Pouyioutas","Yongmao"
494668,"Masada","Sanjit"
493620,"Lenart","Douadi"
496799,"Cronan","Perry"
482851,"Nittel","Arve"
490440,"Papadias","Kenton"
498530,"Harnett","Turgut"
489884,"Parascandalo","Marl"
489703,"Polupanov","Somnath"
493625,"Merli","Mani"
493280,"Hedayat","Zdislav"
490104,"Lowrie","Adhemar"
491345,"Rosar","Chaosheng"
495302,"Shanbhogue","Moss"
485206,"Pero","Padma"
492460,"Stanfel","Paddy"
484761,"Selvestrel","Fumiko"
496209,"Schneeberger","Babette"
493351,"Foote","Ekawit"
484626,"Eldridge","Yechiam"
487842,"Rajaraman","Susanta"
483661,"Fairtlough","Shmuel"
484380,"Pellegrinelli","Martijn"
485841,"Coney","Nikolaos"
496509,"Cronin","Sakthirel"
499575,"Kisuki","Jacqueline"
499320,"Barinka","Angus"
497592,"Ariola","Georgi"
487365,"Penttonen","Navid"
484887,"Gide","Yongqiao"
499595,"Stamatiou","Nagui"
487454,"Couchot","Mingzeng"
486369,"Gomatam","Janche"
488265,"Warwick","Augustine"
490090,"Gill","Guther"
494006,"Fordan","Syozo"
495605,"Imataki","Nobuyoshi"
483405,"Krohn","Badri"
490828,"Lowrie","Venkatesan"
499370,"Showalter","Leon"
484577,"Crelier","Macha"
495930,"Ressouche","Souichi"
494578,"Schaaf","Aamer"
498640,"Szmurlo","Kwangyoen"
492958,"Nitsch","Georgy"
497100,"Miara","Martial"
483190,"Molenaar","Masaru"
483083,"Gente","Oldrich"
491125,"Vigier","Feixiong"
499611,"Shiratori","Subir"
499661,"Demeyer","Eric"
496393,"Szmurlo","Kagan"
483830,"Teitelbaum","Harngdar"
494439,"Hambrick","Premal"
482315,"Yetto","Sushant"
498672,"Orlowski","Hisao"
493587,"Taubenfeld","Shuky"
493642,"Baig","Sanjai"
487017,"Bernardinello","Kwangsub"
492431,"Verhaegen","Hsiangchu"
499484,"Vigier","Mads"
498318,"Francisci","Palash"
489587,"Muhlberg","Zdislav"
484742,"Zumaque","Kousuke"
496872,"Baer","Huei"
485083,"Huxford","Holgard"
498066,"Simkin","Yaghout"
499026,"Schade","Lena"
497351,"Peron","Sadun"
495330,"Rossi","Gurbir"
485351,"Bridgland","Ishfaq"
485322,"Picaronny","Lorien"
485005,"Teitelbaum","Marke"
498358,"Peltason","Nobuyoshi"
493302,"Speckmann","Gonzalo"
497699,"Bergere","Pramod"
490870,"Moehrke","Cullen"
496015,"Erdi","Qunsheng"
495823,"Pettit","Yishay"
496585,"Beutelspacher","Mart"
483590,"Pews","Shushma"
497327,"Menhardt","Martien"
495144,"Vidya","Katsuo"
483783,"Harllee","Abdulla"
485625,"Michaels","Huei"
499235,"Gecsei","Marsha"
494875,"Mitzlaff","Berto"
490541,"Bale","Radhika"
486727,"Pusterhofer","Przemyslawa"
487845,"Szmurlo","Lidong"
492946,"Ushiama","Chenxi"
487517,"McClurg","Gopalakrishnan"
498336,"Hebert","Anoosh"
492479,"Salinas","Otilia"
498292,"Morrow","Zita"
483073,"Koyama","Macha"
495503,"Baezner","Hatsukazu"
499777,"Haumacher","Cheong"
495073,"Fontan","Toshimori"
499717,"Isaak","Lucian"
482498,"Wolniewicz","Chuanti"
496257,"Hatcliff","Kokou"
489851,"Spinelli","Limsoon"
491317,"Felcyn","Adit"
484707,"Smeets","Mahendra"
499040,"Vieth","Giri"
495448,"Negoita","Hugh"
495040,"Cangellaris","George"
493750,"Wrigley","Genki"
496671,"Basawa","Piyawadee"
493476,"McFarlin","Aleksandar"
494951,"Waleschkowski","Emran"
485373,"Lorch","Rosella"
489735,"Anandan","Krister"
490784,"Baumann","Soenke"
489797,"Schicker","Rimon"
483014,"Khalid","Shigeichiro"
489444,"Petereit","Mechthild"
492787,"Pileggi","Oldrich"
488713,"Masaki","Jovan"
495556,"Jenevein","Bingning"
487743,"Kavvadias","Chanjung"
492290,"Schmittgen","Domenico"
496756,"Gargeya","Evgueni"
487540,"Baer","Peer"
486252,"Cichocki","Bowen"
488823,"Riefers","Ziya"
488573,"Hutter","Jamaludin"
493464,"Tsunoo","Bader"
495320,"Erdmenger","Maha"
495751,"Solovay","Bernardo"
495062,"Peron","Ortrud"
498786,"Rande","Takahiro"
496934,"Jullig","Kellyn"
492149,"Krzyzanowski","Collette"
483299,"Marshall","Yongdong"
492526,"Driscoll","Kien"
496745,"Michaeli","Hidde"
494210,"Jayawardene","Sreekrishna"
490130,"Roohalamini","Tesuya"
491529,"Leppanen","Zongyan"
493204,"Clouatre","Vidya"
489137,"Miculan","Sergi"
492182,"Gire","Gaetan"
483438,"Hofstetter","Otmar"
484200,"Luby","Karsten"
486314,"Fasbender","Jeong"
482879,"Yurek","Khalid"
484233,"Simmel","Kellyn"
493318,"Angelov","Zhonghua"
486311,"Stemann","Brigham"
485064,"Wixon","Masoud"
485391,"Flanders","Heekeun"
488673,"Ohori","Yinlin"
490918,"Zumaque","Cedric"
489827,"Baby","Ekawit"
488889,"Viele","Rajmohan"
490722,"Prochazka","Sumant"
491205,"Kuszyk","Ioana"
492252,"Falco","Satosi"
490409,"Fontan","Hongzue"
489063,"Penn","Jianhui"
484525,"Dredge","Jinpo"
494475,"Sluis","Hatsukazu"
485714,"Pettey","Zhonghua"
484303,"Jiafu","Geraldo"
494053,"Schapire","Make"
495632,"Pollock","Cullen"
488794,"Serdy","Bodo"
486125,"Setiz","Subir"
485747,"Veccia","Martien"
484401,"Nannarelli","Yahiko"
496695,"Covnot","Renee"
484600,"Bernardeschi","Shim"
486217,"Veccia","Youssef"
483095,"Isaac","Jacopo"
495736,"Bahi","Jahangir"
484024,"Langford","Mark"
488856,"Hammerschmidt","Mabhin"
484441,"Socorro","Rosita"
499005,"Fujisawa","Juichirou"
486985,"Slutz","Kwangho"
496704,"Miyakawa","Turgut"
486241,"Dulin","Candida"
486833,"Puppo","Mostafa"
492028,"Schmiedel","Aleksander"
488741,"Lunt","Atreyi"
494620,"Litecky","Shao"
487623,"Ranon","Nakhoon"
491311,"Swick","Gina"
495213,"Ariola","Jeanna"
482694,"Bernick","Mohamadou"
495349,"Claffy","Pranjal"
486207,"Valtorta","Fumino"
484574,"Thimonier","Gal"
483951,"Parhami","Teunis"
485102,"Dusink","Kauko"
484426,"Cullers","Munehiro"
484539,"Poupard","Haldun"
485139,"Guardalben","Lijia"
490114,"Picel","Steen"
488433,"Vuskovic","Dipankar"
482119,"Emden","Mitsuyuki"
499637,"Dichev","Annemarie"
486173,"Ossenbruggen","Alair"
485607,"Sommer","Valter"
491244,"Berstel","Collette"
497038,"Kushner","Sungwon"
489990,"Zlotek","Abdulla"
489708,"Caine","Kenroku"
498533,"Makrucki","Kazuhiro"
491958,"Lorin","Basim"
498548,"Bernatsky","Hugh"
485565,"Benzmuller","Prodip"
489531,"Ventosa","Sahrah"
493355,"Onuegbe","Ziva"
499328,"Ghelli","Shigeaki"
497015,"Kitsuregawa","Teunis"
497388,"Salinas","Evgueni"
494230,"Greenaway","Zito"
497011,"Kermarrec","Susumu"
489357,"Chinal","Marla"
495514,"Mikschl","Zijian"
496650,"Aloisi","Arumugam"
489163,"Sullins","Stevo"
489395,"Plavsic","Arto"
492548,"Stenning","Ugo"
498835,"Fandrianto","Zhonghui"
498879,"Coombs","Masako"
491840,"Nitto","Chaitali"
485606,"Pena","Ger"
495379,"Schnelling","Sailaja"
484345,"Staelin","Kagan"
493639,"Kragelund","Eldridge"
493982,"Pintelas","Jeanna"
499790,"Poupard","Mechthild"
488347,"Sgarro","Becky"
494872,"Picaronny","Tomofumi"
482710,"Munch","Takahito"
497405,"Clouatre","Xinyu"
488977,"Janetzko","Shaz"
496762,"Merle","Sreekrishna"
494282,"Kawashima","Karlis"
497857,"Michaeli","Brigham"
485500,"Kroon","Kristian"
491393,"Ossenbruggen","Hyuncheol"
491970,"Hitomi","Tadahiro"
484951,"Lichtner","Branimir"
487453,"Bellmore","Phillip"
497883,"Stranks","Odoardo"
484267,"Heyers","Ennio"
490371,"Taneja","Morris"
499109,"Laurillard","Adel"
495534,"Greibach","Narain"
492892,"Miara","Lijie"
493569,"Salvesen","Mikhail"
493297,"Kusalik","Roddy"
487581,"Murtafg","Berna"
493557,"Renear","Froduald"
484845,"Murillo","Arnould"
487449,"Baaleh","Hidekazu"
489481,"Beutelspacher","Percy"
491208,"Denti","Remco"
492276,"Leivant","Parto"
495629,"Anger","Ute"
486987,"Gimbel","Oldrich"
482724,"Polupanov","Marko"
496116,"Serna","Bader"
489986,"Impagliazzo","Remco"
496036,"Remmers","DeForest"
487355,"Stille","Mani"
487245,"Thimonier","Kinh"
495653,"Sudbeck","Shunichi"
489349,"Schapire","Foong"
487114,"Marchegay","Aamod"
499557,"Katalagarianos","Aloys"
499574,"Qiwen","Claudi"
483469,"Kaltofen","Shao"
482011,"Farrow","Mayuri"
488525,"Zolotykh","Leen"
493240,"Camarinopoulos","Lijie"
494345,"Nitta","Alair"
496446,"Alpay","Jinpo"
491790,"Pargaonkar","Cheong"
491711,"Perng","Jaques"
488729,"Berztiss","Valter"
499035,"Neiman","Lene"
482769,"Hellwagner","Djelloul"
486746,"Narwekar","Lalit"
493285,"Syrzycki","Gennady"
496155,"Axelband","Hironobu"
491815,"Farris","Subhash"
491102,"Leonhardt","Chuanti"
494418,"Nergos","Augustine"
499986,"Ranta","Nathan"
489976,"Kumaresan","Erzsebet"
489868,"Bakhtari","Jouko"
494532,"Wiegley","Moon"
493708,"Heemskerk","Avishai"
487757,"Ramamoorthy","Pascal"
490522,"Rossi","Masasuke"
486574,"Lienhardt","Angus"
485538,"Meriste","Yechezkel"
486577,"Luef","Chinho"
490982,"Feinberg","Mountaz"
486647,"Mullainathan","Mayuko"
496303,"Provine","Phuoc"
486295,"Serov","Sudharsan"
494136,"Edelhoff","Florian"
498337,"Docker","Naraig"
494576,"Fujisawa","Tsuneo"
489727,"Choobineh","Sibyl"
494460,"Jervis","Horward"
487279,"Larfeldt","Angus"
484874,"Flowers","Alain"
497263,"Ouhyoung","Yucel"
495002,"Schieder","Sugwoo"
495199,"Compeau","Udi"
491441,"Beeson","Lene"
491028,"Kaltofen","Deniz"
492267,"Krogh","Niranjan"
490221,"Horswill","Berry"
497506,"Terekhov","Tsz"
487918,"Ishibashi","Tsuneo"
482679,"Decleir","Krister"
494288,"Figueira","Bojan"
487494,"Rosen","Yunming"
485013,"Nitta","Munenori"
485732,"Kemmerer","Gererd"
493813,"Tzvieli","IEEE"
482007,"Schrooten","Satyanarayana"
484568,"Bahr","Alexius"
486116,"Hennebert","Goh"
486214,"Weisert","Zito"
483893,"Cyre","Aamer"
486347,"Antonakopoulos","Adas"
495140,"Erman","Lubomir"
499926,"Perfilyeva","Youpyo"
487929,"Staelin","Rosalie"
497003,"Compeau","Nagui"
484885,"Gopalakrishnan","Morris"
498165,"Stavenow","Christoph"
497712,"Jording","Goncalo"
491095,"Kuszyk","Denis"
493732,"Bale","Zsolt"
485729,"Dayang","Demin"
484821,"Ramsey","Supot"
494328,"Isaac","Moheb"
487104,"Ghemri","Tremaine"
486924,"Heijenga","Kiam"
492369,"Furudate","Ebbe"
493037,"Schwaller","Elrique"
493134,"Levergood","Constantino"
495239,"Krybus","Masami"
486246,"Birch","Shaw"
491709,"Heemskerk","Kristen"
487696,"Redmiles","Valdiodio"
483580,"Demir","Bernice"
495498,"Peir","JiYoung"
498454,"Kawashima","Sushant"
495505,"Baby","Bedir"
496700,"Callaway","Rafail"
496342,"Adachi","Uriel"
485111,"Mitina","Lobel"
488631,"Noriega","Marsha"
496781,"Peris","Ronnie"
491407,"Jahnichen","Lena"
490614,"Norsworthy","Siddarth"
486870,"Rajcani","Kazuhisa"
484530,"Crooks","Chaosheng"
490468,"Vidal","Fayez"
493864,"Hoppenstand","Khalid"
488459,"Lores","Anwar"
486557,"Erde","Arve"
484342,"Delgrange","Guangming"
493340,"Demri","Jaques"
494465,"Cyne","Sumali"
482433,"Leppanen","Koichi"
495626,"Provine","Alagu"
486149,"Merey","Mostafa"
496265,"Emden","Aran"
482054,"Basawa","Trygve"
490610,"Mamelak","Jamaludin"
496083,"Erni","Marit"
494665,"Baaz","Ziyad"
496560,"Pileggi","Yucel"
490237,"Xiaoshan","Xudong"
492739,"Anandan","Khalid"
499750,"Melter","Maya"
482848,"Janetzko","Freyja"
499795,"Riefers","Idoia"
489447,"Weedman","Augustine"
496326,"Angelopoulos","Xuejun"
487258,"Kroll","Larisa"
497378,"Thisen","Xinyu"
492678,"Pettis","Kazuyasu"
499894,"Lamba","Maja"
486827,"Lubachevsky","Breannda"
490712,"Ecklund","Horward"
492286,"Cools","Deniz"
498085,"Panangaden","Leszek"
491133,"Bergere","Theirry"
499875,"Hainaut","Chenyi"
490415,"Fendler","Yunming"
483228,"Vrecion","Lidong"
488279,"Rohrbach","Danny"
499038,"Pluym","Foong"
494107,"Vuskovic","Yucel"
491922,"Litvinov","Jouni"
491883,"Chenney","Huican"
493948,"Larfeldt","Renee"
499671,"Ambroszkiewicz","Jayesh"
488432,"Schapiro","Tran"
491501,"Gyorkos","Kwan"
493334,"Bakhtari","Menkae"
490660,"Haddadi","Ramzi"
488607,"Godskesen","Xudong"
487446,"Neiman","Olivera"
484473,"Anick","Boriana"
498646,"Lung","Zvonko"
494321,"Swab","Paris"
494285,"Jansch","Djelloul"
483262,"Billawala","Vivian"
494943,"Conte","Kyoichi"
495023,"Beutelspacher","Bangqing"
485996,"Demri","Brendon"
499631,"Bergere","Fumiya"
487914,"Matheson","Jasminko"
488552,"Straney","Bodh"
496131,"Krone","Xuejia"
483091,"Ramsay","Xuejun"
491086,"Radwan","Leon"
498493,"Flexer","Arra"
498247,"Slobodova","Peer"
496225,"Domenig","Ayakannu"
499141,"Glinert","Charmane"
488813,"Gelosh","Elliott"
493041,"Emmart","Arup"
496656,"Broder","Wuxu"
489044,"Plessier","Christophe"
488404,"Parveen","Barna"
490167,"Mikschl","Owen"
484648,"Vingron","Girolamo"
482190,"Birdsall","Matt"
489127,"Back","Nirmal"
491855,"Bain","Aksel"
490746,"Wegerle","Rimli"
482547,"Prenel","Doohun"
482039,"Roisin","Hauke"
495252,"Hiyoshi","Pranay"
489840,"Solares","Shaz"
486559,"Swen","Lein"
491465,"Karner","Ramzi"
498717,"Kavvadias","Anneke"
487785,"Gien","Angel"
490245,"Schade","Nahid"
499967,"Bodoff","Bangqing"
491202,"Worfolk","Froduald"
499385,"Nishimukai","Eishiro"
482590,"Lortz","Fumitaka"
482514,"Constantine","Geoff"
482625,"Michaeli","Siamak"
483734,"Katiyar","Kristof"
483093,"Gischer","Randy"
493156,"Papastamatiou","Dharmaraja"
491827,"Stranks","Mayuko"
489440,"Jonsson","Conor"
485258,"Merkl","Tokuyasu"
491611,"Conde","Jagoda"
485355,"Homond","Muneo"
491773,"Kopetz","Mayumi"
493270,"Cunliffe","Eishiro"
489608,"Vidya","Bernt"
494829,"Schusler","Honglan"
488715,"Pesch","Bedir"
490319,"Fujisawa","Girolamo"
487042,"McClurg","Alenka"
487287,"Koshiba","Weijing"
484160,"Genther","Samphel"
492302,"Stroustrup","Barna"
491120,"Zykh","Kwee"
493474,"Farrel","Adib"
497345,"Kushnir","Hirochika"
485323,"Sabnani","Palash"
490068,"Anido","Kwok"
485716,"Ratnakar","Shan"
490483,"Koprowski","Christfried"
486712,"Zirintsis","Jingling"
482813,"Veccia","Dipayan"
490012,"Riesenhuber","Rosalie"
492058,"Menyhert","Jaques"
493287,"Fontet","Hailing"
493640,"Kermarrec","Sahrah"
493279,"Flexer","Krisda"
489686,"Bael","Naftaly"
488499,"Glinert","Hiroyasu"
495158,"Pfau","Sadun"
485116,"Lowrie","Toshimitsu"
499577,"Suppi","Christfried"
496829,"DeMori","Shaleah"
482690,"Talmor","Sudhanshu"
484010,"Narahara","Udaiprakash"
494216,"Portugali","Hideo"
495107,"Schiper","George"
486483,"Walstra","Kaijung"
483452,"Serot","Anoosh"
486008,"Busillo","Yongmao"
498359,"Gips","Khedija"
483145,"Braccini","Shirish"
497800,"Zambonelli","Nishit"
490475,"Gire","Otmar"
490045,"Lorys","Gal"
498057,"Chachaty","Rildo"
482914,"Braccini","Lakshmi"
482902,"Segond","Bernardo"
498578,"Danlos","Lakshmi"
487783,"Halloran","Yuping"
498339,"Aingworth","Naraig"
489901,"Schaad","Guther"
484306,"McFarlan","Fabrizio"
494767,"Ghandeharizadeh","Izaskun"
494734,"Gammage","Denny"
498103,"Kropp","Guttorm"
488233,"Yetim","Shahab"
498478,"Feldmann","Kwee"
485479,"Honglei","Tetsurou"
498931,"Kaiser","Guangming"
497282,"Pell","Werner"
492303,"Reistad","Fun"
484067,"Akiyama","Terresa"
497786,"Schonegge","Angel"
492081,"Kaltofen","Chaosheng"
497609,"Rosiles","Georgi"
492404,"Christianini","Terresa"
492582,"Stranks","Sumant"
489905,"Bednarek","Stella"
493629,"Emiris","Udi"
487033,"Rabejac","Shan"
490672,"Jansch","Arun"
488923,"Chimia","Tsvetan"
486778,"Demian","Deborah"
499178,"Mayerwieser","Vitali"
484787,"Perez","Miquel"
484396,"Lortz","Janalee"
490092,"Mateescu","Basil"
498807,"Halloran","Aleksander"
499895,"Leuchs","Raimond"
492283,"Baak","Elgin"
487036,"Worfolk","Hirochika"
493193,"Rothe","Toney"
485708,"Tagansky","Steve"
490833,"DuBourdieux","Arup"
490154,"Riexinger","Aloys"
487393,"Hebert","Keung"
490039,"Bade","Yinghua"
490250,"Baez","Elvis"
486763,"Cooke","Shih"
488548,"Vandervoorde","Percy"
493174,"Czaja","Yinlin"
494417,"Gargeya","Eberhardt"
483637,"Luck","Phule"
482904,"Honglei","Weijing"
493382,"Pargaonkar","Xuejun"
496535,"Pulkowski","Zissis"
496481,"Kilgore","Girolamo"
490348,"Gide","Turgut"
494719,"Schaap","Theron"
498679,"Back","Tuval"
491614,"Marzano","Chirstian"
493934,"Sidou","Reinhold"
487896,"Smeets","Giri"
492104,"Crelier","Shahaf"
482204,"Sichman","Van"
497888,"Verspoor","Trygve"
499191,"Mawatari","Mihalis"
489143,"Piancastelli","Narain"
487198,"Pesch","Leucio"
485200,"Akazan","Jacqueline"
488896,"Fandrianto","Abdelghani"
496482,"Stafford","Shem"
489308,"Marchesini","Fan"
492533,"Busillo","Xiaoheng"
492165,"Lubachevsky","Berthier"
488617,"Kornatzky","Saniya"
493903,"Kornyak","Takahiro"
484677,"Demeyer","Divine"
495549,"Ponthieu","Bernd"
493837,"Tetzlaff","Yucel"
485241,"Riexinger","Jahangir"
487289,"Liedekerke","Lidong"
487000,"Hambrick","Dipankar"
490037,"Varman","Jagoda"
496144,"Blokdijk","Kerhong"
491986,"Bratsberg","Hisao"
491544,"Fujisawa","Maren"
493399,"Peris","Zhilian"
496558,"Niizuma","Yahiko"
492408,"Chaudhury","Hyuncheol"
492711,"Marshall","Zita"
486083,"Rosenbaum","Morrie"
493793,"Schmezko","Chirstian"
488750,"Vanwelkenhuysen","Paddy"
498780,"Bharadwaj","Deniz"
484039,"Eiter","Mohd"
484581,"Cooman","Foong"
496536,"Gerlach","Bernardo"
488469,"Aingworth","Sangeeta"
484552,"Laventhal","Macha"
497907,"Steenbeek","Junichi"
489915,"Ebeling","Etsuo"
488736,"Ressouche","JiYoung"
486680,"Penn","Gaurav"
498104,"Rosca","Aamer"
495187,"Gist","Kenton"
483420,"Baaz","Yoshinari"
482593,"Taneja","Kristen"
486976,"Nanard","Jouko"
499454,"Cannane","Sachio"
488633,"Perko","Zvonko"
483079,"Weedman","Chirstian"
496252,"Weedman","Marc"
490673,"Cincotta","Snehasis"
484483,"Birnbaum","Garnik"
499628,"Wendorf","Dinkar"
490599,"Yoshizawa","Badri"
497238,"Falco","Perry"
497232,"Cangellaris","Spyrose"
493888,"Axelband","Muneo"
492626,"Brizzi","Suzette"
498618,"Szmurlo","Garnet"
491166,"England","Arfst"
488182,"Granlund","Eldridge"
482227,"Billawala","Lucien"
499310,"Akaboshi","Masanao"
499460,"Lupu","Susanna"
484058,"Rothe","Odinaldo"
498084,"Picco","Younwoo"
495228,"Selvestrel","Ramya"
489863,"Murthy","Duangkaew"
489667,"Dehkordi","Thanasis"
495481,"Furedi","Shen"
486842,"Segond","Manu"
489926,"Bondorf","Aksel"
488170,"Wrigley","Laurentiu"
493680,"Iivonen","Niranjan"
490730,"Chimia","Francesca"
486451,"Mandell","Ewing"
483770,"Szemeredi","Zeydy"
488140,"Ferriere","Aria"
490407,"Ranum","Rafols"
492240,"Litzkow","Garnik"
493884,"Ernst","Takushi"
485249,"Staelin","Saddek"
488877,"Baca","Magy"
487614,"Radhakrishnan","Sachem"
485834,"Kandlur","Miomir"
488447,"Henseler","Panayotis"
497780,"Orsini","Josyula"
499271,"Albarhamtoshy","Ghassan"
493003,"Erev","Vitali"
496296,"Burnard","Tadahiko"
493970,"Macedo","Danil"
493817,"Vidya","Giao"
490383,"Wroclawski","Sachin"
498256,"Calkin","Tetsurou"
485022,"Ramsak","Berry"
494452,"Peng","Chinho"
482231,"Pocchiola","Zhenhua"
493113,"Oaver","Paloma"
483350,"Wiegley","Ramya"
498814,"Gecsei","Alagu"
482356,"Decaestecker","Bikash"
497151,"Litzkow","Lijia"
496784,"Bellone","Ramya"
484867,"Akiyama","Oldrich"
493862,"Radivojevic","Weiye"
499420,"Impagliazzo","Sangeeta"
488614,"Salinas","Kaijung"
493333,"Suppi","Owen"
495521,"Heemskerk","Sakthirel"
484522,"Paciorek","Denis"
498736,"Hofman","Yuping"
492577,"Billawala","Genta"
487492,"Speek","Wilmer"
484806,"Gulla","Jianhui"
484750,"Feldmann","Hiroyasu"
497041,"Bashian","Abdelaziz"
492053,"Vesel","Elrique"
497074,"Peroz","Gina"
493166,"Landherr","Adly"
492792,"Conia","Salvador"
490055,"Hofman","Gill"
482882,"Nitsche","Kasidit"
491474,"Emmart","Luise"
497448,"Suwa","Karsten"
486641,"Badr","Miyeon"
485710,"Horswill","Shuzo"
485597,"Marrevee","Taegyun"
484258,"Hinsberger","Wonhee"
487246,"Zockler","Minghong"
482949,"Plumb","Lijia"
489917,"Hambrick","Nigel"
490367,"Cooley","Ranga"
496751,"Figueira","Marlo"
496813,"Lovengreen","Oksana"
497383,"Suwa","Fatemeh"
483159,"Peng","Gopalakrishnan"
485987,"Feinberg","Sushant"
491911,"Vidal","Yuping"
493181,"Belinskaya","Kwangjo"
486185,"Hettesheimer","Tadahiro"
496368,"Hatcliff","Genta"
485950,"Kranzdorf","Duri"
489405,"Heuter","Sarita"
484045,"Zallocco","Martins"
485850,"Pfau","Demos"
485827,"Sgarro","Tzvetan"
485785,"Gornas","Kerhong"
497996,"Rassart","Mostafa"
484561,"Bridgland","Feiyu"
494115,"Mayerwieser","Vugranam"
493076,"Baer","Fox"
485356,"Trogemann","Alselm"
482319,"Pulkowski","Khalid"
494155,"Schwabacher","Byong"
489555,"Rosti","Nathan"
482554,"Businaro","Fabrizio"
486236,"Fontan","Vasilis"
486312,"Comyn","Christophe"
485665,"Penn","Jinpo"
492880,"Berendt","Saddek"
498331,"Pashtan","Jasminko"
496754,"Cichocki","Mani"
495299,"Eldridge","Mayuri"
497600,"Broder","Morris"
486562,"Angelopoulos","Radoslaw"
499850,"Luke","Fumiko"
484736,"Stamatiou","Radhakrishnan"
499501,"Narlikar","Reinhard"
482592,"Mersereau","Naraig"
497851,"Lalonde","Suvo"
497620,"Sichman","Goh"
490685,"Bergere","Paris"
490533,"Keustermans","Masasuke"
493467,"Bade","Susuma"
486753,"Hitomi","Chinho"
494275,"Trachtenberg","Chuanti"
495654,"Redmiles","Shahaf"
483468,"Berstel","Tuval"
488295,"Kavraki","Brigham"
499804,"Emmart","Leen"
488071,"Smailagic","Jaana"
496975,"Ohori","Eckart"
491122,"Seghrouchni","Kshitij"
496526,"Thorelli","Mizuhito"
493456,"Godskesen","Jianwen"
491348,"Guenter","Fatemeh"
487538,"Douceur","Tomokazu"
491323,"Tetzlaff","Mario"
499572,"Kemmerer","Sadok"
486867,"Gladwell","Honglan"
486111,"Baig","Rosalyn"
493275,"Gerteisen","Salvador"
498286,"Trystram","Supot"
485156,"Bergere","Mantis"
499337,"Antonisse","Werner"
496870,"Kakkar","Shuho"
488938,"Pesch","Zeydy"
491950,"Goldhammer","Rosine"
493262,"Fiebach","Pintsang"
495567,"Molberg","Subhada"
492945,"Barreiro","Heping"
488309,"Thiria","Martien"
497942,"Sigstam","Xiaoheng"
489397,"Jonsson","Naftaly"
486325,"Peck","Persi"
497109,"Khalid","Bernice"
486645,"Pavlopoulou","Kristof"
490903,"Luiz","Pascal"
497934,"Shrader","Weiru"
485883,"Sewelson","Jinpo"
499028,"Wroclawski","Manohar"
486168,"Roison","Suvo"
489121,"Peyn","Nectarios"
488718,"Lieberherr","Oscar"
495716,"dAstous","Nathalie"
491146,"Lakshmanan","Kwee"
491296,"Decaestecker","Sadun"
494268,"Maraist","Aran"
483727,"Fraisse","Elvia"
482413,"Melski","Zhigen"
492250,"Cooman","Mohua"
497289,"Schreiter","Sanjiv"
485099,"Chleq","Piyawadee"
495179,"Bellmore","Zhonghua"
492317,"Krogh","Otilia"
498496,"Michaeli","Uwe"
496451,"Glowinski","Aleksander"
490016,"Valiente","Lijie"
491856,"Farrag","Rayond"
484984,"Brandsma","Eberhardt"
491015,"Yoshimura","Xudong"
492524,"Setlzner","Billur"
492962,"Vasanthakumar","Kiyomitsu"
499265,"Lubachevsky","Maria"
494326,"Veevers","Satosi"
490148,"Parveen","Constantijn"
486329,"Schwaller","Hidefumi"
486120,"Chiola","Sailaja"
490015,"Diderrich","Subhash"
497952,"Plotkin","Valeri"
494533,"Domenig","Domenick"
488001,"Sgarro","Valter"
493321,"Herath","Oldrich"
486153,"Gien","Zorica"
485310,"Matzen","Ortrun"
494973,"Murtha","Behnaam"
489178,"Poulakidas","Hideo"
482707,"Hofting","Supot"
495639,"Vanwelkenhuysen","Marko"
494237,"Pulkowski","Chinhyun"
496363,"Penttonen","Anwar"
497641,"Walston","Hidefumi"
494812,"Schlegelmilch","Muzhong"
494239,"Bernardinello","Irene"
494909,"Liedekerke","Genta"
489753,"Muhling","Uri"
482439,"Pesch","Lene"
498785,"Babu","Kensyu"
487528,"Stroustrup","Shooichi"
495391,"Liesche","Sasan"
486892,"Chappelet","Samphel"
488763,"Baja","Naftali"
498205,"Kalloufi","Persi"
493951,"Sidje","Vugranam"
488085,"Larfeldt","Sanjay"
491034,"Garnham","Kaijung"
493684,"Gammage","Mohammad"
496460,"Peron","Takanari"
496777,"Kropf","Suvo"
486849,"Lieblein","Sudhanshu"
496193,"Sankaranarayanan","Jamaludin"
499361,"Solares","Sandeepan"
492568,"Mungall","Pragnesh"
483158,"Weisert","Sumant"
486088,"Bergere","Shalesh"
495755,"Erni","Jiang"
492061,"Cyne","Eran"
499505,"Ghalwash","Berna"
496969,"Bahr","Jinya"
491215,"Bruckman","Fumiyo"
488519,"Alpin","Qiwen"
486888,"Veeraraghavan","Florina"
495419,"Showalter","Shuky"
493067,"Attimonelli","Tsz"
482109,"Angot","Arfst"
493309,"Honiden","Raimond"
491433,"Bodoff","Remzi"
485360,"Docker","Chriss"
493671,"Chiola","Mikhail"
492633,"Malinowski","Taiji"
495956,"Kolvik","Edwin"
482556,"Panienski","Gio"
482116,"Azulay","Reuven"
494982,"Veldwijk","Gopalakrishnan"
492769,"Alpay","Susanne"
491562,"Denis","Ewing"
482678,"Sluis","Vojin"
493628,"Hempstead","Cristinel"
485275,"Baalen","Sham"
499778,"Sommer","Billie"
491574,"Teitelbaum","Shahab"
490880,"Orsini","Martien"
488360,"Fioravanti","Roselyn"
492434,"Sinitsyn","Hitomi"
492584,"Maginnis","Mantis"
491478,"Varman","Gill"
499899,"Usdin","Mong"
499807,"Godskesen","Foong"
494590,"Kirkerud","Lansing"
484163,"Perko","Nahum"
493447,"Saoudi","Jahangir"
486313,"Hofstetter","Ramya"
498505,"Mondadori","Oscar"
489307,"Cardazo","Brendon"
493784,"Zlotek","Tadanori"
488610,"Maierhofer","Eberhardt"
490704,"Aingworth","Mabo"
489093,"Conti","Ortrud"
482820,"Barriga","Weiye"
495136,"Sherertz","Barna"
482359,"Ginneken","Spyrose"
489906,"Griswold","Gregory"
496895,"Schwaller","Gio"
487432,"Mapelli","Marin"
494010,"Chenoweth","Urs"
492310,"Segond","Jiakeng"
490251,"Zweizig","Youssef"
488456,"Vesna","Eran"
483600,"Beetstra","Aleksander"
491802,"Bazzichi","Gill"
490693,"Besancenot","Bedir"
485778,"Sullins","Domenico"
488630,"Muhling","Heejo"
489213,"Billawala","Yagil"
495495,"Lodder","Piyawadee"
489452,"Sethi","Hercules"
485980,"Perz","Paddy"
485658,"Syang","Alper"
493440,"Angelov","Oscal"
490804,"Benaini","Shen"
499213,"Eugenio","Badri"
484117,"Bamford","Arfst"
485380,"Azuma","Irena"
491988,"Magliocco","Perla"
482075,"Cunliffe","Kwun"
488699,"Caine","Masali"
491155,"Rubsam","Lene"
492949,"Pollock","Dinkar"
490122,"Falco","Duangkaew"
490930,"Godskesen","Tua"
482446,"Adachi","Satyanarayana"
484695,"Katiyar","Marit"
492864,"Back","Arto"
483321,"Verhoeff","Xiaocheng"
482829,"Melski","Arup"
498417,"Roison","Manton"
494841,"Danley","Chuanti"
498901,"Gihr","Armond"
484367,"Merli","Filipp"
485684,"Gomatam","Zijian"
484446,"Comte","Hyuncheol"
486218,"Mansanne","Shaw"
488400,"Gulla","Claudi"
499794,"Hettesheimer","Saniya"
484812,"Broder","Barry"
497676,"Rettelbach","Rance"
489903,"Velardi","Vasiliy"
499469,"Brlek","Dayanand"
482123,"Mungall","Nobuyoshi"
485844,"Monkewich","Tsvetan"
491892,"Gruenwald","Arfst"
483985,"Piazza","Aleksandar"
491014,"Ratzlaff","Jiakeng"
493095,"Conte","Yuping"
493829,"Ananiadou","Girolamo"
485000,"Quaggetto","Conor"
487923,"Kumaresan","Armond"
483756,"Qiwen","JiYoung"
484584,"Asser","JoAnna"
496428,"Kaiserswerth","Angus"
499147,"Giveon","Anneke"
488210,"Luders","Laurentiu"
482272,"Trystram","Nalini"
494903,"Hartvigsen","Elzbieta"
493669,"Serot","Shih"
482519,"Staylopatis","Kristian"
492019,"Garrabrants","Jongsuk"
498841,"Akaboshi","Dhritiman"
483592,"Claffy","Lein"
493114,"Hofting","Sibyl"
485822,"Koyama","Alenka"
485895,"Tyugu","Vincent"
482513,"Jullig","Chiradeep"
494085,"Negoita","Pascal"
488961,"Niizuma","Marsal"
487642,"Lindenbaum","Mizuhito"
497399,"Kolinko","Gladys"
482670,"Gelosh","Filipp"
496812,"Pietracaprina","Fai"
486614,"Grospietsch","Zorica"
494561,"Raney","Amstein"
498765,"Birke","Fan"
484981,"Anger","Toshiko"
498398,"Marzano","Nobuyoshi"
482419,"Lorho","Christfried"
485930,"Gecsel","Phule"
485292,"Bakhtari","Zhonghua"
490674,"Stifter","Jaihie"
487794,"Piveteau","Yongmao"
491811,"Casperson","Angel"
492591,"Giveon","Nigel"
497799,"Standera","Uriel"
482096,"Speckmann","Ekawit"
494161,"Slutz","Sanjeeva"
499842,"Cairo","Marco"
482143,"Krychniak","Zhiguo"
484358,"Jansch","Hatim"
492991,"Radivojevic","Zine"
482627,"Camurati","Brendon"
494955,"Nitta","Rosella"
497412,"Kamble","Kankanahalli"
491117,"Liedekerke","Makato"
489501,"Kobara","Dipankar"
486468,"Middleton","Nikolaos"
483353,"Litvinov","Mizuhito"
499663,"Joslin","Eishiro"
485078,"Templeman","Mohan"
497370,"Bultermann","Zvonko"
483441,"Sigstam","Remzi"
485915,"Provine","Odysseas"
488984,"Junet","Kendra"
492868,"Trumbly","Abdelkader"
492671,"Docker","Zengping"
497598,"Chappelet","Zdislav"
490324,"McClurg","Hercules"
489951,"Gist","Adib"
486962,"Lanzelotte","Gao"
484813,"Emiris","Kousuke"
483384,"Varman","Arne"
498579,"Shinomoto","Yongmao"
496450,"Kisuki","Mori"
498126,"Standera","Cathie"
497594,"Coney","Goh"
484003,"Irland","Vincent"
490026,"Jording","Xiaopeng"
499001,"Braccini","Debaprosad"
484254,"Murillo","Noritoshi"
499444,"Hofting","Radoslaw"
497217,"Waleschkowski","Tomokazu"
482228,"Greenaway","Gaetan"
493611,"Apsitis","Juichirou"
496779,"Schahn","Aria"
486228,"Kisuki","Tze"
497152,"Brlek","Rasiah"
495287,"Fontet","Babette"
490662,"Siegrist","Xuedong"
497029,"Matteis","Toshimori"
499763,"Daescu","Uriel"
498862,"Ranum","Zissis"
496362,"Brodie","Sungwon"
496038,"Siksek","Candida"
487776,"Bruckman","Hausi"
496063,"Redmiles","Ramzi"
494235,"Aseltine","Janalee"
490544,"Kranzdorf","Paloma"
483089,"Motley","Sarita"
487996,"Junot","Yongmao"
482164,"Comte","Nalini"
494047,"Bierman","Hideyuki"
482296,"Gils","Naraig"
496411,"Lukaszewicz","Uwe"
489254,"Coors","Tonny"
484285,"Schaaf","Fumitake"
484722,"Brickell","Neven"
494227,"Rebaine","Sariel"
484721,"Lakshmanan","Hideo"
498757,"Demian","Khedija"
494871,"Antonakopoulos","Manu"
490579,"Guerreiro","Martien"
485518,"Wroclawski","Randi"
486384,"dAstous","Jinya"
495318,"Kornatzky","Reinhard"
490239,"Baranowski","Doowon"
497459,"Gimbel","Roded"
495033,"Halloran","Gal"
495110,"Kilgour","Shakhar"
486742,"Butterworth","Uno"
492172,"Keohane","Soenke"
483703,"Asmuth","Shushma"
493295,"Birjandi","Aria"
496269,"Broder","Yechezkel"
491794,"Anick","Chuanti"
492947,"Pettit","Adel"
483418,"Marrakchi","Berni"
488367,"Pusterhofer","Leif"
482437,"Bernick","Gererd"
494730,"Perl","Junsik"
484733,"Camarinopoulos","Parviz"
484192,"Karner","Yolla"
499781,"Kroha","Mori"
490663,"Pashtan","Mitchel"
482591,"Kading","Shahar"
493143,"Schnabel","Geraldo"
487010,"Perfilyeva","Jianwen"
489113,"Kriebel","Woody"
497181,"Katalagarianos","Udaiprakash"
490202,"Beetstra","Vincent"
492469,"Neimat","Seongbin"
486465,"Menhoudj","Dietrich"
492379,"Detkin","Bernd"
492514,"Suwa","Sreenivas"
489860,"Verhoeff","Paloma"
489963,"Schade","Geoffrey"
495590,"Byoun","Chinho"
494065,"Rusterholz","Dzung"
495247,"Verhoeff","Kamakshi"
484862,"Ullian","Kazuhiro"
497446,"Muhlberg","Premsyl"
485205,"Taneja","Yefim"
485854,"Baby","Yunming"
489878,"Simmen","Xinglin"
487958,"Staudhammer","Basem"
493232,"Bamford","Cathie"
495024,"Woycyznski","Dung"
491307,"Gronowski","Gad"
487590,"Vecchi","Shakhar"
497775,"Molberg","Mansur"
482786,"Leuchs","Ottavia"
499416,"Riefers","Spyrose"
496623,"Honglei","Peer"
497373,"Kuszyk","Ugo"
488893,"Begiun","Genevieve"
489765,"Kruskal","Suzette"
483701,"Iisaka","Xiadong"
482655,"Peha","Adamantios"
486289,"McConalogue","Sachio"
482640,"Chandrasekhar","Shmuel"
490808,"Trelles","Uzi"
497811,"Vickson","Sajjad"
483460,"Stiles","Leucio"
495037,"Brender","Kiyotoshi"
498773,"Yurek","Eckart"
497985,"Pillow","King"
492478,"Cherinka","Marsha"
499555,"Bernardeschi","Zhaofang"
489712,"Ebeling","Renny"
483935,"Horswill","Moni"
488055,"Huttel","Kazuhira"
499987,"Dusink","Rimli"
485120,"Pearson","Mitsuyuki"
484650,"Syang","Jordanka"
482687,"Wendorf","Charlene"
482397,"Simkin","Iara"
494966,"Litzkow","Larisa"
490382,"Khalil","Becky"
499476,"Peyn","Kazunori"
486736,"Holburn","Lijie"
498288,"Schlumberger","Bingning"
485028,"Borovoy","Keiichiro"
492239,"Diderrich","Theron"
487031,"Prochazka","Ger"
493048,"Berztiss","Muzhong"
494921,"Slobodova","Odysseas"
485337,"Bodoff","Lakshmi"
491832,"Kalefeld","Lunjin"
491121,"Bresenham","Jeong"
488058,"Leppanen","Fen"
496216,"Itschner","Martijn"
499901,"Terekhov","Make"
494702,"Crooks","Arno"
489224,"Heping","Anoosh"
495832,"Hopewell","Wojceich"
484619,"Fargier","Fei"
482714,"Ananiadou","Fumino"
485496,"Butterworth","Giri"
492100,"Schmittgen","Domenick"
483763,"Kirkerud","Khun"
490581,"Ghemri","Greger"
499094,"Leslie","Arco"
498697,"Gill","Almudena"
483764,"Chelton","Zhiguo"
485568,"Oskamp","Inderjeet"
492095,"Auyong","Dipayan"
495551,"Heemskerk","Frederique"
492835,"Khalil","Khaled"
493040,"Shimshoni","Navin"
494413,"Stassinopoulos","Arve"
484379,"Ernst","Yongdong"
488943,"Lorho","Cordelia"
482643,"Binding","DAIDA"
482150,"Gluchowski","Przemyslawa"
499046,"Krzyzanowski","Weiyi"
495679,"Schlumberger","Selwyn"
489513,"Ghelli","Gadiel"
482660,"Nitsch","Hugh"
486643,"Heuser","Mahmut"
487662,"Slutz","Jaques"
490336,"Biros","Charlene"
499436,"Ressouche","Takahiro"
483941,"Knightly","Tua"
495336,"Nergos","Tetsushi"
483423,"Matzel","Sven"
487881,"Stille","Yuuichi"
483385,"Pappas","Guenter"
489898,"Pollacia","Tru"
489506,"Penn","Jungsoon"
485924,"Horswill","Djenana"
496991,"Rande","Ugo"
494336,"Siksek","Aksel"
493985,"Jakobus","Weidon"
498658,"Percebois","Feipei"
498327,"Yeung","Tomoyuki"
497040,"Erdi","Maik"
496684,"Wossner","Odysseas"
485738,"Shigei","Thanasis"
496668,"Hockney","Sakthirel"
486792,"Swan","Alois"
496586,"Morrey","Guttorm"
482841,"Potthoff","Abdelghani"
495322,"Maquelin","Arco"
489321,"Curless","Greger"
496889,"Fairtlough","Shuzo"
491730,"Esposito","Kirk"
497870,"Waymire","Avishai"
494223,"Noriega","Khalid"
488632,"Baalen","Irena"
487029,"Constantine","Mahmut"
482674,"Uchoa","Marc"
485548,"Falco","Marko"
496419,"Bolotov","Sigeru"
498361,"Zizka","Mariangiola"
482468,"Koyama","JoAnna"
486998,"Pintelas","Roddy"
485062,"Spell","Hitofumi"
487761,"Tramer","Chuanti"
483427,"Neiman","Tsuneo"
493289,"Ratnakar","Jahangir"
488988,"Puppe","Izaskun"
487319,"Iacovou","Piyush"
492161,"Fetvedt","Junsik"
497988,"Lodder","Weicheng"
494541,"Hempstead","Aram"
491966,"Pouyioutas","Moie"
495957,"Weisert","Goetz"
483208,"Garnick","Aran"
488228,"Stifter","Remko"
487369,"Syang","Insup"
489511,"Kalsbeek","Arto"
486284,"Peternell","Venkatesan"
497358,"Shanbhogue","Ramzi"
483606,"Pollock","Samphel"
484110,"Limongiello","Abdelghani"
487532,"Fandrianto","Make"
494639,"Granlund","Sadun"
482362,"Lueh","Armond"
492602,"Suomi","Lubomir"
489602,"Hoogerwoord","Nadjib"
485994,"Heijenga","Serap"
494723,"Orlowski","Aksel"
485286,"Ruther","Radhika"
495591,"Stentiford","Masanao"
489292,"Huhdanpaa","Shuho"
497917,"Khalil","Idoia"
484838,"Gips","Lalit"
495438,"Zedlitz","Kirk"
499953,"Pulkowski","Leszek"
485239,"Zizka","Gopalakrishnan"
493543,"Perri","Prasadram"
487779,"Esposito","Leah"
484904,"Wuwongse","Weidon"
494958,"Redmiles","Candido"
487530,"Bernatsky","Huai"
499622,"Henders","Janche"
492940,"Swift","Hugh"
483525,"Zumaque","Abdulla"
490676,"Speckmann","Yoshimitsu"
488707,"Remmers","Mihalis"
488147,"Loncour","Mabo"
488068,"Sabnani","Abdelghani"
499610,"Vernadat","Kiyokazu"
495234,"Pero","Tokuyasu"
491875,"Baba","Ebbe"
488117,"Stranks","Serap"
484047,"Leivant","Danel"
490583,"Sluis","Huai"
493630,"Hartvigsen","Demos"
498429,"Lakshmanan","Bedrich"
494629,"Nergos","Uwe"
482244,"VanScheik","Manohar"
485104,"Bergere","Kamran"
499318,"Ozeki","Hideyuki"
484051,"Nishimukai","Mads"
499166,"Gini","Kiyomitsu"
485773,"Denny","Shalesh"
484268,"Thiran","Takahito"
487546,"Perko","Youngkon"
484022,"Grabner","Vasilii"
484087,"Tagansky","Herb"
484416,"Rehfuss","Harjit"
489034,"Eiter","Mechthild"
492132,"Cannane","Mong"
496815,"Beutelspacher","Uinam"
493624,"Businaro","Dmitri"
496666,"Paludetto","Basem"
497317,"Brendel","Deniz"
483792,"Unno","Irena"
482864,"Krone","Ioana"
496731,"Terekhov","Zhiwei"
484230,"Rossi","Divier"
484085,"Swick","Basant"
496061,"Uhrik","Tran"
483686,"Munos","Mrinalini"
486733,"Sambasivam","JoAnne"
483240,"Ruemmler","Urs"
484121,"Mundy","Yagil"
483572,"Stroustrup","Bedrich"
489207,"Anguita","Aemilian"
496846,"Bach","Yuriy"
489433,"Terlouw","Valeska"
482583,"Wielonsky","Danil"
494412,"Pettit","Garnik"
499369,"Koprowski","Hirochika"
485944,"Ferretti","Ayonca"
499966,"Crabtree","Mihalis"
485600,"Hiraishi","Tsutomu"
492166,"Atrawala","Xiaoshan"
485370,"McFarlin","Qingxiang"
491406,"Mondadori","Karlis"
495912,"Mitsuhashi","Shuichi"
498974,"Bala","Abdelwaheb"
497925,"Gonthier","Basim"
497395,"Kruskal","Parto"
490204,"Waymire","Abdelaziz"
495985,"Buchter","Makato"
492700,"Yemenis","Morrie"
497160,"Thiran","Heon"
486782,"McFarlin","Niranjan"
482531,"Aseltine","Oddvar"
489647,"Bondorf","Tomokazu"
485368,"Rijckaert","Sanjit"
486797,"Bolotov","Zijian"
488142,"Narlikar","Denis"
489794,"Xiaoshan","Boriana"
489698,"Poulakidas","Kazuhide"
491326,"Welham","Munehiko"
487741,"Savasere","Szabolcs"
496260,"Showalter","Mary"
487907,"McAlpine","Bouchung"
493029,"Potthoff","Jeanna"
483889,"Heping","Marko"
484274,"Bage","Foong"
485003,"Khasidashvili","Ioana"
490627,"Kuszyk","Khue"
491471,"Dymetman","Mariangiola"
494391,"Famili","Aram"
496126,"Broomell","Tsuneo"
489260,"Huxford","Constantine"
491269,"Egerstedt","Jixiang"
495812,"Przulj","Pranas"
495254,"Basagni","Shiv"
488094,"Cangellaris","Shai"
488201,"Businaro","Toshimi"
490822,"Peir","Piyawadee"
486390,"Lieblein","Soenke"
490434,"Perry","Terresa"
487263,"Leaver","Zhonghua"
498768,"Perng","Janalee"
489529,"Rosay","Gopalakrishnan"
482923,"Gyorkos","Visit"
485839,"Strooper","Mohd"
493892,"Pfau","Maya"
486553,"Schiper","Toshiki"
499407,"Kropatsch","Gao"
490532,"Shiratori","Frazer"
499641,"Nannarelli","Mart"
488405,"Conia","Jordanka"
493378,"Flexer","Demos"
487898,"Muntz","Yongmao"
494300,"Oberman","Zeljko"
482680,"Herber","Toshiki"
498601,"Antonisse","Aran"
486547,"Dengi","Nevin"
494228,"Asrin","Erez"
482151,"Mungall","Tzu"
487991,"Kambil","Gift"
493250,"Sichman","Kazuhide"
483709,"Peternell","Goh"
486678,"Homond","Conor"
497050,"Mukaidono","Troy"
492316,"Barbanera","Ewing"
482378,"Schiper","Hilari"
485551,"Velardi","Mitsuyuki"
495246,"Litzler","Dung"
488275,"Woycyznski","Ulises"
482509,"Luby","Kinh"
492164,"Birta","Ghassan"
487351,"Molenkamp","Lansing"
489095,"Noriega","Vatsa"
498659,"Lorch","Paraskevi"
497094,"Kumaresan","Bezalel"
482042,"Luce","Shan"
484501,"Conry","Lein"
491143,"Turnbull","Fai"
494666,"Vieri","Shir"
496955,"Sidou","Howell"
488526,"Fraisse","Monique"
494820,"Takkinen","Bader"
488821,"Stanger","Stepehn"
487786,"Sigstam","Alassane"
491277,"Luca","Tetsushi"
490681,"Marciano","Nathalie"
487347,"Pleszkun","Masaru"
499327,"Bardell","Subhankar"
499331,"Kaminger","Petter"
496682,"Gide","Kauko"
482542,"Iwayama","Mototsugu"
491681,"Asrin","Zengping"
491616,"Valtorta","Geoff"
485361,"Biran","Yonghoan"
495809,"Peck","Valeska"
484961,"Kading","Shuichi"
492377,"Pollacia","Jianhua"
491494,"Broomell","Saniya"
486907,"Boyle","Roded"
493599,"Saoudi","Leon"
484991,"Cromarty","Kasturi"
487867,"Manders","Kwangjo"
494523,"Walstra","Fumiyo"
483229,"Rosch","Sangeeta"
498581,"Talmon","Kiyokazu"
485034,"Zeleznik","Oguz"
490006,"Pargas","Serif"
494751,"Homond","Arto"
492023,"Mattern","Percy"
485278,"Isaak","Erez"
489676,"Jonsson","Vishwani"
484078,"Soloway","Weiyi"
488871,"Roccetti","Richara"
488184,"Avouris","Shooichi"
489128,"Gluchowski","Nishit"
487286,"Copas","Insup"
488918,"Munos","Tamiya"
484655,"Templeman","Heejo"
482839,"Ozeri","Jiakeng"
499688,"Perin","Bingning"
490003,"Escriba","Owen"
487796,"Bashian","Gunilla"
482186,"Fritzsche","Ult"
482470,"Provine","Guozhong"
486160,"Guting","Constantijn"
486891,"Ramsey","Karsten"
484144,"Ouhyoung","Shahid"
496940,"Zastre","Abdelwaheb"
487892,"Karner","Teruyuki"
491049,"Bala","Kwangho"
494823,"Marshall","Kazuhiko"
485260,"Szilard","Haldun"
483983,"Ravishankar","Shigeu"
486583,"Suri","LiMin"
495616,"Denti","Horward"
495115,"Hainaut","Yishay"
486065,"Keustermans","Sanjoy"
482168,"Marwedel","Yuchang"
493284,"Suppi","Alair"
494380,"Einsfeld","Goh"
499701,"Bergere","Shietung"
485580,"Silva","Vincent"
495842,"Servieres","Dulce"
493976,"Ducloy","Satoru"
494565,"Ghazalie","Udi"
490534,"Parascandalo","Ioana"
491998,"Masand","Maja"
495160,"Birjandi","Gen"
482717,"Menhardt","Cheong"
491732,"Denti","Ebru"
495217,"Juneja","Leah"
495063,"Bahr","Yaghout"
486420,"Zykh","Aiichiro"
483633,"Range","Charlene"
485754,"Randi","Perla"
492278,"Delgrange","Chinhyun"
482304,"Minakawa","Uwe"
490580,"Luks","Gen"
482492,"Gammage","Mitchel"
485770,"Erman","Xianlong"
484531,"Narahara","Siamak"
492005,"Brandsma","Remco"
499570,"Desikan","Perla"
489156,"Munch","Baocai"
492417,"Hiroyama","Kauko"
497779,"Hiraishi","Bernt"
495806,"Matzel","Ronnie"
484550,"Daescu","Moto"
498753,"Miyakawa","Slavian"
493747,"Ibel","Wayne"
491301,"Rothenberg","Fumiya"
499817,"Pusterhofer","Lihong"
491425,"Ladret","Tayeb"
487011,"Lupu","Theirry"
489079,"Gips","Conrado"
494494,"Garnick","Otmar"
483575,"Talmor","Raimond"
488169,"Kroon","Satyanarayana"
494453,"Itschner","Arun"
488403,"Klerer","Arra"
485680,"Leuchs","Kish"
495555,"Casperson","Narain"
485547,"Verspoor","Ayonca"
484388,"Hainaut","Avishai"
499529,"Kambil","Parto"
492130,"Bach","Lihong"
498628,"Dulay","Wanqing"
490473,"Wuwongse","Kasturi"
491287,"Bodoff","Marin"
494159,"Segond","Yongdong"
484281,"Serre","Jovan"
495790,"Quaggetto","Licheng"
484246,"Matzat","Poorav"
492517,"Nooteboom","Barna"
492987,"Marquardt","Valery"
492702,"Chappelet","Hein"
484211,"Henseler","Takanari"
494722,"Bhattacharjee","Joydip"
495439,"Akaboshi","Claude"
487387,"Passino","Sahrah"
484693,"Otillio","Stella"
488316,"Vandervoorde","Jolita"
492857,"Sanella","Tadahiro"
499291,"Marrakchi","Jaewon"
484747,"Rahier","Yuuichi"
493800,"Zallocco","Constantine"
482189,"Paciorek","Ute"
498506,"Dalton","Barun"
491902,"Vidal","Rosita"
485948,"Borstler","Idoia"
492167,"Fandrianto","Sachio"
489804,"Pavlopoulou","Moss"
490335,"Figueira","JoAnna"
498150,"Pellegrinelli","Yakkov"
499808,"Deyuan","Paris"
484154,"Schiper","Claude"
498813,"Couchot","Slavian"
487348,"Ducloy","Yucel"
492222,"Mitzlaff","Menkae"
498647,"Luff","Anoosh"
498027,"Magliocco","Manton"
494887,"Huttel","Xudong"
486664,"Cooley","Hidekazu"
487070,"Ishibashi","Kamakshi"
484034,"Ozery","Toney"
489639,"Antonakopoulos","Frederique"
496319,"Baranowski","Florian"
495884,"Kragelund","Moto"
498335,"Masamoto","Krassimir"
491182,"Wynblatt","Cordelia"
488952,"Openshaw","Conal"
482535,"Rajcani","Youjian"
495637,"Uhrig","Utz"
484088,"Michaels","Minghong"
485870,"Rabehasaina","Muzhong"
488839,"Luders","Niclas"
496930,"Mersereau","Mart"
499589,"Bodoff","Basim"
483998,"Hanabata","Shuzo"
491268,"Picht","Genta"
494351,"Maginnis","Boriana"
497632,"Murillo","Kristine"
482276,"Pargas","Chanjung"
490616,"Stifter","Taiji"
483904,"Berztiss","Xiaoqiang"
484283,"Aumann","Hidekazu"
484100,"Matzen","Salvador"
487115,"Hashii","Nechama"
493461,"Randt","Christoph"
493799,"Ciolek","Manton"
494791,"Emden","Shim"
484681,"Hennings","Willard"
498380,"Ratnaker","Nidapan"
485879,"Waymire","Shugo"
492783,"Hammerschmidt","Oldrich"
493376,"Stanfel","Barton"
488842,"Figueira","Haldon"
486659,"Makrucki","Takahiro"
482037,"Junet","Reinhold"
493485,"Laurillard","Nathalie"
483136,"Perko","Marjo"
496583,"Shinomoto","Toshiki"
482493,"VanScheik","Lalit"
493177,"Gurbaxani","Ottavia"
486918,"Remmers","Yagil"
485618,"Riexinger","Urs"
491618,"Swan","Gonzalo"
484305,"Mawatari","Tuval"
498962,"Osgood","Herb"
483130,"Sommen","Udo"
495576,"Mahmud","Lubomir"
497790,"Zastre","IEEE"
486225,"Asser","Rosita"
489561,"Tokunaga","Roselyn"
492330,"Dalphin","Keiichiro"
496262,"Kleiser","Kazuhira"
493915,"Maliniak","Goo"
485112,"Stentiford","Martijn"
484968,"Range","Zdislav"
492926,"Journel","Yuchang"
491924,"Clouatre","Premsyl"
482757,"Luders","Xiaopeng"
482644,"Uhrig","Fumitaka"
482432,"Hopewell","Adam"
499728,"Bernini","Jinxi"
491520,"Schonegge","Fumino"
488089,"Tsukuda","Christoper"
494500,"Trachtenberg","Ottavia"
487356,"Eickenmeyer","Tommaso"
482500,"Etalle","Pradeep"
486983,"Luga","Hitofumi"
497307,"Collette","Takahiro"
488849,"Vidya","JoAnna"
496999,"Bridgland","Hsiangchu"
488241,"Perfilyeva","Randi"
495651,"Tokunaga","Marek"
487372,"Rosay","Arvind"
491792,"Onuegbe","Hugo"
490246,"Bisiani","Zongyan"
497525,"Erni","Kristin"
499740,"Cappelli","Gurbir"
489668,"Decleir","Georg"
493347,"Broder","Zissis"
486806,"Lipner","Radoslaw"
489559,"Macedo","Adamantios"
494851,"Boguraev","Somnath"
492628,"Hoogerwoord","Valdiodio"
491874,"Denis","Debaprosad"
486412,"Harnett","Tommaso"
499292,"Schiettecatte","Sarita"
492933,"Masada","Xuejia"
484889,"Dichev","Gay"
497568,"Boissier","Mark"
487926,"Ritzmann","Filipp"
495284,"Schwabacher","Spyrose"
491139,"Barbanera","Monique"
485615,"Beznosov","Tadahiro"
498607,"Zuberek","Zhiguo"
498606,"Suessmith","Torsten"
493529,"Keohane","Michaela"
484352,"Nannarelli","Munehiro"
488857,"Garrabrants","Arto"
495118,"Pokrovskii","Kristen"
491929,"Pesch","Adel"
496129,"Skafidas","Suzette"
491240,"Kemmerer","Sasan"
482774,"Katiyar","Shigeaki"
485224,"Tibblin","Mingzeng"
497063,"Larfeldt","Goh"
498698,"Terekhov","Adel"
494177,"Pocchiola","Guoxiang"
488803,"Tsunoo","Toong"
487235,"Talmor","Filipe"
494544,"Merlo","Mayuri"
486704,"Veevers","Gen"
491674,"Glinert","Tianruo"
495659,"Ferretti","Janalee"
496989,"Flasterstein","Nitsan"
499976,"Felder","Guozhong"
499733,"Puppo","Shounak"
494847,"Panwar","Georg"
489830,"Camarinopoulos","Shahar"
489029,"Baak","Koldo"
489231,"Ranka","Souichi"
494023,"Pulkowski","Zhenhua"
499837,"Matteis","Susanne"
488260,"Sudbeck","Vojin"
490260,"Hiyoshi","Khedija"
494274,"Clouatre","Aron"
487841,"Claffy","Taisook"
496032,"Tischendorf","Trygve"
491793,"Zolotykh","Mizuhito"
482877,"Shumilov","Yurij"
491747,"Delgrange","Kerhong"
491147,"Baig","Tonia"
486754,"Dymetman","Nevio"
484205,"Gewali","Chrisa"
482111,"Luce","Goo"
496249,"Dehkordi","Adas"
485900,"Dengi","Filipp"
482773,"Parveen","Charlene"
487308,"Hertweck","Jianhao"
486504,"Condotta","Maja"
495885,"Zizka","Weijing"
494294,"Jeansoulin","Kwan"
483174,"Schiper","Hailing"
487076,"Woycyznski","Tomofumi"
484383,"Wegerle","Przemyslawa"
496392,"Bernatsky","Gian"
498915,"Diderrich","Wonhee"
496139,"Setiz","Siamak"
498387,"Wossner","Eben"
493090,"Heping","Tesuya"
499722,"Cesareni","Amabile"
494233,"Takanami","Sasan"
489737,"Lindenbaum","Froduald"
496104,"Kobara","Avishai"
483472,"Pesch","Gita"
496579,"Bernardeschi","Rayond"
490729,"Schicker","Badri"
495292,"Dalphin","Kellyn"
493990,"Ertl","Boalin"
496810,"Champarnaud","Xiaobin"
485054,"Qiwen","Kien"
484882,"Coney","Pradeep"
491093,"Dehkordi","Bogdan"
495459,"Genin","Leen"
493648,"Peak","Ult"
497180,"Simkin","Zhigen"
495325,"Bednarek","Aris"
487134,"Peltason","Harngdar"
491754,"Rouquie","Kiyokazu"
496013,"Shrader","Kiam"
497384,"Skrikant","Sverrir"
493002,"Comellas","Berry"
482174,"Minakawa","Feiyu"
485750,"Iacovou","Eckart"
486834,"Basart","Sibyl"
483045,"Covnot","Hironobu"
490539,"Androutsos","Ortrud"
493513,"Baezner","Mrinalini"
498237,"Detkin","Dipayan"
487956,"Bauknecht","Giao"
484118,"Remmele","Denis"
493059,"Baez","Koichi"
497563,"Manders","Chaoyi"
495869,"Pluym","Shai"
484642,"Chinen","Lijia"
483557,"Kossowski","Brigham"
485949,"Picci","Berry"
482147,"Conde","Yishai"
488924,"Boguraev","Iara"
495267,"Angelopoulos","Giordano"
487731,"Bala","Radhakrishnan"
487247,"Luef","Heeju"
483036,"Krupka","Sadok"
496400,"Eiter","Naftaly"
488571,"Impagliazzo","Malu"
493094,"Fordan","Mack"
496420,"Murtagh","Zdislav"
489871,"Hartvigsen","Yonghoan"
497215,"DiGiano","Reuven"
495788,"Farrel","Huan"
489383,"Rodiger","Kazunori"
491907,"Swiler","Cheong"
489181,"Ruemmler","Ibibia"
484015,"Fasbender","Gila"
486408,"Tsukuda","Arnould"
483082,"Pileggi","Zito"
496383,"Krogh","Arvin"
493561,"Kitai","Hyuckchul"
484555,"Demos","Soenke"
485832,"Thebaut","Nathan"
490063,"Fontan","Zhenhua"
498483,"Gornas","Sivanarayana"
486431,"Bazzichi","Udo"
494497,"Debuse","Kirk"
497693,"Ciolek","Tsutomu"
493488,"Tsunoo","Mansur"
496772,"Rahier","Abdelaziz"
486713,"Rahier","Vidya"
492735,"Reistad","Jacopo"
498051,"Hofman","Indrajit"
482776,"Beilner","Kristin"
486649,"Roccetti","Padma"
482891,"Brender","Adas"
484635,"Masand","Danai"
495372,"Kakkar","Mizuhito"
488787,"Ranze","Jungsoon"
482658,"Aingworth","Wanqing"
498864,"Bodoff","Munehiko"
497696,"Danlos","Along"
484234,"Antonisse","Arlette"
491475,"Kitsuregawa","Chiradeep"
482273,"Anick","Lunjin"
491851,"Braccini","Jaihie"
495584,"Bamford","Chrisa"
485271,"Kushner","Luerbio"
487893,"Marwedel","Jiang"
498032,"Steenbeek","Fumitake"
487895,"Guardalben","Adhemar"
486777,"Ghalwash","Maren"
487714,"Rehfuss","Ugo"
495986,"Stamatiou","Shaibal"
483921,"Munro","JoAnne"
493896,"Krone","Dante"
489721,"Herber","Murthy"
494779,"Babu","Mang"
483311,"Katzenelson","Xiping"
485865,"Schmittgen","Shawna"
488899,"Jumpertz","Mahendra"
496077,"Albarhamtoshy","Anyuan"
487821,"Parveen","Gonzalo"
489974,"Ressouche","Shounak"
485044,"Angelov","Josyula"
496859,"Peris","Georg"
484054,"Dayang","Pohua"
490447,"Alvarado","Demin"
484014,"Mullainathan","Idoia"
490385,"Baranowski","Carrsten"
488494,"Valette","Berhard"
490235,"Kropf","Shrikanth"
487944,"Clouatre","Adhemar"
498455,"Covnot","Christfried"
483242,"Weedman","Guenter"
494870,"Douceur","Khedija"
499188,"Honglei","Abdulla"
483155,"Snedden","Gregory"
488992,"Pileggi","Hilary"
491679,"Lunt","Salvador"
483415,"Heemskerk","Arve"
482219,"Zaiane","Kagan"
482607,"Kroha","Arunas"
499286,"Argence","Jungsoon"
494316,"Merlo","Dekang"
499737,"Bernatsky","Aamod"
485769,"Wroclawski","Kinh"
484775,"Heydon","Moie"
498937,"Hopewell","Katsuyuki"
499394,"Koyama","Gaurav"
488798,"Ozery","Arlette"
493423,"Luit","Magdalena"
482425,"Rijsenbrij","Xinan"
486174,"Sinitsyn","Mabo"
491624,"Clouatre","Laurentiu"
484488,"Kobuchi","Danny"
483726,"Falster","Tzu"
489968,"Denti","Krister"
482927,"Fraisse","Vasiliy"
483343,"Gill","Mayumi"
485715,"Gubsky","Srinidhi"
490284,"Emmart","Mang"
489385,"Vesel","Xiaoheng"
492721,"Perly","Samphel"
485947,"Mersereau","Yuriy"
486306,"Peyn","DAIDA"
499700,"Ulupinar","Divine"
490829,"Kading","Hidde"
492904,"Thorensen","Miyeon"
494430,"Kitsuregawa","Shih"
494911,"Garrabrants","Mantis"
486606,"Bazelow","Bluma"
491254,"Anguita","Junsik"
486992,"Yemenis","Kirk"
496047,"Ruther","Sanjiv"
485550,"Lenart","Danel"
484752,"Cronin","Shuky"
488216,"Bamford","Gurbir"
498696,"Zockler","Macha"
488969,"Benzmuller","Remko"
496727,"Kawashimo","Jixiang"
496862,"Porotnikoff","JoAnna"
496429,"Luders","Takanari"
485703,"Yetto","Subhankar"
493167,"Angel","Greger"
499007,"Serra","Ishfaq"
497498,"Broomell","Ekawit"
490608,"Demri","Berry"
492873,"Dredge","Patricia"
486486,"Rosar","Bokyung"
495926,"Trachtenberg","Constantino"
494428,"Selvestrel","Manton"
496545,"Rabehasaina","Hyuncheol"
489315,"Spell","Yonghoan"
492140,"Suppi","Pragnesh"
492406,"Georg","Emdad"
496091,"Theuretzbacher","Joydip"
494687,"Rohrbach","Marek"
493454,"Alvarado","Muzhong"
489470,"Hambrick","Duro"
490961,"Beidas","Zongyan"
496788,"Gruenwald","Gino"
487221,"Wolniewicz","Goo"
496424,"Quadeer","Bouchung"
489457,"Orlowski","Yuuichi"
490378,"Trystram","Lubomir"
496385,"Heydon","Uriel"
490601,"Lortz","Uriel"
482407,"Bael","Gao"
499708,"Uehara","Piyush"
494152,"Baranowski","Masaru"
499625,"Denny","Nechama"
499208,"Vecchio","Zhenhua"
494885,"Eterovic","Demin"
490044,"Ginneken","Huiqun"
490507,"Heusch","Junichi"
491365,"Huxford","Berto"
499757,"Kugler","Fox"
483933,"Bernick","Piyawadee"
491522,"Luan","Anneli"
496082,"Rullman","Xuedong"
494254,"Ranze","Sandeepan"
490537,"Engberts","Mohan"
485215,"Lampe","Zhigen"
493983,"Diderrich","Jayesh"
487358,"Katalagarianos","Godehard"
487206,"Rosay","Mark"
482193,"Beausoleil","Jovan"
484245,"Kadhim","Nathalie"
485696,"Nitta","Susanne"
496254,"Velasco","Weijing"
484712,"Granlund","Anneke"
492995,"Schonegge","Magy"
498702,"Heijenga","Mizuhito"
483483,"Shigei","Alper"
487562,"Kolinko","Harngdar"
495700,"Bach","Moti"
495697,"Ramamoorthy","Mona"
482932,"Cummings","Shalesh"
491799,"Peck","Zorica"
489992,"Sankaranarayanan","Zhenbing"
491702,"Thiria","Jinya"
492544,"Wielonsky","Remko"
492743,"Preusig","Aram"
485447,"Tetzlaff","Isaac"
484717,"Panangaden","Serge"
492968,"Riexinger","Ramya"
490832,"Detkin","Sanjai"
495426,"Pellegrinelli","Leon"
483110,"Itschner","Chenye"
486232,"Gammage","Mohammed"
482788,"Sudkamp","Lokesh"
486310,"Dratva","Phillip"
482894,"Takanami","Greger"
488253,"Yemenis","Nathalie"
484546,"Litzkow","Lijia"
497653,"Leaver","Changho"
492614,"Frolund","Xiaoshan"
484789,"Imataki","Douadi"
483421,"Rubsam","Nathalie"
488108,"Khalil","Keiichiro"
497876,"Kavanagh","Moni"
497538,"Kuhnemann","Zhiwei"
490868,"Bach","Yinghua"
488778,"Mitina","Shaz"
485562,"Shigei","Junichi"
498488,"Pokrovskii","Kotesh"
494720,"Chenoweth","King"
492341,"Menhardt","Odysseas"
494039,"Tsukune","Valter"
496401,"Zallocco","Krister"
487625,"Janetzko","Mahendra"
490203,"Crelier","Gay"
493627,"Eugenio","Xumin"
491846,"Merks","Basant"
492546,"Aamodt","Elzbieta"
495924,"Hardjono","Randi"
488010,"Pintelas","Uinam"
490658,"Redmiles","Insup"
490312,"Rettelbach","Gino"
498821,"Matzat","Gully"
487488,"Chiodo","Siamak"
497500,"Manderick","Falguni"
489173,"Rebaine","Heather"
498712,"Kohling","Vidar"
496248,"Chandrasekhar","Murthy"
486494,"Vural","Gererd"
497482,"Ranta","Arlette"
488511,"Penttonen","Mitchel"
484005,"Czap","Remco"
485399,"Thibadeau","Shaw"
487950,"Cochrane","Koldo"
493741,"Range","Shigehiro"
496456,"Impagliazzo","Karlis"
489995,"Beeson","Arumugam"
488341,"Furedi","Charmane"
497507,"Marletta","Idoia"
494835,"Compeau","Yongqiao"
497013,"Penn","Dietrich"
484797,"Jeong","Jaewoo"
487556,"McAlpine","Leandro"
498729,"Servieres","Eberhardt"
482521,"Simmel","Sanjai"
483303,"Bael","Vishv"
497350,"Foong","Satosi"
489199,"Benner","Adil"
485559,"Gist","Premal"
491090,"Badr","Debaprosad"
482760,"Iwayama","Shrikanth"
484941,"Herber","Mikhail"
486520,"Kusakari","Xiaopeng"
499392,"Nollmann","Rayond"
489020,"Cheshire","Yagil"
482572,"Stamatiou","Peternela"
487093,"Garnick","Shigehiro"
486516,"Kitsuregawa","Shih"
492919,"Baby","Khatoun"
485661,"Winter","Elvia"
486201,"Foote","Sadegh"
491878,"Shackel","Georg"
487685,"Mansanne","Erzsebet"
482426,"Roison","Kwun"
494013,"Eiter","Sakthirel"
489028,"Kemmerer","Percy"
497578,"Eterovic","Vasilis"
499920,"Murtagh","Christ"
490351,"Vilarrasa","Stella"
495615,"Rosis","Tetsushi"
493868,"Worfolk","Katsuyuki"
496778,"Ghazalie","Zijian"
488956,"Kranzdorf","Matt"
484873,"Honiden","Jianhua"
482895,"Asmuth","Piyawadee"
494372,"Selvestrel","Tesuya"
484136,"Waschkowski","Fox"
482258,"Barinka","Nahla"
487323,"Erbe","Zdislav"
497466,"Luby","Make"
498122,"Chandrasekhar","Samphel"
498613,"Hofmeyr","Adas"
496308,"Reistad","Gennady"
485444,"Chleq","Venkatesan"
492807,"Cangellaris","Shigenori"
494044,"Glinert","Angel"
489229,"Worfolk","Valter"
486972,"Sessa","Freyja"
483034,"Azuma","Breannda"
488176,"Bashian","Iara"
492210,"Chandrasekhar","Takushi"
488448,"Genther","Yongqiao"
483301,"Ferriere","Golgen"
495933,"Ohori","Zhanqiu"
483050,"Ossenbruggen","Kwangjo"
485197,"Garnham","Muneo"
490622,"Itzigehl","Yechiam"
493393,"Murrill","Vincent"
494834,"Karcich","Debatosh"
489504,"Kriebel","Apostol"
493881,"Whitcomb","Edwin"
485959,"Puoti","Amabile"
489988,"Henders","Girolamo"
487061,"Bierbaum","Christfried"
491515,"Lichtner","Gay"
492599,"Grabner","Gor"
497890,"Otillio","King"
483084,"Rosenbaum","Maria"
488897,"Delgrossi","Lakshmi"
494001,"Escriba","Zhiwei"
490525,"Fasbender","Evgueni"
486898,"Backhouse","Giordano"
498461,"Zwicker","Hironobu"
482682,"Woycyznski","Younwoo"
492153,"Casperson","Tristan"
486814,"Stamatiou","Arun"
486836,"Klerer","Remko"
493495,"Maquelin","Toshimori"
488680,"Munos","Fan"
493857,"Ecklund","Alagu"
498147,"Bojadziev","Stafford"
485765,"Bodoff","Baruch"
494325,"Ferretti","Shin"
499412,"Butner","Georgy"
482771,"Xiaoshan","Kazuhiko"
497596,"Rotem","Fumino"
486499,"Foote","Xiaoshan"
491768,"Masaki","Toney"
495297,"Portugali","Yuguang"
491183,"Ligten","Shigehito"
499279,"Petereit","Kshitij"
482842,"Winter","Kousuke"
483909,"Vesna","Pantung"
484278,"Klassen","Yuqun"
493237,"Heuser","Valery"
493325,"dAstous","Adly"
482374,"Stamatiou","Gaurav"
495672,"Sewelson","Zissis"
497854,"Kandlur","Chuanyi"
497088,"Picco","Alassane"
489722,"Mukaidono","Jiann"
484943,"Iivonen","Danel"
494073,"Hennebert","Shakhar"
495466,"Passino","Ingmar"
490389,"Wursthorn","Arno"
499122,"Rajaraman","Fan"
485089,"Mattern","Nahla"
484743,"Taneja","Conrado"
494279,"Selvestrel","Dipayan"
488257,"Itzigehl","Goncalo"
489979,"Stenning","Jingling"
488471,"Murtha","Gunilla"
499502,"Pelz","Doohun"
496911,"Decleir","Tiina"
498996,"Litvinov","Evgueni"
485583,"Melter","Nidapan"
484678,"Pelc","Guttorm"
496868,"Klyachko","Fun"
493086,"Rosay","Xinyu"
490776,"Perna","Kokou"
490428,"Isaac","Dzung"
492013,"Bugrara","Muzhong"
496188,"Demian","Renee"
485182,"Rajala","Toong"
482995,"Murillo","Surveyors"
485098,"Demizu","Hidefumi"
492950,"Wilfing","Theron"
482934,"Cappelli","Kitty"
492237,"Gecsei","Shalesh"
490775,"Perna","Oscal"
491337,"Kornyak","Keiichiro"
489872,"Marwedel","Urs"
487913,"Terkki","Lokesh"
485604,"Tagansky","Shem"
488410,"Picci","Guther"
497438,"Birjandi","Trygve"
488852,"Staudhammer","Shen"
485348,"Hammerschmidt","Arno"
496614,"Erol","Chuanti"
494678,"Silva","Jiong"
484445,"Kugler","Udaiprakash"
496333,"Greenaway","Shigeichiro"
498997,"Collette","Kenroku"
496315,"Anger","Yuichiro"
493478,"Bamford","Masaru"
495848,"Renear","Ayonca"
484240,"Plavsic","Pranjal"
490560,"Schauser","Pasqua"
483488,"Peron","Caolyn"
490596,"Ghelli","Waiman"
485688,"Jeong","Tzu"
495038,"Rotem","Amalendu"
498191,"Cunliffe","Murthy"
491995,"Seghrouchni","Parviz"
483656,"Serot","Mana"
493520,"Sambasivam","Yongmao"
483579,"Kobuchi","Duke"
485252,"Siegrist","Abdelwaheb"
485428,"Moehrke","Kazunori"
492345,"Spelt","Hidekazu"
491932,"Krupka","Ibibia"
486590,"Lanteri","Utpal"
482922,"Cappelli","Van"
484910,"Kirkerud","Izaskun"
496736,"Brizzi","Shooichi"
495772,"Tasistro","Toshimori"
485554,"Soloway","Wonhee"
498941,"Langford","Alselm"
490227,"Peris","Sanjoy"
488461,"Goodrum","Elvis"
491686,"Tempesti","Chuanti"
499885,"Lanphier","Jagoda"
482756,"Back","Shaowei"
494600,"Plump","Qiwen"
490270,"Luft","Minghong"
491460,"Chorvat","Sanjai"
483905,"Poulakidas","Kasidit"
484374,"Pero","Otilia"
498157,"Lorcy","Baocai"
490187,"Lubachevsky","Masaru"
488093,"Muchinsky","Jiang"
495154,"Poulakidas","Abdelaziz"
487056,"Shinomoto","Valeri"
493626,"Plumb","Parke"
492963,"Serre","Arvind"
485107,"Kalsbeek","Subhrajyoti"
499259,"Pardalos","Weiwu"
498963,"Usdin","Michaela"
496458,"Rothe","Mads"
496354,"Emden","Leon"
488352,"Mellouli","Tadahiko"
484893,"Bressoud","Kannan"
485906,"Potthoff","Conal"
497873,"Jenevein","Jeane"
494258,"Pollacia","Djelloul"
496573,"Soloway","Genevieve"
487184,"Gladwell","Mototsugu"
488953,"Dichev","Jeong"
498392,"Lowrie","Xuejia"
491798,"Ghandeharizadeh","Ipke"
484582,"Kobara","Tsvetan"
495253,"Manders","Boutros"
485244,"Bage","George"
484588,"Panienski","Shaibal"
499349,"Cromarty","Zeljko"
492021,"Bahi","Pascal"
487251,"Bahr","Zhilian"
491612,"Horswill","Kien"
497815,"Kulisch","Gal"
489001,"England","Ingemar"
493349,"Falco","Jungsoon"
483124,"Molenkamp","Urs"
484459,"Improta","Sanjoy"
495407,"Veeraraghavan","Sashi"
498467,"Lunn","Rutger"
492861,"Ermel","Shen"
487987,"Alameldin","Poorav"
491158,"Perna","Dzung"
488800,"Schieder","Foong"
490226,"Syang","Kristinn"
483948,"Delgrande","Matk"
482663,"Demir","Tadahiro"
490654,"Roisin","Navin"
488328,"Huhdanpaa","Ung"
486532,"Cullers","Gen"
485937,"Vanwelkenhuysen","Zsolt"
483026,"Ginesta","Tse"
499689,"Sommer","Kinh"
484748,"Orlowska","Shridhar"
484013,"Ellozy","Conor"
482526,"Leijenhorst","Youssef"
485954,"Huttel","Ger"
492553,"Conia","Armond"
488603,"Aseltine","Jaihie"
487178,"Stentiford","Moheb"
495800,"Bondorf","Ugo"
487506,"Peltason","Edwin"
492647,"Madeira","Leen"
487069,"Teitelbaum","Uma"
493576,"Prochazka","Margareta"
490823,"Birdsall","Valery"
491459,"Gewali","Jiann"
485794,"Gulak","Kersti"
493083,"Whitcomb","Mohammad"
496971,"Colorni","Jianwen"
498532,"Porenta","Yinlin"
496960,"Argence","Izaskun"
490805,"Boyle","Along"
484571,"Huhdanpaa","Manohar"
497122,"Veccia","Oguz"
497868,"Roccetti","Weidon"
485990,"Reeken","Ymte"
498258,"Demir","Jahangir"
494352,"Salvesen","Zine"
495137,"Zumaque","Martins"
490554,"Zirintsis","JiYoung"
485376,"Leppanen","Ghassan"
492288,"Munro","Fumitake"
491369,"Hellwagner","Willard"
496773,"Baak","Shaunak"
486336,"Engberts","Persi"
485811,"Waleschkowski","Ziva"
498356,"Baba","Patricia"
497124,"Christ","Sushant"
494566,"Siksek","Shen"
494250,"Ligten","Kristina"
493149,"Parascandalo","Xinyu"
484320,"Sgarro","Pantung"
490234,"Perz","Dipankar"
494546,"Antonakopoulos","Yolla"
499480,"Silva","Kankanahalli"
493696,"Chandrasekhar","Woody"
495589,"Ranka","Aiman"
490853,"Chepyzhov","Rance"
494108,"Marquardt","Kazuhira"
498554,"Iisaka","Munehiko"
497995,"Bala","Hidekazu"
489175,"Bahi","Yucai"
491885,"Denny","Honglan"
486150,"Lores","Jiong"
486809,"Schmittgen","Oldrich"
495684,"Lieblein","Shan"
490406,"Rubsam","Zhongwei"
486413,"Marshall","Shaibal"
497735,"Percebois","Serenella"
482634,"Spell","Subir"
487797,"Chelton","Lobel"
487230,"Birdsall","Macha"
483604,"Wendorf","Subhash"
488064,"Cooley","Mihalis"
484103,"Dechter","Adas"
485941,"Schreiter","Macha"
491466,"Rettelbach","Reinhold"
492623,"Boissier","Gila"
486949,"Perin","Neelam"
487152,"Stamatiou","Radhia"
484102,"Srimani","Bilhanan"
484551,"Camarinopoulos","Toshiko"
490606,"Bazzichi","Shichao"
498977,"Bellmore","Arnd"
499102,"Guenter","Shounak"
499371,"Denis","Nagui"
495702,"Setia","Ziva"
482161,"Serna","Weidon"
488161,"Vandervoorde","Mabo"
489599,"Alencar","Gianluca"
482745,"Peot","Pranas"
491344,"Sundgren","Takahito"
484417,"Itzfeldt","Dung"
482223,"Honiden","Guenter"
494426,"Cannata","Mabhin"
485633,"Ramsay","Nathalie"
484955,"Templeman","IEEE"
495747,"Saoudi","Moto"
487658,"Erdi","Boalin"
487711,"Birta","Khatoun"
489274,"Danner","Joydip"
496066,"Kroha","Doohun"
491164,"Marchesini","Apostol"
493773,"Quittner","Yonghoan"
490907,"Karunanithi","Shrikanth"
497113,"Orlowski","Edwin"
499603,"Birdsall","Atreye"
485330,"Stavenow","Guttorm"
499057,"Magliocco","Zita"
494605,"Kohling","Basim"
487886,"Peak","Kristin"
482350,"Marchegay","Gad"
494663,"Erev","Shen"
490320,"Gajiwala","Demos"
495061,"Zirintsis","Wojceich"
484468,"Fargier","Lobel"
486884,"Bouloucos","Heather"
493403,"Christianini","Garnet"
485105,"Bazelow","Theirry"
494679,"Mitchem","Vishwani"
494557,"Cheshire","Adit"
482092,"Hanabata","Eric"
495595,"Herber","Hideo"
485312,"Montresor","Garnik"
486054,"Kalafatis","Dante"
482326,"Fairtlough","Conal"
499344,"Potthoff","Diederik"
490299,"Ruther","Anyuan"
492124,"Borovoy","Tomofumi"
499727,"Ellozy","Khaled"
487476,"Lindqvist","Sivanarayana"
485856,"Zobel","Paraskevi"
497394,"McFarlan","Kshitij"
496497,"Famili","Arunachalam"
483471,"Jayawardene","Jinya"
484008,"Matheson","Pramod"
495861,"Emmart","Holgard"
495053,"Hatcliff","Yongdong"
493339,"Lindenbaum","Zhongwei"
488981,"Ellozy","Yefim"
490738,"Vakili","Duri"
494329,"Papadias","Kazuhiko"
497646,"Rattan","Saddek"
498583,"Angot","Juichirou"
489554,"Werthner","Goetz"
494099,"Irland","Waiman"
499347,"Schwartzbauer","Ugo"
484232,"Peral","Ziva"
499828,"Slobodova","Rosalie"
498791,"Hiyoshi","Magdalena"
482236,"Peyn","Niranjan"
488731,"Chepyzhov","Kinh"
487579,"Maksimenko","Zhongwei"
496311,"Schaaf","Josyula"
484215,"Akazan","Arco"
491420,"Diderrich","Hauke"
485408,"Peroz","Danai"
490827,"Vitiello","Hyuncheol"
482845,"Sudkamp","Toney"
489410,"Ratnakar","Falguni"
493272,"Blokdijk","Nakhoon"
494744,"Kamber","Stein"
498899,"Akazan","Kasidit"
486198,"Danner","Jaroslava"
493214,"Angelopoulos","Snehasis"
497747,"Schnabel","Jackson"
483594,"Lanphier","Huiqun"
496964,"Mandelberg","Nathan"
486052,"Hainaut","Jianhua"
499695,"Kawashimo","Srinidhi"
486448,"Setiz","Sachar"
491795,"Templeman","Houman"
490263,"Uehara","Xiaopeng"
492715,"Gulik","Tristan"
499698,"Luff","Franziska"
491130,"Speek","Sven"
492618,"Gyorkos","JoAnna"
486669,"Rajaraman","Akeel"
482102,"Cullers","Shimshon"
496070,"Garnham","Sasan"
487222,"Bahi","Arve"
491782,"Koprowski","Piyush"
482555,"Mansanne","Hyuncheol"
499980,"Usery","Gino"
494718,"Trystram","Rayond"
497284,"Silva","Zito"
493081,"Eldridge","Abdelwaheb"
489371,"Hinsberger","Heon"
496361,"Barreiro","Kayoko"
493012,"Georgatos","Satyanarayana"
499752,"Stranks","Palash"
483758,"Marletta","Domenick"
488133,"Streit","Aleksandar"
492601,"Jervis","Mircea"
495955,"Munos","Make"
494491,"Badache","Masaki"
482414,"Czap","Hatim"
485288,"Papastamatiou","Constantijn"
498168,"Stroustrup","Doohun"
492004,"Manderick","Chandrasekaran"
486582,"Anandan","Naftali"
495648,"Kowalchuk","Moni"
484741,"Marakhovsky","Yuguang"
492612,"Matzke","Guangming"
482085,"Unni","Jolita"
492068,"Kakkar","Chuanti"
494130,"Marchegay","Diederik"
496541,"Harnett","Arne"
495967,"Oxenboll","Amstein"
483399,"Wixon","Chaitali"
485487,"Roohalamini","Goetz"
489760,"Theuretzbacher","Fei"
495455,"Basawa","Ottavia"
492054,"Hatcliff","Cheong"
498590,"Melski","Haldun"
484791,"Kushner","Alexius"
493702,"Kropp","Divier"
484636,"Cusworth","Heather"
494740,"Glowinski","Luisa"
491889,"Stifter","Ung"
486711,"Hashii","Atreyi"
493551,"Bridgland","Fox"
495604,"Gadepally","Ugo"
485774,"Coors","Taisook"
483978,"Tanemo","Dung"
486094,"Senzako","Keung"
495365,"Morris","Fox"
497156,"Whitcomb","Jianhua"
496194,"Maliniak","Paddy"
497939,"Millington","Eberhardt"
491899,"Ananiadou","Mary"
493102,"Aamodt","Srinidhi"
491082,"Jeong","Freyja"
494128,"Chiodo","Brewster"
495169,"Mitina","Sachar"
496174,"Staudhammer","Mary"
497444,"Gimarc","Hercules"
497254,"Harbusch","Hausi"
482530,"McConalogue","Doowon"
499180,"Serdy","Limsoon"
491106,"Koblitz","Garnik"
491559,"Taubman","Sanjay"
485885,"Simkin","Raimond"
493690,"Pearson","Tua"
487181,"Rajaraman","Ipke"
484504,"Orlowski","Gou"
489557,"Nittel","Shaowei"
487964,"Leppanen","Dannz"
487269,"Daescu","Uwe"
496119,"Wuwongse","Gal"
492236,"Delgrande","Xiaocheng"
488119,"Peir","Tokuyasu"
494273,"Rotem","Shahab"
490376,"Chleq","Khoa"
493977,"Chandrasekhar","Valter"
488612,"Bernini","Sachio"
491336,"Berztiss","Tsz"
499206,"Kohling","Dmitry"
482250,"Sidhu","Arto"
494941,"Perz","Marsja"
494901,"Pfau","Heather"
482334,"Speer","Kshitij"
497372,"Vickson","Narain"
489512,"Kroll","Dhritiman"
489624,"Malabarba","Odoardo"
490702,"Msuda","Akhilish"
487055,"Dalton","Siddarth"
487969,"Whittlesey","Constantino"
496968,"Narlikar","Hugh"
487150,"Harbusch","Mariangiola"
493663,"Erev","Premal"
495138,"Oxenboll","Adil"
489743,"Benveniste","Youpyo"
495454,"Kropp","Ramzi"
495953,"Krupka","Chriss"
489275,"Ullian","Rajmohan"
498021,"DasSarma","Khatoun"
482541,"Masaki","Teruyuki"
490313,"Budinsky","Ayonca"
486095,"Katzenelson","Tran"
493109,"Bolsens","Avishai"
495633,"Kawashima","Baocai"
492559,"Vrecion","Yurij"
498370,"Bridgland","Kwangsub"
493273,"Restivo","Shounak"
495031,"Cunliffe","Gro"
493701,"Kuhnemann","Susumu"
494386,"Androutsos","Wojceich"
489934,"Anick","Alois"
499836,"Schnelling","Doohun"
493734,"Schmiedel","Mayumi"
493667,"Roohalamini","Muzhong"
485291,"Leijenhorst","Lenore"
498086,"Lipner","Ult"
493091,"Panwar","Jinya"
489579,"Veeraraghavan","Francesca"
499269,"Grandbois","Sanjay"
482113,"Perng","Bernardo"
489590,"Hagimont","Goetz"
497715,"Hasenauer","Krassimir"
499578,"Serot","Jianhao"
492799,"Ramsak","LiMin"
490241,"Ananiadou","Deniz"
483925,"Mayerwieser","Ymte"
485053,"Benantar","Tokuyasu"
487386,"Ramaiah","Byong"
498923,"Itzigehl","Shuky"
489024,"Thiran","Georgi"
486774,"Heystek","Kasidit"
493960,"Vecchi","Guozhong"
497045,"Matzov","Jeong"
486124,"Vecchi","Licheng"
493963,"Poehlman","Junichi"
491742,"Merro","Turgut"
485535,"Maksimenko","Huican"
485528,"Wossner","Arup"
484920,"Bridgland","Marco"
485777,"Siepmann","Piyush"
482459,"Herath","Yoshimitsu"
487438,"Chaudhuri","Arvind"
483804,"Ranum","Atreye"
486537,"Orlowska","Mayuri"
494018,"Gente","Shuji"
483401,"Pokrovskii","Rosita"
488401,"Velasco","Ebru"
496644,"Tischendorf","Krister"
483538,"Merlo","Jackson"
497187,"Pluym","Randy"
488018,"Zweizig","Adamantios"
492344,"Nitta","Xiahua"
483074,"Heijenga","Shigeo"
487260,"Nyrup","Katsuo"
485780,"Kuszyk","Weiwu"
496937,"Thibadeau","Vidar"
486816,"Karnin","Tamiya"
491025,"Kroon","Garnik"
485429,"Speel","Jouni"
499390,"Shinomoto","Zhaofang"
482659,"Passino","Zhenbing"
486861,"Kusakabe","Udaiprakash"
499711,"Haldar","Xiadong"
490444,"Vigier","Dipankar"
496843,"Katalagarianos","Mikhail"
487375,"Beeson","Cullen"
482944,"Journel","Duke"
491536,"Kakkad","Ymte"
499288,"Copas","Atreye"
487008,"Raney","Zhigen"
497023,"Nooteboom","Jamaludin"
488124,"Iacovou","Christoper"
487780,"Hinsberger","Sungwon"
485673,"Eiron","Yechiam"
492272,"Lupu","Aiichiro"
483197,"Vanwelkenhuysen","Kazuhide"
498840,"Muhling","Sudharsan"
492952,"Sudbeck","Aral"
492323,"Stanfel","Houman"
488485,"Schwartzburd","Leszek"
499988,"Kleiser","Bangqing"
495288,"Millington","Sariel"
498624,"Peral","Berna"
492284,"Perng","Howell"
489684,"Herath","Shichao"
488222,"Kleiser","Taisook"
497364,"Schiettecatte","Nahum"
487039,"Syrzycki","Steve"
482184,"Tetzlaff","Abdelghani"
497169,"Famili","Udi"
490145,"Montresor","Claude"
490666,"Ferretti","Tzu"
488103,"Brookner","Udaiprakash"
498005,"Keirsey","Genevieve"
493925,"Lamba","Bedir"
492413,"Coney","Arch"
495321,"Cronin","Sreenivas"
497225,"Hoogerwoord","Tristan"
485008,"Bonifati","Makato"
497573,"Rousseau","Jiann"
486488,"Flowers","Paddy"
497330,"Vilarrasa","Ayakannu"
485532,"Kragelund","Kien"
482375,"Srimani","Murthy"
497462,"Speckmann","Kwangsub"
487398,"Frijda","Arra"
492586,"Knightly","Aamod"
491972,"Honiden","Haldon"
498148,"Kroft","Lillian"
491074,"Baar","Kien"
482849,"Schaad","Matk"
494005,"Honglei","Constantino"
498391,"Lagarias","Kristina"
495050,"Nations","Jagoda"
499823,"Noriega","Changho"
488016,"Erev","Filipe"
490439,"Schlegelmilch","Maha"
487977,"Gopalakrishnan","Yefim"
483876,"Crouzet","Tomofumi"
487097,"Lieblein","Gen"
499379,"Rikino","Denny"
489849,"Perly","Gennadi"
492160,"Gluchowski","Shawna"
497501,"Perz","Xianlong"
493357,"Schmittgen","Demos"
494824,"Seuren","Masaru"
492573,"Greibach","Conal"
497845,"Ramaiah","Nirmal"
490949,"Gerteisen","Vatsa"
482200,"Vesna","Jinpo"
485798,"Georgakopoulos","Barun"
483518,"Morrey","Kazuhiro"
483576,"Comte","Ymte"
483589,"Keirsey","Zijian"
489252,"Guardalben","Gadiel"
498244,"Marakhovsky","Chenxi"
491283,"Panangaden","Jenwei"
487561,"Fontet","Kersti"
491304,"Lamba","Felicidad"
492461,"Rahimi","Chiranjit"
493949,"Terlouw","Zhenhua"
483749,"Koblick","Weidon"
498831,"Syrotiuk","Elliott"
484179,"Murrill","Chenyi"
483877,"Rijsenbrij","Marla"
490640,"Puoti","JoAnna"
488011,"Slaats","Mang"
485413,"Smeets","Eirik"
493654,"Giaccio","Oddvar"
482884,"Zumaque","Goncalo"
482656,"Pocchiola","Zijian"
488841,"Kruskal","Debaprosad"
497235,"Molenkamp","Dzung"
496694,"Luke","Khalil"
482586,"Lortz","Isamu"
491719,"Collette","Steen"
493761,"Arlazarov","Giap"
498067,"Kadhim","Theirry"
495535,"Paciorek","Srinidhi"
499546,"Bernardeschi","Guadalupe"
495484,"Krohm","Hercules"
485490,"Brattka","Zengping"
494440,"Karlin","Chenye"
487374,"Swiss","Jayesh"
487697,"Marciano","Conrado"
496111,"Savasere","Ulises"
494556,"Schusler","Ashish"
487335,"Boudaillier","Ayakannu"
493956,"Matzke","Charmane"
494855,"Murthy","Samphel"
498101,"Fandrianto","Luisa"
490630,"Lenart","Sadok"
494910,"Rothenberg","Valery"
499409,"Marwedel","Waiman"
486561,"Sommen","Jordanka"
492954,"Hanratty","Piyush"
483846,"Merks","Chikara"
489937,"Wossner","Weicheng"
482878,"Denti","Chikara"
499662,"Driscoll","Vatsa"
499587,"Ghazalie","Zine"
482090,"Mawatari","Vidar"
485998,"Pews","Sakthirel"
493846,"Velardi","Vidya"
485093,"Porotnikoff","Marie"
499481,"Matheson","Masamitsu"
488452,"Falby","Uli"
483648,"Facello","Rimon"
493158,"Meriste","Lidong"
490399,"Perry","Doowon"
482669,"Rosaz","Piyush"
491031,"Markovitch","Cullen"
489031,"Dulin","Kinh"
483289,"Perez","Shimshon"
489899,"Hoppenstand","Tomofumi"
486810,"Katalagarianos","Toney"
489791,"Breugel","Marlo"
495543,"Cangellaris","Lorien"
496976,"Nannarelli","Kerhong"
493020,"Rando","Fabrizio"
484129,"Pusterhofer","Arra"
485415,"Nooteboom","Arto"
496811,"Msuda","Feipei"
490772,"Merle","Maik"
492170,"Ushiama","Sakthirel"
494696,"Frolund","Ziva"
493729,"Dratva","Manton"
494755,"Czaja","Sajjan"
492409,"Slaats","Abdelaziz"
491723,"Schrift","Sanjoy"
483844,"Boyle","Zengping"
496426,"Yurov","Akeno"
486752,"Scharstein","Toshimo"
485541,"Wursthorn","Mantis"
483257,"Lorcy","Susanne"
485454,"Ratzlaff","Gadiel"
499275,"Zlotek","Shridhar"
490002,"Kaelbling","Naftaly"
496378,"Narlikar","Masaki"
493303,"Schneeberger","Berry"
498371,"Luga","Girolamo"
498003,"Steinauer","Mohamadou"
488879,"Francisci","Armond"
485809,"Bressoud","Macha"
496720,"Zockler","Srinidhi"
483188,"Awdeh","Yuqun"
482249,"Verspoor","Jiang"
491426,"Roccetti","Ravishankar"
496931,"Krichel","Armond"
488512,"Rikino","Vojin"
495844,"Impagliazzo","Fumiko"
485302,"Vuskovic","Geoffry"
482606,"Thimonier","Lalit"
484827,"Kakkar","Godehard"
487362,"Pouyioutas","Yongmin"
493812,"Brizzi","Bernardo"
493735,"Eickenmeyer","Urs"
485268,"Birch","Heon"
487288,"Pargas","Miquel"
492353,"Bonifati","Dines"
490089,"Sgarro","Mani"
491987,"Foong","Francoise"
491374,"Solares","Kwee"
482105,"Barvinok","Akemi"
488628,"Jumpertz","Janche"
484583,"Jording","Xiping"
487254,"Kitsuregawa","Beshir"
487967,"Gill","Kwan"
487871,"Panwar","Mantis"
493088,"Uhrik","Kokou"
496569,"Kaltofen","Shuky"
490397,"Heuter","Sorina"
492449,"Verspoor","Leen"
487865,"Hanabata","Sivanarayana"
483223,"Usery","Gadiel"
487700,"Mayerwieser","Kazuhira"
489655,"Lagarias","Abdulla"
487514,"Falco","Kristine"
497016,"Speel","Breannda"
497249,"Perin","Mingdong"
486315,"Chorvat","Sadok"
495476,"Krider","Fan"
482069,"Shobatake","Susanna"
498171,"Rijckaert","Mohan"
491969,"Tokunaga","Piyawadee"
499590,"Juneja","Kiam"
485514,"Quaggetto","Georgy"
486696,"Kaltofen","Bedrich"
498117,"Schneeberger","Sorina"
492445,"Bain","Chaoyi"
491294,"Yeung","Siamak"
492287,"Cichocki","Kwangyoen"
498592,"Zielinski","Fumitake"
484461,"Caine","Karsten"
498050,"Strooper","Martina"
489306,"Openshaw","Odysseas"
498013,"Schaaf","Jiafu"
497237,"McFarlin","Gregory"
496472,"Carrere","Gilbert"
491415,"Nations","Sanjoy"
483283,"Gimarc","Fox"
496395,"Birjandi","Nevin"
487071,"Klyachko","Khoa"
488584,"Mungall","Sham"
498998,"Syrzycki","Cheong"
498587,"Gecsel","Shao"
495942,"Gunderson","Roddy"
488437,"Henseler","Vasilii"
494400,"Schicker","Yongqiao"
494303,"Schonegge","Elgin"
485902,"Berendt","Sailaja"
499730,"Heusch","Feixiong"
482508,"Streit","Bingning"
496876,"Speek","Tsutomu"
496396,"Przulj","Stein"
487806,"Angelopoulos","Shigehiro"
497740,"Cardazo","Aemilian"
493157,"Stamatiou","Shaowen"
493849,"Grandbois","Shigeaki"
489913,"DuCasse","Padma"
482529,"Fargier","LiMin"
490083,"Schoegge","Kwok"
488679,"Swan","Lijia"
483139,"Marshall","Shaowen"
495460,"Penn","Fan"
486556,"Eldridge","Yuguang"
487766,"Panangaden","Kwangyoen"
484573,"Passafiume","Stafford"
498219,"Schade","Christophe"
482824,"Danlos","Mani"
491601,"Lampe","Bader"
496685,"Bonifati","Valeska"
487103,"Skafidas","Kauko"
495641,"Ferretti","Guenter"
485058,"Curless","Jamaludin"
491295,"Goldhammer","Clyde"
492174,"Fiebach","Arve"
499531,"Perri","Itzchak"
485766,"Esteva","Horward"
482758,"Roisin","Frazer"
496205,"Narwekar","Hatim"
483715,"Lieblein","Shawna"
496744,"Raney","Bingning"
491764,"Diderrich","Mayuri"
485800,"Irland","Pranas"
498670,"Menyhert","Aram"
484323,"Vilarrasa","Dung"
485549,"Ohori","Kamran"
492641,"Azulay","Mori"
490023,"Marshall","Kazuhiko"
488674,"Ressouche","Uri"
498912,"Chorvat","Yongmin"
490875,"Peyn","Kwun"
487237,"Vieri","Giordano"
482718,"Birjandi","Xuedong"
494917,"Straney","Abdulla"
489305,"Welham","Constantijn"
